0000000000000000000000000000011000000000000000001111000000000000000010011000000000000001000010000000000000010000100000000000001100001100000000000010000001000000000000100000010000000000011000000010000000000111111111100000000001000000001000000000010000000010000000001000000000010000000010000000000100000000100000000001000000001000000000010000000100000000000100000001000000000001000000000000000000000000
0000000000000000000000000000001110000000000000000110010000000000000011000100000000000000100001100000000000011000001000000000000100000010000000000011000000100000000000100000000100000000010000000001000000000100000000010000000010111111111100000000100000000000100000011000000000001000000100000000000011000011000000000000010000100000000000000100010000000000000000100000000000000000001100000000000000000001
0000000000000000000000000000001110000000000000000110010000000000000011000100000000000001100000100000000000010000001000000000001100000010000000000010000000100000000000100000001000000000010000000010000000000100000000100000000001111111111000000000100000000010000000001000000000100000000010000000001000000001100000000010000000010000000000100000000100000000010000000001000000000100000000000000000000000000
0000000000110000000000000000010110000000000000001100100000000000000010001000000000000000100010000000000000010000100000000000000100001000000000000001000010000000000000100000100000000000001000001000000000000011111110000000000001000000100000000000010000001000000000000100000010000000000001000000100000000000010000001000000000000100000110000000000001000000000000000000000000000000000000000000000000000000
0000000000000000000000000000000000000000000000000111000000000000000011010000000000000000100100000000000000001000100000000000000100001000000000000001000010000000000000110000100000000000001000000100000000000011111111000000000000100000010000000000010000000100000000000100000001000000000001000000010000000000010000000110000000001000000000100000000000000000011000000000000000000000000000000000000000000000
0000000000111000000000000000001010000000000000000100100000000000000001000100000000000000010001000000000000001000010000000000000010000100000000000000100000100000000000010000001000000000000100000010000000000001000000100000000000111111111100000000001000000010000000000010000000100000000001000000001000000000010000000010000000000100000000100000000010000000001000000000100000000010000000001000000001100000
0000000000000000000000000000000000000000000000000111000000000000000011001000000000000000100011000000000000010000010000000000000100000110000000000011000000100000000000100000001100000000001000000001000000000100000000010000000001111111111110000000110000000000100000001000000000001000000010000000000010000001000000000000010000010000000000000100001000000000000001000010000000000000010000000000000000000000
0000000000000000000000000000001110000000000000000110100000000000000011001100000000000000100001000000000000001000010000000000000100000100000000000001000001000000000000100000010000000000001000011111100000000011111000100000000001000000001000000000010000000010000000000100000000100000000010000000001000000000100000000010000000010000000000100000000000000000001000000000000000000010000000000000000000000000
0000000000000000000000000000111000000000000000011001000000000000000100001000000000000010000010000000000000100000010000000000010000000100000000000100000001000000000011000000001000000000100000000010000000001000000001100000000111111111101000000001000000000010000000010000000000100000001000000000001000000010000000000001000000100000000000010000010000000000000100000100000000000001000000000000000000000000
0000000000000000000000000000011000000000000000001010000000000000000110100000000000000001000100000000000000110001000000000000001000010000000000000010000100000000000001000000100000000000010000001000000000001011111110000000000010000000010000000000100000000100000000010000000001000000000100000000001000000010000000000010000000100000000000100000010000000000001000000000000000000000000000000000000000000000
0000000000000000000000000000100000000000000000001100000000000000000111100000000000000001001000000000000000010001000000000000001100011000000000000010000011000000000000100000010000000000001000000110000000000101111110100000000001000000001100000000110000000001000000001000000000010000000110000000000010000001000000000001100000010000000000000000001000000000000000000000000000000000000000000000000000000000
0000000000000000000000000000000000000000000000000110000000000000000001100000000000000000110100000000000000001001000000000000000010010000000000000001100010000000000000010000100000000000000100001000000000000010111111000000000000100000010000000000001000000110000000000110000000100000000001000000001000000000110000000001000000001000000000010000000000000000000110000000000000000000000000000000000000000000
0000000000000000000000000000000000000000000000000000000000000000000011000000000000000000111000000000000000001010000000000000000110100000000000000001000100000000000000010001000000000000000101111000000000000001000000000000000000010000100000000000001100000100000000000010000001000000000000100000011000000000000000000010000000000000000000000000000000000000000000000000000000000000000000000000000000000000
0000000000000000000000000000000000000000000000000011000000000000000001110000000000000000010110000000000000001100100000000000000010001000000000000001100001000000000000010000010000000000000100000110000000000011111111100000000000100000001000000000010000000010000000000100000000010000000011000000000100000000100000000001100000011000000000001000000100000000000010000000000000000000000000000000000000000000
0000000000000000000000000000001100000000000000000011000000000000000000110000000000000000010100000000000000000100100000000000000001001000000000000000100010000000000000001000010000000000000110011100000000000001011100100000000000010000001000000000001000000010000000000010000000010000000001100000000100000000010000000001000000000100000000001000000000000000000010000000000000000000000000000000000000000000
0000000000000000000000000000000100000000000000000011000000000000000000110000000000000000011010000000000000000100100000000000000001001000000000000000100010000000000000001000010000000000000110000100000000000001011111100000000000100000001000000000001000000010000000000110000000010000000001000000000100000000010000000001100000001000000000001000000010000000000010000000000000000000000000000000000000000000
0000000000000000000000000000000000000000000000000000000000000000000000110000000000000000010100000000000000000101100000000000000011001000000000000000100010000000000000001000110000000000000010000100000000000001000001100000000000010111111000000000000101000010000000000010000000010000000000100000000100000000010000000001100000001100000000001000000000000000000000000000000000000000000000000000000000000000
0000000000000000000000000000000000000000000000000000000000000000000000100000000000000000011100000000000000000101000000000000000001010000000000000000100110000000000000001000100000000000000110001000000000000001000001000000000000010001110000000000000100100100000000000010000001100000000000100000001000000000011000000011000000000100000000010000000000000000000100000000000000000001100000000000000000000000
0000000000000000000000000000000000000000000000000000000000000000000000000000000000000000001000000000000000000111000000000000000001010000000000000000110100000000000000001001000000000000000110001000000000000001000010000000000000110111100000000000001000000100000000000010000001000000000001000000011000000000110000000010000000001000000000110000000000000000000100000000000000000000000000000000000000000000
0000000001100000000000000000111100000000000000001001100000000000000100001000000000000011000011000000000000100000010000000000001000000100000000000100000000100000000001000000001000000000010111111110000000001011000000110000000010000000000100000000100000000001000000001000000000010000000110000000000100000001000000000001000000010000000000010000000100000000001100000001000000000000000000000000000000000000
0000000001000000000000000000111100000000000000010000100000000000000100001100000000000010000001000000000000100000010000000000010000000010000000000100000000100000000001000000000100000000010000000001000000001000000000010000000011111111111100000000100000000000100000001000000000001000000010000000000010000001100000000000100000010000000000001000000100000000000110000001000000000000000000000000000000000000
0000000000000000000000000000000000000000000000001110000000000000000110110000000000000011000110000000000000100000100000000000001000001100000000000100000001000000000001000000010000000000010000000010000000000100000000100000000010111111111000000000100000000010000000001000000000010000000010000000000100000000100000000001000000001000000000010000000010000000000100000000000000000000000000000000000000000000
0000000000000000000000000000001000000000000000001111000000000000000110001000000000000001000011000000000000110000010000000000001000000100000000000010000000100000000001000000001000000000010000000011000000000100000000010000000011111111110100000000100000000001000000001000000000010000000110000000000100000001000000000000100000010000000000001000000100000000000010000000000000000000000000000000000000000000
0000000000000000000000000000000000000000000000001000000000000000000101100000000000000010001100000000000000100001000000000000001000001000000000000100000010000000000001000000010000000000010000000100000000000111111111110000000001000000001000000000110000000010000000001000000000010000000010000000000100000000100000000001000000001000000000010000000010000000000100000000000000000001000000000000000000000000
0000000000000000000000000000111000000000000000001011000000000000000010010000000000000001000100000000000000010000100000000000000100001000000000000010000001000000000000100000010000000000001000000100000000000101111100100000000001000001111100000000010000000010000000000100000000010000000011000000000100000000100000000001000000001000000000010000000010000000000100000000000000000000000000000000000000000000
0000000111100000000000000011001100000000000000100001000000000000011000001000000000000100000010000000000001000000010000000000100000000100000000001000000001000000000100000000001000000001000000000010000000011111111111100000000100000000001100000001000000000010000000100000000000010000001000000000000100000010000000000001000000100000000000010000001000000000001100000000000000000000000000000000000000000000
0000000000001110000000000000001100110000000000001100000100000000000010000001000000000001000000010000000000110000000100000000001000000001000000000010000000010000000001000000000100000000010000000001000000001111111111010000000010000000001100000000100000000010000000010000000000100000000100000000001000000001000000000010000000010000000000100000001000000000001000000010000000000110000000000000000001000000
0000000000000000000000000000000000000000000000000110000000000000000011110000000000000001100110000000000000010000100000000000000100001000000000000010000001000000000000100000010000000000001000000100000000000100000000100000000001111100001000000000010000111110000000001000000000100000000010000000001000000000100000000010000000001000000000010000000010000000000100000000100000000001000000000000000000000000
0000000000000000000000000000111100000000000000001001100000000000000100001000000000000011000011000000000000100000010000000000001000000010000000000100000000100000000001000000001000000000111100000010000000001001111111110000000010000000000100000000100000000001000000010000000000011000000100000000000010000001000000000000100000010000000000001000000100000000000110000000000000000001100000000000000000000000
0000000000000000000000000000000000000000000000000111000000000000000001010000000000000000100110000000000000011000100000000000000100001100000000000010000001000000000001000000010000000000010000000010000000001111111111100000000010000000011100000001000000000001000000010000000000010000001000000000000100000010000000000001100001000000000000001000010000000000000010000000000000000001100000000000000000000000
0000000000110000000000000000011100000000000000000101100000000000000011001000000000000000100011000000000000011000010000000000000100000100000000000011000001100000000000100000001000000000010000000011000000000110011111010000000010011100011100000000100000000000100000010000000000001000001100000000000001000010000000000000010001100000000000000100010000000000000001101100000000000000001000000000000000000011
0000000001110000000000000000010100000000000000001101100000000000000010001000000000000001100011000000000000010000010000000000000100000110000000000010000000100000000000100000001000000000010000000001000000000101111111111000000010000000000100000001100000000001100000010000000000001000001100000000000011000010000000000000010001100000000000000110010000000000000000101100000000000000001100000000000000000001
0000000000110000000000000000001010000000000000000110100000000000000011001100000000000000100001000000000000011000001000000000000100000010000000000011000000010000000000100000000100000000011100000000100000000101111111111000000010000000000111000000100000000000010000010000000000000100000100000000000001000010000000000000001001100000000000000010010000000000000000100100000000000000001100000000000000000001
0000000000110000000000000000011100000000000000001101100000000000000010001000000000000001100011000000000000010000010000000000001100000010000000000010000000100000000000100000000100000000010000000001100000001111110000011000000010000111111111000001100000000000010000010000000000000100001100000000000000100010000000000000001001000000000000000010010000000000000000011100000000000000000100000000000000000001
0000000000100000000000000000011100000000000000001101100000000000000010001000000000000001000010000000000000110000010000000000001000000100000000000010000001100000000001000000001000000000111111000010000000001000011111110000000010000000011100000001000000000001100000010000000000001000001000000000000001000010000000000000010001100000000000000010010000000000000000101100000000000000001000000000000000000010
0000000000110000000000000000011110000000000000000100100000000000000011001000000000000000100010000000000000001000110000000000000100000100000000000001000001000000000000110000011000000000001000000010000000000111111111110000000001000000011100000000100000000000100000001000000000001000000100000000000011000011000000000000010000100000000000000100010000000000000001100100000000000000001010000000000000000010
0000000001100000000000000000011000000000000000001001000000000000000010011000000000000001000010000000000000010000110000000000001100000100000000000010000001000000000000100000001000000000010000000010000000001111111111110000000010000000000100000000100000000001100000010000000000001000001100000000000010000010000000000000010001100000000000000100010000000000000001100000000000000000001000000000000000000011
0000000000111000000000000000001010000000000000000110100000000000000011001100000000000000100001000000000000010000011000000000000100000010000000000010000000100000000000100000000100000000011000000001000000001111111111111000000010000000000010000001100000000000100000010000000000001100001000000000000001000010000000000000011001000000000000000010010000000000000000101100000000000000001110000000000000000001
0000000001100000000000000000111100000000000000001001000000000000000010010000000000000001100110000000000000010000100000000000001000001000000000000010000001000000000001100000010000000000010000000110000000001111111111100000000010000000011100000001100000000001000000010000000000010000001000000000000010000010000000000000100001000000000000001100010000000000000001001100000000000000010000000000000000000110
0000000000110000000000000000011100000000000000000101100000000000000010001000000000000001100010000000000000010000010000000000001100000100000000000010000001100000000000100000001000000000010000000010000000000111111111010000000010000000011100000001100000000001100000010000000000001000001000000000000010000010000000000000100001000000000000000100010000000000000001000000000000000000011000000000000000000010