0000000000000000000000000000000000000000000000000001111000000000000001100011100000000001100000000000000000010000000000000000001000000000000000000100000000000000000001000000000000000000110000000000000000001000000000000000000010000000000000000000100000000000000000001100000000000000000001000000000000000000011000000000000000000001111111110000000000000000000000000000000000000000000000000000000000000000
0000000000000000000000000000000000000000000000011111100000000000011100000000000000000100000000000000000010000000000000000000100000000000000000001000000000000000000100000000000000000001000000000000000000010000000000000000000010000000000000000000100000000000000000001000000000000000000011000000000000000000011000000000000000000011000000000000000000011111111000000000000000000000000000000000000000000000
0000000000000000000000000000000110000000000000001110111100000000000100000001100000000100000000000000000011000000000000000000100000000000000000010000000000000000000100000000000000000001000000000000000000010000000000000000000100000000000000000001000000000000000000010000000000000000000110000000000000000000110000000111000000000011111110000000000000000000000000000000000000000000000000000000000000000000
0000000000000000000000000000011111000000000000011100001100000000001000000000000000000100000000000000000010000000000000000001100000000000000000010000000000000000000100000000000000000010000000000000000000100000000000000000001000000000000000000010000000000000000000010000000000000000000100000000000000000000100000000001000000000111000111100000000000001111000000000000000000000000000000000000000000000000
0000000000000000000000000000000000000000000000001111111100000000000110000001000000000010000000000000000001000000000000000000110000000000000000001000000000000000000110000000000000000001000000000000000000010000000000000000000100000000000000000001000000000000000000011000000000000000000010000000000000000000110000000000000000000011100000000000000000001111111000000000000000000000000000000000000000000000
0000000000000000000000000000000000000000000000000111111100000000000111000000000000000110000000000000000011000000000000000001100000000000000000010000000000000000000100000000000000000001000000000000000000010000000000000000000100000000000000000001000000000000000000011000000000000000000010000000000000000000110000000000000000000110000000000000000000011000010000000000000011111100000000000000000000000000
0000000000000000000000000000000000000000000000000111111100000000000111000000000000000011000000000000000001000000000000000000110000000000000000001000000000000000000010000000000000000001000000000000000000010000000000000000000100000000000000000000100000000000000000001000000000000000000011000000000000000000011000000000000000000011000000000000000000001111100000000000000000000000000000000000000000000000
0000000000000000000000000000000000000000000000000111110000000000000111000000000000000111000000000000000001000000000000000000100000000000000000001000000000000000000010000000000000000000100000000000000000001000000000000000000010000000000000000000100000000000000000001000000000000000000011000000000000000000011000000000000000000011100000000000000000001111000110000000000000001111000000000000000000000000
0000000000000000000000000000000000000000000000001111111000000000001100000000000000001100000000000000000110000000000000000011000000000000000000100000000000000000001000000000000000000100000000000000000001000000000000000000010000000000000000000110000000000000000000100000000000000000001100000000000000000001100000000000000000001111111111000000000000000000000000000000000000000000000000000000000000000000
0000000000000000000000000000011111100000000000011100000110000000001100000000000000000110000000000000000011000000000000000000100000000000000000010000000000000000000100000000000000000011000000000000000000100000000000000000001000000000000000000010000000000000000000010000000000000000000110000000000000000000011000000000000000000001110011000000000000000111100000000000000000000000000000000000000000000000
0000000000000000000000000000011100000000000000011000000000000000011000000000000000001100000000000000000110000000000000000011000000000000000000100000000000000000001000000000000000000010000000000000000000100000000000000000001000000000000000000010000000000000000000110000000010000000000110000011100000000000111111100000000000000000000000000000000000000000000000000000000000000000000000000000000000000000
0000000000000000000000000000000000000000000000000111110000000000000111000000000000000011000000000000000001100000000000000000010000000000000000001100000000000000000010000000000000000000100000000000000000000100000000000000000001000000000000000000010000000000000000000110000000010000000000110000011000000000000011111100000000000000000000000000000000000000000000000000000000000000000000000000000000000000
0000000000000000000000000000000000000000000000000001100000000000000011100000000000000001100000000000000000100000000000000000010000000000000000001100000000000000000010000000000000000000100000000000000000001000000000000000000010000000000000000000100000000000000000000100000000000000000001100000000000000000001100111000000000000001111000000000000000000000000000000000000000000000000000000000000000000000
0000000000000000000000000000000000000000000000000111110000000000000111000000000000000011000000000000000001100000000000000000100000000000000000011000000000000000000100000000000000000001000000000000000000110000000000000000001000000000000000000010000000000000000000010000000000000000000100000000000000000001100000000000000000000111000111100000000000011111000000000000000000000000000000000000000000000000
0000000000000000000000000000000000000000000000000111110000000000000111000000000000000011000000000000000001100000000000000000110000000000000000001000000000000000000110000000000000000001000000000000000000010000000000000000000100000000000000000001000000000000000000010000000000000000000100000000000000000001100000000000000000001100000000001000000000111100011100000000000001111100000000000000000000000000
0000000000000000000000000000000000000000000000000011100000000000000011000000000000000011000000000000000001100000000000000000110000000000000000001000000000000000000010000000000000000000100000000000000000001000000000000000000010000000000000000000100000000000000000001000000000000000000010000000000000000000010000000001000000000011000011110000000000001111100000000000000000000000000000000000000000000000
0000000000000000000000000000000011000000000000000111100000000000000111000000000000000011000000000000000001000000000000000000110000000000000000001000000000000000000010000000000000000001000000000000000000010000000000000000000100000000000000000000100000000000000000001000000000000000000001000000000011000000001100000011100000000001111111100000000000000000000000000000000000000000000000000000000000000000
0000000000000000000000000000000111000000000000001111000000000000001110000000000000000110000000000000000011000000000000000001100000000000000000010000000000000000001100000000000000000010000000000000000000100000000000000000001000000000000000000011000000000000000000010000000000000000000110000000000000000000100000000000100000001100000000011000000000111000111100000000000011110000000000000000000000000000
0000000000000000000000000000000000000000000000000111100000000000000111000000000000000011000000000000000001100000000000000000110000000000000000001000000000000000000110000000000000000001000000000000000000010000000000000000000110000000000000000000100000000000000000001000000000000000000001000000000100000000011100000011000000000001110011000000000000000011100000000000000000000000000000000000000000000000
0000000000000000000000000000000000000000000000000111111000000000000111000000000000000011000000000000000001100000000000000000110000000000000000001000000000000000000100000000000000000001000000000000000000010000000000000000000100000000000000000001000000000000100000010000000000010000000100000000000100000001100000000011000000001000000000100000000011000000110000000000001111111000000000000000000000000000
0000000000011110000000000000111000000000000000110000000000000000110000000000000000010000000000000000001100000000000000000010000000000000000001000000000000000000100000000000000000001000000000000000000010000000000000000000100000000000000000001000000000000000000011000000000000000000010000000000000000000010000000000000000000010000000000000010000110000000000001100000110000000001100000000011111111100000
0000000000000011000000000000000111000000000000000110000000000000000110000000000000000010000000000000000001000000000000000000100000000000000000001000000000000000000100000000000000000001000000000000000000100000000000000000001000000000000000000010000000000000000000100000000000000000001100000000000000000001000000000000000000001000000000000110000001100000011110000000000111111000000000000000000000000000
0000000000000000100000000000000001111000000000000011100000000000000001000000000000000001100000000000000001100000000000000000100000000000000000010000000000000000001000000000000000000110000000000000000001000000000000000000010000000000000000000100000000000000000001000000000000000000001000000000000000000011000000000000000000011000000000000000000001100000000001100000001111000011110000000000001111100000
0000000000000001000000000000000111110000000000000011000000000000000111000000000000000011000000000000000001000000000000000000100000000000000000001000000000000000000100000000000000000001000000000000000000100000000000000000001000000000000000000010000000000000000000100000000000000000001000000000000000000001000000000000000000010000000000000000000010000000000000010000011000000000001100000001111111111100
0000000000011111100000000000111000000000000000011000000000000000011000000000000000001100000000000000000100000000000000000011000000000000000000100000000000000000001000000000000000000100000000000000000001000000000000000000010000000000000000000100000000000000000001000000000000000000011000000000000000000010000000000000000100110000000000000110000111000000001110000000011111111100000000000000000000000000
0000000000001110000000000000001100000000000000001100000000000000000100000000000000000110000000000000000001000000000000000001100000000000000000010000000000000000001000000000000000000010000000000000000001100000000000000000010000000000000000000100000000000000000000100000000000000000001000000000000000000011000000000000000000011000000000000000000011100000000000010000001111000000111100000000001111110000
0000000000001111100000000000001100000000000000001100000000000000001100000000000000000100000000000000000110000000000000000001000000000000000000100000000000000000010000000000000000000100000000000000000001000000000000000000010000000000000000000100000000000000000001000000000000000000001000000000000000000001000000000000000000001000000000000000000001100000000000000000000011100000010100000000000010110000
0000000000000000000000000000111111110000000000011000000110000000011000000000000000001000000000000000000110000000000000000001000000000000000000100000000000000000001000000000000000000010000000000000000000100000000000000000001000000000000000000010000000000000000000010000000000000000000100000000000000000001100000000000000000001100000000000000000000111000000000000000000001111111000000000000000000000000
0000000000000000000000000000011000000000000000111011110000000000110000000000000000001000000000000000000100000000000000000010000000000000000000100000000000000000001000000000000000000100000000000000000001000000000000000000010000000000000000000010000000000000000000100000000000000000001100000000000000000001000000000000000000001100000000000000000000110000001000000000000111111100000000000000000000000000
0000000000111111100000000000111000000000000000011000000000000000001100000000000000000110000000000000000011000000000000000000100000000000000000001000000000000000000110000000000000000001000000000000000000011000000000000000000010000000000000000000100000000000000000001000000000000000000011000000000000000000011000000000000000000011000000000000000000011111111110000000000000000000000000000000000000000000
0000000000000111100000000000001111000000000000001100000000000000001100000000000000000110000000000000000011000000000000000000100000000000000000011000000000000000000100000000000000000001000000000000000000010000000000000000000100000000000000000001000000000000000000010000000000000000000100000000000000000001100000000000000000001100000000000000000001110000000000000000000111111111100000000000000000000000
0000000000000000000000000000011111111000000001111000000000000000110000000000000000001000000000000000000110000000000000000001000000000000000000010000000000000000001100000000000000000010000000000000000000100000000000000000001000000000000000000010000000000000000000110000000000000000000100000000000000000001100000000000000000000111100000000000000000001111111111000000000000000000000000000000000000000000
0000000000000000000000000000011111111000000000011100000000000000011100000000000000001100000000000000000110000000000000000001000000000000000000110000000000000000001000000000000000000010000000000000000000100000000000000000011000000000000000000100000000000000000001000000000000000000011000000000000000000011000000000000000000011110000000000000000000111111111111000000000000000000000000000000000000000000
0000000000000000000000000000001111111000000000011110000000000000001100000000000000000110000000000000000010000000000000000001100000000000000000010000000000000000000100000000000000000001000000000000000000100000000000000000001000000000000000000010000000000000000000010000000000000000000100000000000000000001100000000000000000001110000000000000000000111111111111000000000000000000000000000000000000000000
0000000000000000000000000000011111111000000000111100000000000000011000000000000000001100000000000000000110000000000000000001000000000000000000110000000000000000001000000000000000000010000000000000000000100000000000000000001000000000000000000010000000000000000000100000000000000000001100000000000000000001100000000000000000001100000000000000000000111111111111000000000000000000000000000000000000000000
0000000000000000000000000000000111110000000000000111000000000000000111000000000000000011000000000000000001100000000000000000110000000000000000001000000000000000000110000000000000000001000000000000000000010000000000000000000100000000000000000001000000000000000000010000000000000000000110000000000000000000110000000000000000000111000000000100000000011111111111000000000000000000000000000000000000000000
0000000000000001100000000000000111110000000000000110000000000000000110000000000000000010000000000000000001000000000000000000110000000000000000011000000000000000000100000000000000000001000000000000000000110000000000000000001000000000000000000001000000000000000000010000000000000000000100000000000000000001100000000000000000001100000000000000000001110000000000000000000111111110000000000000000000111000
0000000000011110000000000000111100000000000000011000000000000000001100000000000000000010000000000000000001100000000000000000010000000000000000000100000000000000000010000000000000000000100000000000000000001000000000000000000010000000000000000000100000000000000000001000000000000000000011000000000000000000010000000000000000000010000000000000000000011000000000000000000011111111111100000000000000000000
0000000000000111000000000000111111010000000000111000000000000000110000000000000000011000000000000000000100000000000000000011000000000000000000100000000000000000001000000000000000000010000000000000000000100000000000000000011000000000000000000100000000000000000001100000000000000000001000000000000000000010000000000000000000110000000000000000000111100000000000000000001111111111100000000000000000000000
0000000000000000000000000000001111000000000001111110011110000000100000000000000000010000000000000000001100000000000000000010000000000000000000100000000000000000010000000000000000000100000000000000000001000000000000000000001000000000000000000010000000000000000000110000000000000000000110000000000000000000111000000000000000000011110000011000000000000011111100000000000000000000000000000000000000000000