0000000000000000000000000000111000000000000000111011110000000000011000000110000000000100000000010000000010000000000100000000100000000001000000001000000000010000000010000000000100000000100000000001000000001000000000010000000010000000001100000000100000000010000000001000000001100000000010000000110000000000100000110000000000001111111000000000000001000000000000000000000000000000000000000000000000000000
0000000000000000000000000000000000000000000000111111100000000000011000000110000000000100000000110000000001000000000100000000010000000000100000000100000000001000000001000000000010000000010000000000100000000100000000001000000001000000000100000000010000000011000000000100000000100000000001000000010000000000010000001100000000000100001100000000000001111110000000000000001100000000000000000000000000000000
0000000000000000000000000001111110000000000001100000011000000000010000000011000000001000000000010000000010000000000010000000100000000000100000001000000000011000000010000000000100000000100000000001000000001000000000100000000010000000011000000000100000001100000000001000000110000000000010000011000000000000100011000000000000001111000000000000000011000000000000000000000000000000000000000000000000000000
0000000000000000000000000000000000000000000000001110000000000000001110111100000000000010000001100000000000100000001000000000011000000001000000000100000000010000000001000000001100000000010000000010000000000100000000100000000001000000010000000000010000001100000000000100000110000000000001000011000000000000010001100000000000000111100000000000000000000000000000000000000000000000000000000000000000000000
0000000011000000000000000111001111000000000001000000011100000000010000000001100000000100000000001000000001000000000011000000010000000000110000000100000000001000000001000000000010000000010000000000100000000100000000010000000001000000001100000000010000000010000000000100000001000000000001000000100000000000010000110000000000000100111000000000000001110000000000000000000000000000000000000000000000000000
0000000000000000000000000000111110000000000000011000110000000000001100000010000000000010000000100000000001100000000100000000010000000001000000000100000000001000000001000000000010000000110000000000100000001000000000001000000010000000000100000000100000000001000000001000000000100000000010000000011000000000100000011000000000001111111000000000000000000000000000000000000000000000000000000000000000000000
0000000000000000000000000000000000000000000000000000000000000000001111000000000000000110001110000000000001000000011000000000010000000010000000000100000000010000000001000000000100000000010000000001000000000100000000110000000001000000001000000000010000000110000000000100000010000000000001000011000000000000010011100000000000000111100000000000000000000000000000000000000000000000000000000000000000000000
0000000000000000000000000011110000000000000001100011100000000000010000000110000000000100000000010000000001000000000110000000010000000000100000000100000000001000000010000000000010000000100000000001100000001000000000010000000010000000001100000000100000000010000000001000000011000000000010000000100000000001100000110000000000010000110000000000000101110000000000000000110000000000000000000000000000000000
0000000000000000000000000000000000000000000000000000000000000000001111110000000000000110000111000000000001000000001000000000010000000001000000000100000000010000000001000000000100000000010000000001000000000100000000100000000001000000011000000000010000001100000000000100000110000000000001000011000000000000010001000000000000000101100000000000000001100000000000000000000000000000000000000000000000000000
0000000000000000000000000001111100000000000000100000110000000000001000000110000000000100000000110000000001000000000100000000010000000001000000000100000000010000000001000000000100000000010000000001000000000100000000100000000000000000001000000000010000000100000000000100000010000000000001000011000000000000010001100000000000000101100000000000000011100000000000000000010000000000000000000000000000000000
0000000000000000000000000000000000000000000000001000000000000000001111111000000000000010000011000000000000100000010000000000001000000010000000000010000000100000000000100000001000000000001000000001000000000011000000100000000000010000001000000000000100000010000000000001000000100000000000010000010000000000000100001100000000000001100110000000000000001011000000000000000011100000000000000000000000000000
0000000000000000000000000011111100000000000000000001111000000000100000000011000000001000000000011000000010000000000011000000110000000000010000000100000000000100000001000000000001000000010000000000010000000100000000001100000001000000000010000000010000000000100000000100000000011000000001000000000100000000010000000010000000000100000001100000000001000000110000000000010001110000000000000111110000000000
0000000000000000000000000011111110000000000001000000110000000000010000000010000000000100000000010000000001000000000100000000010000000001000000000100000000010000000001000000000100000000010000000001000000000100000000010000000001000000000100000000010000000011000000000100000000100000000001000000011000000000011000001100000000000010000110000000000000100111000000000000000110000000000000000000000000000000
0000000000000000000000000011111111000000000000100000001100000000001000000001000000000010000000010000000000100000000100000000001000000001000000000010000000010000000000100000000100000000001000000001000000000010000000110000000000100000001000000000001000000110000000000010000001000000000000100000100000000000001000111000000000000010111000000000000000111000000000000000000000000000000000000000000000000000
0000000000000000000000001111111000000000000100000001110000000001000000000110000000010000000000010000000100000000000110000001000000000000100000010000000000001000000010000000000010000000100000000000100000001000000000011000000010000000000100000000100000000001000000001000000000110000000010000000011000000000100000001100000000001000000110000000000010000011000000000000110111000000000000001111000000000000
0000000000000000000000000111111000000000000010000011111100000000100000000001100000001100000000001000000001000000000001000000010000000000010000000100000000000100000001000000000001000000010000000000010000000100000000000100000001000000000011000000010000000000100000000100000000011000000001000000001100000000010000001110000000000100001110000000000001001110000000000000001100000000000000000000000000000000
0000000000000000000000000001110000000000000001100111000000000000010000011100000000000100000001100000000001000000001100000000010000000001100000000100000000001000000001000000000010000000010000000000100000000100000000001000000001000000000010000000010000000001100000000100000000010000000001000000001100000000010000001100000000000100000110000000000001001111000000000000011110000000000000000000000000000000
0000000000000000000000000011110000000000000001100011000000000000010000001100000000000100000001100000000001000000001100000000010000000001000000000100000000011000000001000000000010000000010000000000100000000100000000001000000001000000000010000000010000000001100000000100000000010000000001000000001100000000010000000110000000000100000011000000000001000011000000000000011111100000000000000011000000000000
0000000000000000000000000011110000000000000001100111100000000000010000001100000000000100000001100000000001100000001100000000001000000001000000000010000000011000000000100000000010000000001000000000100000000010000000011000000000100000000100000000001000000001000000000010000000110000000000100000001000000000001000000100000000000010000011000000000000100011000000000000001111100000000000000000000000000000
0000000000000000000000000011111000000000000000100011100000000000001000001100000000000010000001100000000000100000001100000000001000000001100000000010000000001000000000100000000011000000001000000000010000000010000000000100000000100000000001000000001000000000010000000110000000000100000001000000000011000000011000000001100000000010000000110000000000110000111000000000000111111000000000000000000000000000
0000000011110000000000000001000011000000001000100000001100000010011000000001000000100100000000001000001000000000000001000010100000000000010000011000000000000010000110000000000000010001000000000000000100001000000000000001000100000000000000010001100000000000001000010000000000000110000100000000000001000001000000000001100010011000000000100000111110000011100000000011111011000000000000000000000000000000
0000000111111000000000000110000001100000010010000000001000000010100000000001100000110000000000001000001100000000000010000010000000000000010000100000000000000100001000000000000001000010000000000000010000100000000000001000001000000000000010000000000000000001000000100000000000110000001000000000010000000010000000001000000000100000010100000000101000001000000000001111111100000000000000100000000000000000
0000000000000000000000000000000111011000001000000110000001000010000010000000010000100001000000000100001000000000000001000010001000000000010000100100000000000100001001000000000000000010000000000000100000001000000000010000001100000000001000000011000000000000000000100000000001000000001100000000100000000010000000000000000000100000000100000000001000000010000000000010000001000000000000100001000000000000
0000000000000000000000000000011111000000000000011100011100000001001100000001000000010010000000001000000101000000000010000001010000000000100000011000000000001000000110000000000010000001100000000000100000110000000000011000001100000000000100000011000000000010000000110000000011000000001100000001100000000010000011100000000000111111100000000000001100000000000000000010000000000000000000100000000000000000
0000000001110000000000000001110011100000001000110000000100000010011000000000100000010100000000001100000101000000000001000001010000000000001000011000000000000010000110000000000000100001100000000000001000001000000000000010000110000000000000100001100000000000010000011000000000000100000110000000000010000001100000000001000000011000000011100000001111111111000000000001100000000000000000011000000000000000
0000000011111100000000010011000000110000000100100000000011000001010000000000011000010100000000000011000101000000000000010001100000000000000000011000000000000000000110000000000000000001100000000000000100010000000000000010000100000000000000100001000000000000110000010000000000001000000100000000001100000001000000000100000000110000001110000000000111111100000000000001000000000000000000000000000000000000
0000000000000000000000000000011000000000001000011101110000000010001000000010000000100110000000010000001001000000000010000010100000000000110000101000000000000100001010000000000001000010100000000000001000000000000000000010001100000000000000100101000000000000010001010000000000000100010100000000000010000101000000000001000001010000000000100000011000000000110000001110000001010000000011111111100000000000
0000000000000000000000000000000000000000001000111110000000000001011000010000000000011100000010000000000110000000010000000001100000000010000000010000000000110000000100000000000100000001000000000001000000010000000000010000000100000000000100000001000000000011000000010000000001100000000100000000110000000001000000110000000000010111110000000000011111000000000000000001100000000000000000011000000000000000
0000000000000000000000000000111100000000000000110000111000000001011000000010000000000100000000010000000110000000000010000001100000000000100000001000000000000100000110000000000001000000100000000000010000011000000000000100000110000000000001000001100000000000100000010000000000001000000110000000000100000001100000000010000000011000000011000000000110000001000000001101100011100000000000111111000000000000
0000000000000000000000000000111111000000001000110000001000000010001000000001000000100100000000001000001010000000000001000010100000000000010000001000000000000110001100000000000000100001000000000000001000110000000000000010001100000000000000100001000000000000001000100000000000000100001100000000000001000010000000000001100000110000000000110000011100000000010000000011000001101000000000111111100000000000
0000011110000000000000000100110000000000000001000110000000000000010000110000000000000100000110000000000001000000110000000000110000000100000000001000000001100000000010000000001000000000100000000010000000001000000000100000000010000000001000000000100000000010000000001000000000100000000010000000010000000000100000001100000000001000000010000000000010000011000000000000110111100000000000000111000000000000
0000001111000000000000000010011000000000000000100001100000000000001000001000000000000100000001000000000001000000011000000000010000000010000000000100000000100000000001000000000100000000010000000001000000000100000000110000000001000000001000000000010000000010000000000100000001100000000001000000010000000000010000001100000000000100000110000000000001000111000000000000010111000000000000000111000000000000
0000001111110000000000000010000011000000000000100000011000000000001000000010000000000010000000110000000000100000000100000000001000000000100000000010000000001000000000100000000010000000001000000000100000000010000000011000000000100000000100000000001000000001000000000010000000100000000001100000011000000000010000001100000000000100000010000000000001000011000000000000010011100000000000000111100000000000
0000011110000000000000000100111000000000000001000010000000000000010000010000000000000100000110000000000001000000100000000000010000001100000000000100000001000000000001000000010000000000010000000100000000000100000001000000000001000000010000000000010000000100000000000100000001000000000001000000100000000000010000001000000000000100000100000000000001000110000000000000011110000000000000000100000000000000
0000000000000000000000000011100000000000000000101110000000000000001000110000000000000010000010000000000000100000010000000000001000000110000000000010000000100000000000100000001000000000001000000001000000000010000000010000000000100000000100000000001000000001000000000010000000010000000000100000001100000000001000000010000000000010000001000000000000100001100000000000001101110000000000000011110000000000
0000000000000000000000000011100000000000000000100111000000000000001000011000000000000010000001100000000000100000001000000000001000000001000000000010000000010000000000100000000010000000001000000000100000000010000000001000000000100000000010000000001000000000100000000010000000011000000000100000000100000000001000000011000000000010000001100000000000100001110000000000001011110000000000000011100000000000
0000000111100000000000000001001100000000000000010001100000000000000100001100000000000001000001100000000000010000001000000000000100000001000000000001000000010000000000010000000110000000000100000000100000000001000000001000000000110000000010000000001000000001100000000011000000010000000000010000001100000000000100000010000000000001000001000000000000010001100000000000000111110000000000000001000000000000
0000000111100000000000000001001110000000000000010000100000000000000100000100000000000001000000100000000000010000001100000000000100000001000000000001000000001000000000010000000010000000000100000000110000000001000000000100000000010000000001000000000100000000010000000001000000000100000000010000000011000000000100000001100000000001000000110000000000010000111000000000000100111000000000000001111000000000
0000001110000000000000000010111000000000000000100011100000000000001000001100000000000010000001100000000000100000001100000000001000000001000000000010000000011000000000100000000010000000001000000000100000000010000000001000000000100000000010000000001000000000100000000010000000001000000000100000000100000000001000000011000000000010000001000000000000100001100000000000001001110000000000000011110000000000
0000011111000000000000000100011000000000000001000011000000000000010000011000000000000100000010000000000001000000010000000000010000000110000000000100000000100000000001000000001000000000010000000010000000000100000000010000000001000000000100000000010000000001000000000100000000100000000001000000001000000000010000000010000000000100000001000000000001000011100000000000010011100000000000000111100000000000