0000000000000000000000000000000000000000000000000000000000000000000111111111100000000111000000000000000010000000000000000000100000000000000000001000000000000000000010000000000000000000100000000000000000001011111111100000000010000000000000000000100000000000000000001000000000000000000010000000000000000000100000000000000000001100000000110000000001111111110000000000000000000000000000000000000000000000
0000000000000000000000000000000000000000000000000000000000000000111111111111000000001000000000000000000010000000000000000000100000000000000000001000000000000000000110000000000000000001000000000000000000011111111111000000000100000000000000000001000000000000000000010000000000000000000100000000000000000001000000000000000000010000000000000000000111100000000000000000001111111100000000000000000000000000
0000000000000000000000000000000000000000000000011111111100000000011100000000000000001000000000000000000010000000000000000000100000000000000000001000000000000000000010000000000000000000100000001100000000001011111100100000000010000000000000000000100000000000000000001000000000000000000010000000000000000000100000000000000000001100000000000000000001111111111110000000000000000000000000000000000000000000
0000000000000000000000000000000000000000000001111111111110000000100000000000000000001000000000000000000010000000000000000000100000000000000000001000000000000000000010000000000000000000111111111100000000001000000000000000000010000000000000000000100000000000000000001000000000000000000010000000000000000000100000000000000000001100000000000000000001111111111000000000000000000000000000000000000000000000
0000000000000000000000000000000000000000000000000001111110000000011111110000000000001000000000000000000010000000000000000000100000000000000000001000000000000000000100000000000000000001111111111110000000010000000000000000000100000000000000000001000000000000000000010000000000000000000100000000000000000001000000000000000000011000000000000000000011100000011100000000001111111000000000000000000000000000
0000000000000000000000000000111111110000000000110000000000000000110000000000000000001000000000000000000010000000000000000000100000000000000000001000000000000000000010000000011000000000101111111000000000001000000000000000000010000000000000000000100000000000000000000100000000000000000001000001111110000000010111110000000000000101000000000000000000000000000000000000000000000000000000000000000000000000
0000000000000000000000000000000000000000000000000000000000000000111111111000000000001000000000000000000010000000000000000000100000000000000000001000000000000000000100000000000000000001000011111100000000011111000000000000000100000000000000000001000000000000000000010000000000000000000010000000000000000000110000000000000000000110000000000000000000011111110000000000000000000000000000000000000000000000
0000000000000000000000000000000000000000000000000000000000000000000000000000000000001111111111100000000010000000000000000000100000000000000000011000000000000000000100000000000000000001000000000000000000011111111111100000000100000000000000000001000000000000000000001000000000000000000010000000000000000000100000000000000000001100000000000000000001110000000000000000000111111111000000000000000000000000
0000000000000000000000000000011111000000000011111100000000000000100000000000000000011000000000000000000100000000000000000001000000000000000000010000000000000000000100000000000000000001111111111100000000010000000001000000000100000000000000000001000000000000000000010000000000000000000100000000000000000001000000000000000000010000000000000000000100011111000000000001111000001111100000000000000000000000
0000000000000000000000000111111111100000000011000000000000000001100000000000000000010000000000000000000100000000000000000001000000000000000000010000000000000000000100000000000000000001000000000000000000011111111111100000000100000000000000000001000000000000000000010000000000000000000110000000000000000000100000000000000000001000000000000000000010000000000000000000110011111111100000000111100000000000
0000000000000000000000000000000000110000000000011111110000000000010000000000000000000100000000000000000001000000000000000000010000000000000000000100110000000000000001111000000000000000010000000000000000000100000000000000000001000000000000000000010000000000000000000100000000000000000001000000000000000000011000001100000000000011111100000000000000000000000000000000000000000000000000000000000000000000
0000000000000000000000000000000000000000000000000001111111000000000111100000000000000100000000000000000001000000000000000000010000000000000000000100000000000000000001001110000000000000011110000000000000000100000000000000000001000000000000000000010000000000000000000100000000000000000001000000000000000000010000000000000000000110000011000000000000111111100000000000000000000000000000000000000000000000
0000000000000000000000000000000000000000000000000000000000000000000001111110000000000000110000000000000000100000000000000000001000000000000000000010000000000000000000111100000000000000001000000000000000000010000000000000000000100000000000000000001000000000000000000010000000000000000000100000000000000000001000000100000000000011111111000000000000000000000000000000000000000000000000000000000000000000
0000000000000000000000000000000000000000000000000000000000000000000001111110000000000011110000000000000000100000000000000000001000000000000000000010011111110000000000101100000000000000001000000000000000000010000000000000000000100000000000000000011000000000000000000100000000000000000001000000000000000000010000000000000000000011111111000000000000000000000000000000000000000000000000000000000000000000
0000000000000000000000000000000000000000000000000000000000000000000000111110000000000001111000000000000000100000000000000000001000000000000000000010000010000000000000111111100000000000001000000000000000000010000000000000000001100000000000000000010000000000000000000100000000000000000001000000001000000000011000001110000000000011111110000000000000000000000000000000000000000000000000000000000000000000
0000000000000000000000000000000000000000000000000000000000000000000000001111000000000001111100000000000000110000000000000000001000000000000000000010000000000000000000100011000000000000001111000000000000000010000000000000000000100000000000000000001000000000000000000010000000000000000000100000000000000000001000000110000000000011111110000000000000000000000000000000000000000000000000000000000000000000
0000000000000000000000000000000000000000000000000000000000000000000011111110000000000100000000000000000001000000000000000000010000000000000000000100000000000000000001000000000000000000010001100000000000001011100000000000000010000000000000000000100000000000000000001000000000000000000010000000000000000000100000000000000000001100000111000000000001111111000000000000000000000000000000000000000000000000
0000000000000000000000000000000000000000000000000000000000000000000000000000000000000000000011000000000000001111000000000000001000000000000000000010000000000000000000100000000000000000001000010000000000000011111100000000000000100000000000000000011000000000000000000010000000000000000000100000000000000000001000000000000000000011111110000000000000000000000000000000000000000000000000000000000000000000
0000000000000000000000000000000000000000000000000000000000000000000000000000000000000000000011000000000000001111100000000000001110000000000000000010000000000000000000100001111000000000001011110000000000000010000000000000000000100000000000000000001000000000000000000010000000000000000000100000000000000000001111111100000000000000000000000000000000000000000000000000000000000000000000000000000000000000
0000000000000000000000000000000000000000000000000000000000000000000000000000000000000000111111000000000000110000000000000000001000000000000000000010000000000000000000100001100000000000001111110000000000000010000000000000000001000000000000000000010000000000000000000100000000000000000001000000000000000000011000111000000000000001111000000000000000000000000000000000000000000000000000000000000000000000
0000000000000001111100011100111111100000000101110000000000000001000000000000000000010000000000000000000100000000000000000001000000000000000000010000000000011100000100000001111000000010000111100000000000100110000000000000001010000000000000010010000000000000111000100000000001110000001000000011000000000010001101000000000000100100000000000000000000000000000000000000000000000000000000000000000000000000
0000000000000001111100000000011111100000000000011100000000000001011000000000000000011100000000000000000110000000000000000001000000000000110000010000000000111000000100000001110000000001000000110000000000010001110000000000000111000000000000010001000000000000011100010000000000011000000100000000111000000001000000110000000000010001110000000000000101100000000000000001000000000000000000010000000000000000
0000000000000000000001001111110111111111010110000000000000010011000000000000000000100000000000000000001000000000000000000010000000000000000000100000000111111110011011111100000000000100000000000000000001000000000000000000010000000000000000000100000000000000000001000000000000000001010000000111111111100100111110000000000001100000000000000000010000000000000000000100000000000000000000000000000000000000
0000000011111111000000001111000000000000000100000000000000000010000000000000000000100000000000000000001000000000000000000010000000000000000000100000000000000000001000000011111100000011011111000000000000110000000000000000001000000000000000000010000000000000000000100000000000000000001000000000000011110010000000011111000000100000110100000000001111110000000000000010000000000000000000000000000000000000
0000000000000000000000011111111111111110011000000000000010000100000000000000000001100000000000000000011000000000000000000110000000000000000001100000000000000000011000000000000011000110000000011111000001001111111000000000011110000000000000000110000000000000000001100000000000000000010000000000000011100100000000001111000001000001111100000000010011110000000000000111000000000000000001000000000000000000
0000000000000000010000000011111111111100000011000000000000000001100000000000000000011000000000000000000110000000000000000001100000000001100000011000000111110000000100111111000000000001100000000000000000010000000000000000000100000000000000010001000000000001111000110000000011110000001100000001000000000011000011100000000000110110000000000000001110000000000000000011000000000000000000110000000000000000
0000001111111111111100001110000000000000000100000000000000000011000000000000000000110000000000000000001100000000000000000011000000000000111100010000000111111000001100011110000000000011110100000000000000110000000000000000001100000000000000000001000000000000000000110000000000000111001100000000111110000011000001110000000000110011000000000000001111000000000000000011000000000000000000110000000000000000
0000000000000000000000011111111111111000011100000000000000000110000000000000000000100000000000000000011000000000000000000110000000000011110001101110110111000010011000000000000000000100000000000000000001000000000000000000010000000000000000000100000000000000000001000000000000000000010000000000000001110100000000001111100001000000110100000000010011000000000000000111000000000000000001000000000000000000
0000000011111111100000000001100000001100000010100000000010000000110000000000000000001100000000000000000010000000000000000001100000000000000000011000000000000000000100000000011111100001011011111000000000011000000000000000000100000000000000000001000000000000000000010000000000000000000100000000000000110001000000000001111000010000011111000000000111011000000000000001000000000000000000010000000000000000
0000000011111110000000000111000000011100000010000000000000000001000000000000000000010000000000000000000100000000000000000001000000000000000000010111011111111111000100000000000000000001000000000000000000010000000000000000000110000000000000000001100000000000000000011000000000000000000110000000000000100001100000111111110000011101110000000000000110000000000000000001100000000000000000011000000000000000
0000111111111111100000011000000000001000000110000000000000000000100000000000000000001000000000000000000010000000000000000000100000000000000000001000000000000000000110000000000000000001110111110000000000010011000000000000000100000000000000000001000000000000000000010000000000000000000100000000000000000001000000000000000000010000000000000000000100000000000011000001111111111111000000000000000000000000
0000000000000000000000000000000000000000000011111111111111000000100000000000000000001000000000000000000010000000000000000000100000000000000000001000000000000000000010000000000000000000100000000000000000001111110000000000000010000111111000000000100000000000000000001000000000000000000011000000000000000000010000000000000000000100000000000000000001000000000000000000010000000011111000000100111111100000
0000000000000000010000111111111111111100001000000000000000000010000000000000000000100000000000000000001000000000000000000010000000000000000000100000000000000000001000000000000000000011111111110000000000100000000100000000001000000000000000000010000000000000000000100000000000000000001000000000000000000010000000000000000000100000000000000000001000000000000000000010000000000000011000111111111111111100
0000000000000000000000111111111111111000001000000000000000000010000000000000000000100000000000000000001000000000000000000010000000000000000000100000000000000000001100000000000000000011111111111000000000100000000000000000001000000000000000000010000000000000000000100000000000000000001000000000000000000010000000000000000000100000000000000000001000000000000001110010000011111111110000111111000000000000
0000000000000000000000000000000000001100000111111111111110000011000000000000000001100000000000000000010000000000000000000100000000000000000000100000000000000000001000000000000000000011011111110000000000111100000000000000001000000000000000000010000000000000000000100000000000000000001000000000000000000010000000000000000000100000000000000000001000000000000000000010000111111111111000111111000000000000
0000000000000000000000000000011111111000000111111100000000000011000000000000000000100000000000000000001000000000000000000010000000000000000000100000000000000000001000000000000000000011111110000000000000100000000000000000001000000000000000000010000000000000000000100000000000000000001000000000000000000010000000000000000000100000000000000000001000000000000000000011111111111111100000000000000000000000
0000000000000000000000000000000011110000000011111111100111000011000000000000000000100000000000000000001000000000000000000001000000000000000000010000000000000000000100000000000000000001000000000000000000011111100000000000000100000000000000000001000000000000000000010000000000000000000100000000000000000001000000000000000000010000000000000000000100000000000000000001000000111111000000011111111000000000
0000000000000000000000000001111111110000001111110000000000000010000000000000000000100000000000000000001000000000000000000010000000000000000000110000000000000000000100000000000000000001000011000000000000011111100000000000000100000000000000000001000000000000000000010000000000000000000100000000000000000001000000000000000000010000000000000000000100000000000011000001111111111111100000011000000000000000
0000000000001111000000000111111110010000001111000000000000000010000000000000000000100000000000000000001000000000000000000010000000000000000000100000000000000000000100000000000000000001111111100000000000010000000000000000000100000000000000000001000000000000000000010000000000000000000100000000000000000001000000000000000000010000000000000000000100000000000011000001000001111111100000011111110000000000
0000000000000111100000011111111111001100000100000000000000000001000000000000000000010000000000000000000100000000000000000001000000000000000000010000000000000000000111000011000000000001011111000000000000010000000000000000000100000000000000000001000000000000000000010000000000000000000100000000000000000001000000000000000000010000000000000010000100000000111111100001111111111000000000000000000000000000