0000000000000000000000000111111111000000000001000000001111000000010000000000000000000100000000000000000010000000000000000000100000000000000000001000000000000000000010000000001110000000100111111100000000001111000000000000000010000000000000000000100000000000000000001000000000000000000010000000000000000000100000000000000000001000000000000000000010000000000000000000000000000000000000000000000000000000
0000000000000000000000000000000000000000000000011111111110000000011000000000000000000100000000000000000010000000000000000000100000000000000000001000000000000000000010000000000000000000100000000000000000001000111111000000000011111000000000000000100000000000000000001000000000000000000010000000000000000000100000000000000000001000000000000000000010000000000000000000100000000000000000000000000000000000
0000000000000000000000000000111111000000000001110000001000000000010000000000000000001000000000000000000010000000000000000000100000000000000000001000000000000000000010000011110000000000111111000000000000001000000000000000000010000000000000000000100000000000000000001000000000000000000011000000000000000000010000000000000000000100000000000000000000000000000000000000000000000000000000000000000000000000
0000000000000000000000000000111111110000000000110000000000000000011000000000000000000100000000000000000001000000000000000000100000000000000000001000000000000000000010000000000000000000100000111000000000001111111000000000000011000000000000000000100000000000000000001000000000000000000010000000000000000000110000000000000000000100000000000000000001000000000000000000000000000000000000000000000000000000
0000000000000000000000000000000000000000000000111111100000000000011000001110000000001100000000100000000010000000000000000000100000000000000000001000000000000000000010000000000000000000100000000000000000001000000111100000000011111111000000000000100000000000000000001000000000000000000010000000000000000000100000000000000000001000000000000000000010000000000000000000100000000000000000000000000000000000
0000000000000000000000000000000000000000000000011111110000000000011100000110000000000100000000000000000001000000000000000000010000000000000000000100000000000000000001000000000000000000111111111100000000001000000000000000000010000000000000000000100000000000000000001000000000000000000010000000000000000000100000000000000000001000000000000000000000000000000000000000000000000000000000000000000000000000
0000000000000000000000000000000000000000000000001111111110000000001100000000100000000010000000000000000000100000000000000000001000000000000000000010000000000000000000100000000000000000001000000000000000000010001111100000000000111110000000000000001000000000000000000010000000000000000000100000000000000000001000000000000000000010000000000000000000100000000000000000000000000000000000000000000000000000
0000000000011100000000000000111000110000000000110000000000000000011000000000000000000100000000000000000001000000000000000000100000000000000000001000000000000000000010000000000000000000100001111100000000001111110000000000000010000000000000000000100000000000000000001000000000000000000010000000000000000000100000000000000000001000000000000000000100000000000000000000000000000000000000000000000000000000
0000000000000000000000000000000000000000000000111111111000000000011000000000000000001000000000000000000010000000000000000000100000000000000000001000000000000000000010000000000000000001100000000100000000011111111110000000000100000000000000000001000000000000000000011000000000000000000010000000000000000000100000000000000000001000000000000000000010000000000000000000100000000000000000000000000000000000
0000000000000000000000000000000000000000000000011111100000000000011000001110000000001100000000000000000010000000000000000000100000000000000000001000000000000000000010000000000000000000111111111000000000001000000000000000000010000000000000000000100000000000000000001000000000000000000010000000000000000000100000000000000000001000000000000000000010000000000000000000000000000000000000000000000000000000
0000000000000000000000000000000001110000000000000011100000000000000011000000000000000001000000000000000000010000000000000000000100000000000000000001000000000000000000010011000000000000000111100000000000000001000000000000000000010000000000000000000100000000000000000001000000000000000000010000000000000000000000000000000000000000000000000000000000000000000000000000000000000000000000000000000000000000
0000000000000000000000000000000111111110000000001111000000000000000110000000000000000011000000000000000000100000000000000000001000000000000000000010000000000000000000100011000000000000001111100000000000000110000000000000000001000000000000000000010000000000000000000100000000000000000001000000000000000000010000000000000000000000000000000000000000000000000000000000000000000000000000000000000000000000
0000000000000000000000000000000000000000000001111111111110000000010000000000000000000100000000000000000001000000000000000000010000000000000000000100000000000000000001111111100000000000010000000000000000001100000000000000000010000000000000000000100000000000000000001000000000000000000010000000000000000000100000000000000000001000000000000000000010000000000000000000000000000000000000000000000000000000
0000000000000000000000000001111111111000000001110000000000000000110000000000000000001000000000000000000010000000000000000000100000000000000000001000000000000000000010001110000000000000111110000000000000001000000000000000000010000000000000000001100000000000000000010000000000000000000100000000000000000001100000000000000000001000000000000000000010000000000000000000000000000000000000000000000000000000
0000000000000000000000000000000000000000000001111111111110000000010000000000000000000100000000000000000001000000000000000000010000000000000000000100000000000000000001000000000000000000111111100000000000001000000000000000000010000000000000000000100000000000000000001000000000000000000110000000000000000001000000000000000000010000000000000000000100000000000000000000000000000000000000000000000000000000
0000000000000000000000000000000000000000000011111111111111000000100000000000000000001000000000000000000011000000000000000000010000000000000000000100000000000000000001111100000000000000110000000000000000001000000000000000000010000000000000000000100000000000000000001000000000000000000010000000000000000000100000000000000000001000000000000000000000000000000000000000000000000000000000000000000000000000
0000000000000000000000000000001111000000000011111110000000000000100000000000000000001000000000000000000010000000000000000000100000000000000000001000000000000000000010000000000000000000111111000000000000001000000000000000000010000000000000000001100000000000000000010000000000000000000100000000000000000001000000000000000000010000000000000000000100000000000000000001000000000000000000000000000000000000
0000000000000000000000000000000000000000000001111111111100000000010000000001110000000100000000000000000001000000000000000000010000000000000000000100000000000000000001000000000000000000010000000000000000000101111000000000000001100000000000000000010000000000000000000100000000000000000001000000000000000000010000000000000000000100000000000000000001000000000000000000110000000000000000000000000000000000
0000000000000000000000000000111111000000000000001000010000000001000010000000000000110000100000000000001000001000000000000010000010000000000000100000100000000000001000001000000000000011111011111111000000000001000000010000000000010000001100000000000100000010000000000001100000100000000000001000001000000011100010000010000000001111100000100000000000000000001000000000000000000010000000000000000000000000
0000000000000000000000000001111111000000000011100000000000000000100000000000000000001100000000000000000011000000000000000000110000000000000000001100000000000000000011000000000000000000010011100000000000000111000000000000000001000000000000000000010000000000000000000100000000000000000001000000000000000000010000000000000000000100000000000000000001000000000000000000000000000000000000000000000000000000
0001111111000000000000010000001111111000000100000000000011000001000000000000000000010000000000000000000100000000000000000001000000000000000000010000000000000000000100000000000000000001111111111111000000010000000000010000000100000000000000000001000000000000000000010000000000000000000100000000000000000001000000000000000000011000000000000000000010000000000000000000100000000000000000000000000000000000
0000000000000000000000000000000000000000000111111111111110000001000000000000110000010000000000000000000100000000000000000001000000000000000000010000000000000000000100000000000000000001000000000000000000011111111111110000000100000000000000000001000000000000000000010000000000000000000100000000000000000001000000000000000000010000000000000000000110000000000000000000100000000000000000000000000000000000
0000000000000000000000000000000000000000000011111111110000000001100000000111110000010000000000000100000100000000000000000001000000000000000000010000000000000000000100000000000000000001000000000000000000010000000000000000000101111111111100000001000000000000000000010000000000000000000100000000000000000001000000000000000000010000000000000000000100000000000000000001000000000000000000000000000000000000
0000000000000000000000000000000000000000000000111111110000000000111000000011100000001000000000001000000010000000000000000000100000000000000000001000000000000000000010000000000000000000100000000000000000001000000000000000000111111111100000000001000000000000000000010000000000000000000100000000000000000001000000000000000000010000000000000000000100000000000000000000000000000000000000000000000000000000
0000000000000000000000000111100011000000000001001111011111110000010000000000000000000100000000000000000001000000000000000000010000000000000000000111111111000000000001000000000000000000010000000000000000000100000000000000000001000000000000000000010000000000000000000100000000000000000001000000000000000000010000000000000000000100000000000000000001000000000000000000010000000000000000000000000000000000
0000000000000000000000000011111111111000000000100000000000000000001000000000000000000010000000000000000000100000000000000000001111111100000000000010000000000000000000100000000000000000001000000000000000000010000000000000000000100000000000000000001000000000000000000010000000000000000000100000000000000000001000000000000000000010000000000000000000100000000000000000001000000000000000000010000000000000
0000000000000000000000000011111111111000000000100000000000000000001000000000000000000010000000000000000000100000000000000000001000000000000000000010000000000000000000111111110000000000001000000000000000000010000000000000000000100000000000000000001000000000000000000010000000000000000000100000000000000000001000000000000000000010000000000000000000100000000000000000001000000000000000000010000000000000
0000000000000000000000000011110000000000000000100111111111100000001000000000000000000010000000000000000000100000000000000000001000000000000000000001111111100000000000010000000000000000000100000000000000000001000000000000000000010000000000000000000100000000000000000001000000000000000000010000000000000000000100000000000000000011000000000000000000100000000000000000001000000000000000000000000000000000
0000000000000000000000000000000000000000000000110000000011000000001011111111111000000010000000000000000000100000000000000000001000000000000000000010000000000000000000100001100000000000001111100000000000000010000000000000000000100000000000000000001000000000000000000010000000000000000000100000000000000000001000000000000000000010000000000000000000100000000000000000001000000000000000000000000000000000
0000000000000000000000000000000000000000000000011100000000000000000101111111111000000001000000000000000000010000000000000000000100000000000000000001000000000000000000011111100000000000000100000000000000000001000000000000000000100000000000000000001000000000000000000010000000000000000000100000000000000000001000000000000000000010000000000000000000100000000000000000000000000000000000000000000000000000
0000000000000000000000000000000000000000000000111100000000000000001001111111100000000010000000000000000000100000000000000000001000000000000000000010000000000000000000100000111000000000001111111000000000000010000000000000000000100000000000000000001000000000000000000010000000000000000000100000000000000000001000000000000000000010000000000000000000100000000000000000001000000000000000000000000000000000
0000000000000000000000000000000000000000000000111000000000000000001011111100000000000010000001111110000000100000000000000000001000000000000000000001000000000000000000010111110000000000000111000000000000000001000000000000000000010000000000000000000100000000000000000001000000000000000000010000000000000000000100000000000000000001000000000000000000010000000000000000000000000000000000000000000000000000
0000000000000000000000000000000000000000000000000000000000000000000111100000000000000001000111111100000000010000000000000000000100000000000000000001000000000000000000010000000000000000000111111100000000000001000000000000000000010000000000000000000100000000000000000001000000000000000000001000000000000000000010000000000000000000100000000000000000001000000000000000000010000000000000000000000000000000
0000000000000000000000000001111000000000000000010001111111000000000100000001010000000001000000000000000000010000000000000000000100000000000000000001000000000000000000010000010000000000000111111100000000000001000000000000000000010000000000000000001100000000000000000010000000000000000000100000000000000000001000000000000000000010000000000000000000110000000000000000001100000000000000000000000000000000
0000000000000000000000000000110000000000000000010111111111000000000100000000000000000001000000000000000000010000000000000000000100000000000000000001000000100000000000011111111000000000000100000000000000000001000000000000000000010000000000000000000100000000000000000001000000000000000000010000000000000000000100000000000000000001000000000000000000010000000000000000000100000000000000000001000000000000
0000000000000000000000000000000000000000000000000000000000000000000000000000000000000000000000000000000000000000000000000000000000000000000000000000000000000000000000000000000000000000000000000000000000000000000000000000000000000000000000000000000000000000000000000000000000000000000000000000000000000000000000000000000000000000000000000000000000000000000000000000000000000000000000000000000000000000
0000000000000000000000000011111000000000000000110011111111100000001000000000000000000010000000000000000000100000000000000000001000000000000000000010000000000000000000100000000000000000001111111110000000000010000000000000000000100000000000000000001000000000000000000010000000000000000000100000000000000000001000000000000000000010000000000000000000100000000000000000001000000000000000000010000000000000
0000000000000000000000000000000000000000000000011100000000000000000101111111110000000001000000000000000000010000000000000000000100000000000000000001000000000000000000010001111000000000000111100000000000000001000000000000000000010000000000000000000100000000000000000001000000000000000000010000000000000000000100000000000000000001000000000000000000010000000000000000000100000000000000000000000000000000
0000000000000000000000000000111000000000000000011011100000000000000100000111100000000001000000000000000000010000000000000000000100000000000000000001000001100000000000011111110000000000000100000000000000000001000000000000000000010000000000000000000100000000000000000001000000000000000000010000000000000000000100000000000000000001000000000000000000010000000000000000000100000000000000000001000000000000
0000000000000000000000000001110000000000000000010011111100000000001000000001111000000010000000000000000000100000000000000000001000000000000000000011111110000000000000100000000000000000001000000000000000000010000000000000000000100000000000000000001000000000000000000010000000000000000000100000000000000000001000000000000000000010000000000000000000100000000000000000001000000000000000000000000000000000