0000000000000000000000000000000000000000000000000000000000000000100000000000000000001000000000000000000010000000010000000000100000000100000000011000000001000000000100000000010000000001000000000100000000011111111111000000000100000000010000000001000000000100000000010000000001000000000100000000010000000000100000000100000000001000000001000000000010000000000000000000100000000000000000000000000000000000
0000000000000000000000000000000000000000000000000000000000000000000000000001000000001000000000010000000010000000001100000000100000000010000000001000000000100000000010000000000100000000100000111111000000001111111000010000000010000000000100000000100000000001000000001000000000010000000010000000000100000000100000000001000000001100000000010000000001000000000100000000010000000001000000000000000000000000
0000000000000000000000000000000000000000000001000000000000000000010000000000000000001000000000001000000010000000000010000000100000000001000000001000000000010000000010000000000100000000100000111111100000001111110000010000000010000000000100000000100000000001000000010000000000010000000100000000000100000000100000000001000000001000000000010000000010000000000100000000100000000001000000000000000000010000
0000000000000000000000000000000000000000000001000000000010000000010000000001100000000100000000010000000001000000000100000000100000000001000000001000000000010000000010000000000100000000100000000001000000001000111111111000000011111000001000000000100000000010000000001000000000100000000010000000001000000000100000000010000000001000000000100000000010000000001000000000100000000010000000001100000000000000
0000000000000000000000000000000000000000000000000000000000000000100000000010000000001000000000100000000010000000001000000000100000000010000000001000000000100000000010000000001000000000100000000010000000001100000000100000000010111111111100000000100000000010000000001000000000100000000010000000001000000000100000000010000000001000000000100000000010000000011000000000100000000100000000001000000000000000
0000000000000000000000000010000000000000000000100000000000000000001000000010000000000010000000100000000001000000001000000000010000000010000000000100000001000000000001000000010000000000010000000100000000001111111111000000000010000000010000000000100000000100000000001000000001000000000010000000010000000000100000000100000000001000000001000000000010000000010000000000100000000100000000001000000000000000
0000000000000000000000000100000000000000000001000000001000000000010000000110000000000100000001000000000011000000010000000000100000000100000000001000000001000000000010000000110000000000100000001000000000001111111110000000000010000000100000000000100000001000000000001000000010000000000010000000100000000000010000001000000000000100000100000000000001000001000000000000010000010000000000000000000100000000
0000000000000000000000000000000000100000000000000000001000000000010000000010000000000100000000100000000001000000001000000000010000000010000000000100000000100000000001000000001000000000010000000010000000000111111111110000000001000000001000000000010000000010000000000100000000100000000001000000001000000000010000000010000000001000000000100000000010000000000000000000000000000000000000000000000000000000
0000000000000000000000001000000000000000000010000000000010000001000000000000100000010000000000010000000100000000000100000001000000000001000000010000000000010000000100000000000100000001000000001111100000010011111100010000000111000000000100000010000000000001000000100000000000010000001000000000000100000010000000000001000000100000000000010000001000000000000100000010000000000001000000100000000000010000
0000000000000000000000000000000000000000000100000000000100000001000000000001000000010000000000010000000100000000000100000001000000000001000000010000000000010000000100000000000100000001000000001111100000011111111100010000000100000000000100000001000000000001000000010000000000010000000110000000000100000000100000000010000000001000000000100000000010000000001000000000100000000010000000001000000000100000
0000000000000000000000000000000000000000000000000000000000000000000000000000000000001000000000000000000010000000000000000000110000001000000000000100000010000000000001000000100000000000010000011000000000000111111110000000000001000000100000000000010000001000000000000100000010000000000001000000100000000000100000001000000000001000000010000000000000000000000000000000000000000000000000000000000000000000
0000000000000000000000000000000000000000000010000000001000000000100000000010000000001000000000100000000010000000001000000000100000000010000000001000000000100000000010000000001000000000111111111110000000001000000000100000000010000000001000000000100000000110000000001000000001000000000010000000010000000000110000000100000000000100000001000000000001000000010000000000010000000100000000000000000000000000
0000000000000000000000000000000000000000000010000000000000000000100000000010000000001000000000110000000010000000000100000000100000000001000000001000000000010000000010000000011100000000111111111101000000001000000000010000000010000000000100000000100000000001000000001000000000010000000010000000000100000000100000000001000000001000000000010000000010000000000100000000100000000001000000001000000000000000
0000000000000000000000000000000000000000000001000000000000000000010000000100000000000100000001100000000001000000001000000000010000000010000000000100000000100000000001000000001000000000011111111110000000000100000000100000000001000000001000000000010000000010000000000100000000100000000001000000001000000000010000000010000000000100000000100000000001000000001000000000010000000000000000000000000000000000
0000000000000000000000000000000000000000000000000000000000000000000000000000000000000100000000000000000001000000001000000000010000000010000000000100000000100000000001000000000100000000010000000001000000000010111111010000000000100000000100000000001000000001000000000010000000010000000000100000000100000000001000000001000000000010000000010000000000100000000100000000001000000001000000000010000000010000
0000000000000000000000000000000000000000000000000000000000000000010000000000000000000110000000100000000000100000001000000000001000000010000000000010000000100000000000100000111000000000001111111010000000000010000000100000000000100000001000000000001000000010000000000010000000100000000000100000001000000000001000000010000000000010000000100000000000000000001000000000000000000000000000000000000000000000
0000000000000000000000000000000000000000000010000000000000000000100000001000000000001000000001000000000010000000010000000000100000000100000000001000000001000000000010000000110000000000011111111100000000000100000001000000000001000000010000000000010000000100000000000100000001000000000001000000010000000000010000000100000000000100000001000000000000000000010000000000000000000100000000000000000000000000
0000000000000000000000000000000000000000000000000000000000000000001000000000000000000010000000100000000000100000001000000000001000000010000000000010000001100000000000101111111000000000001000000010000000000010000000100000000000100000001000000000001000000010000000000010000000100000000000100000001000000000001000000010000000000010000000100000000000000000000000000000000000000000000000000000000000000000
0000000000000000000000000000000000000000000010000000000000000000100000000000000000001000000001000000000010000000010000000000100000000100000000000100000001000000000001000000010000000000011111111100000000000100000001000000000001000000010000000000010000000100000000000100000001000000000001000000010000000000010000000100000000000100000001000000000001000000010000000000000000000100000000000000000000000000
0000000000000000000000010000000000000000000100000000000000000001000000000000000000010000000000010000000100000000000100000001000000000001000000010000000000010000000100000000000100000001000000000011000000011111111111010000000100000000000100000001000000000001000000010000000000010000000100000000000100000001000000000001000000010000000000100000000100000000001000000001000000000010000000010000000000000000
0000000000000000000000000000000000000000000000000000000000000001000000000100000000001000000001000000000010000000010000000000100000000100000000001000000111000000000010111111010000000000010000000100000000000100000010000000000001000000100000000000010000001000000000000100000010000000000001000000010000000000010000000100000000000100000000000000000000000000000000000000000000000000000000000000000000000000
0000000000000000000000000000000000000000000000000000000000000000010000000000000000000100000001000000000001000000100000000000000000001000000000000100000010000000000001101111110000000000010000001000000000000100000010000000000001000000100000000000010000001000000000000100000010000000000001000000100000000000010000000000000000000000000000000000000000000000000000000000000000000000000000000000000000000000
0000000000000000000000000000000000000000000000100000000000000000000000000100000000000010000001000000000000100000000000000000001000000100000000000010011111110000000000101000010000000000001000000100000000000010000001000000000000100000010000000000010000000100000000000100000001000000000001000000010000000000010000000100000000000110000000000000000000000000000000000000000000000000000000000000000000000000
0000000000000000000000000000000000000000000000000000000000000000000000000000000000000000000001000000000001000000000000000000010000000100000000000100000001000000000001000000101000000000011111111110000000000100000010000000000001000000100000000000010000001000000000000100000010000000000001000000100000000000010000001100000000000100000000000000000000000000000000000000000000000000000000000000000000000000
0000000000000000000000000000000000000000000010000000000000000000100000000000000000001000000001000000000010000000010000000000100000000100000000001111111111110000000010000000010000000000100000000100000000001000000001000000000010000000010000000001000000000100000000010000000011000000000100000000100000000001000000001000000000000000000000000000000000000000000000000000000000000000000000000000000000000000
0000000000000000000000000000000000000000000000000000000000000000010000000100000000000000000010000000000001000000100000000000010000001000000000001111111111100000000010000000100000000000100000001000000000001000000010000000000010000000100000000000100000001000000000001000000010000000000010000000100000000000100000000000000000000000000000000000000000000000000000000000000000000000000000000000000000000000
0000000000000000000000000000000000000000000010000000000000000000100000001000000000001000000010000000000010000000100000000000100000001000000000001000000011000000000001111111110000000000100000001000000000001000000010000000000010000000100000000000100000001000000000011000000010000000000100000000100000000001100000001100000000001000000000000000000010000000000000000000000000000000000000000000000000000000
0000000000000000000000000000000000000000000000000000000000000000100000000000000000001000000000010000000000000000000100000001000000000000000000010000000000010000000101111111111100000001000000000011000000010000000000100000000100000000001000000001000000000010000000010000000000100000000100000000001000000001000000000000000000000000000000000000000000000000000000000000000000000000000000000000000000000000
0000000000000000000000000000000000000000000000000000000000000000000000000000000000000000000000010000000000010000000100000000000100000001000000000001000000010000000000010000000110000000000111111111000000000000100000010000000000010000000100000000000100000001000000000001000000100000000000010000001000000000000100000010000000000001000000000000000000000000000000000000000000000000000000000000000000000000
0000000000000000000000000000000000000000000000000000000000000000000000000000000000000000000000000000001000000000010000000010000000000100000000100000000001000000001000000000011100000010000111111100000000011110000001000000000100000000010000000001000000000100000000010000000001000000000100000000010000000001000000000100000000010000000001000000000100000000010000000001000000000000000000000000000000000000
0000010000000000000000000100000000000000000001000000000010000000010000000000100000000100000000001000000010000000000010000000100000000000100000001000000000010000000010000000000100000000111111111011100000001000000011110000000010000000000100000000100000000001000000001000000000010000000010000000001000000000100000000010000000001000000000100000000010000000001000000000100000000010000000001000000000000000
0000000000000000000000001000000000000000000001000000000001000000010000000000010000000100000000000100000001000000000011000000010000000000100000000100000000001000000001000000000010000000011111111100100000000100000001111000000001000000000010000000010000000000100000000100000000001000000001000000000100000000010000000001000000000100000000010000000001000000000100000000010000000001000000000000000000010000
0000000000000000000000010000000000000100000100000000000001000000100000000000010000001000000000000100000010000000000011000000100000000000100000001000000000001000000010000000000010000000111111111111110000001000000000001000000010000000000010000000100000000000100000001000000000001000000010000000000010000000100000000000100000001000000000011000000010000000000100000000100000000001000000001000000000000000
0000000000000000000000000000000000000000000010000000000011000000100000000000100000001000000000001000000010000000000010000000100000000000100000001000000000001000000010000000000010000000111111110000100000001010000111111000000010000000000010000000100000000000100000001000000000001000000010000000000010000000100000000000100000001000000000001000000010000000000010000000100000000000100000001000000000000000
0000000000000000000000000000000000010000000001000000000100000000010000000001000000000100000000010000000001000000000100000000010000000010000000000100000000100000000001000000001000000000011111111111000000000100000000100000000011000000001000000000100000000010000000001000000000100000000010000000001100000000100000000001000000001000000000010000000010000000000100000000100000000001000000001000000000000000
0000000000000000000000000000000000000000000001000000000010000000010000000000100000000100000000001000000001000000000010000000010000000000100000000100000000001000000001000000000010000000011111111111100000000100000000001000000001000000000010000000010000000000100000000100000000011000000001000000000100000000010000000001000000000100000000010000000001000000000100000000010000000001000000000100000000000000
0000000000000000000000000000000000000000000001000000000000000000010000000001000000000100000000010000000001000000000100000000010000000001000000000100000000010000000001000000000100000000010000000001000000000111111111110000000001000000000100000000010000000001000000000100000000010000000001000000000100000000011000000001000000000010000000010000000000100000001000000000001000000000000000000010000000000000
0000000000000000000000000000000000000000000000000000000000000000001000000000100000000010000000001000000000100000000010000000001000000000100000000010000000001000000000100000000010000000001101111111110000000011110000001000000000100000000010000000001000000000100000000010000000001000000000100000000010000000001000000000100000000010000000001000000000100000000010000000000000000000100000000000000000001000
0000000000000000000000000010000000000000000000100000000000000000001000000000100000000010000000001000000000100000000010000000001000000000100000000010000000001000000000100000000010000000001111111111100000000010000000001000000000100000000010000000001000000000100000000010000000001000000000100000000010000000001000000000100000000010000000001000000000100000000010000000001000000000100000000000000000001000
0000000000000000000000000100000000000000000001000000000100000000010000000001000000000100000000010000000010000000000100000000100000000001000000001000000000010000000010000000000100000000111000110001000000001011111111110000000010000000000100000000100000000001000000000100000000010000000001000000000100000000010000000001000000000100000000100000000001000000001000000000010000000010000000000100000000000000