0000000000000000000000000000000000000000000000000000000000000000111111111111110000000000000010000000000000000000100000000000000000001000000000000000000001000000000000000000010000000000000000000100000000000000000001000000000000000000010000000001000000000100000000010000000010000000000110000000100000000000110000001000000000000111000100000000000000011110000000000000000000000000000000000000000000000000
0000000000000000000000011111111111111000000000000010000000000000000000010000000000000000000100000000000000000001000000000000000000010000000000000000000100000000000000000000100000000000000000001000000000000000000010000000000000000000100000000000000000001000000000001000000010000000000010000001000000000000100000010000000000001100001100000000000001000110000000000000001111000000000000000000000000000000
0000000000000000000000111111111111111110001000000001000000000000000000010000000000000000000100000000000000000001000000000000000000010000000000000000000100000000000000000001000000000000000000010000000000000000000100000000000000000001000000000000100000010000000000001000000100000000000010000001000000000000100000100000000000001000001000000000000011000100000000000000011110000000000000000000000000000000
0000000000000000000000000000000000000000001111111111111110000000000000010000000000000000000100000000000000000001000000000000000000010000000000000000000100000000000000000001000000000000000000010000000000000000000100000000000000000001000000000001000000010000000000010000001100000000000100000010000000000000100000100000000000001100010000000000000001111000000000000000000000000000000000000000000000000000
0000000000000000000000000000000000000000001111111111111111110000000000001000000000000000000010000000000000000000100000000000000000010000000000000000000100000000000000000001000000000000000000010000000000000000000100000000000000000001000000000000010000010000000000001100001000000000000001000010000000000000011001100000000000000011110000000000000000011000000000000000000000000000000000000000000000000000
0000000000000000000000000000000000000000000111111111111111110000000000010000000000000000000100000000000000000001000000000000000000010000000000000000000100000000000000000010000000000000000000100000000000000000001000000000000000000010000000000001000000100000000000010000000100000000000110000011000000000000100000100000000000000100001000000000000001101110000000000000000110000000000000000000000000000000
0000000000000000000000000000000000000000000000000001111111110011111111100000000000000000001000000000000000000010000000000000000000100000000000000000001000000000000000000010000000000000000000100000000000000000001000000000000000000010000000000000000000100000000000001000001000000000000011000010000000000000010000100000000000000110001000000000000000111110000000000000000011000000000000000000000000000000
0000000000000000000000000000000000000000000000000000000000000011111111111111111100000000000100000000000000000001000000000000000000010000000000000000000100000000000000000001000000000000000000010000000000000000000100000000000000000001000000000000000000010000000000000000000100000000000010000011000000000000100000100000000000001100011000000000000001111100000000000000000000000000000000000000000000000000
0000000000000000000000000000000000000000000000000000000000000001001111111111111100011110000100000000000000000001000000000000000000010000000000000000000100000000000000000001000000000000000000010000000000000000000100000000000000000010000000000000000000100000000000100000001000000000001100000010000000000001000001100000000000011000010000000000000011101100000000000000000100000000000000000000000000000000
0000000000000000000000000000000000000000000000000011111111110011111111000000000000000000000100000000000000000001100000000000000000001000000000000000000010000000000000000000100000000000000000001000000000000000000100000000000000000001000000000001000000010000000000010000000100000000000100000011000000000001100000100000000000001111110000000000000000000000000000000000000000000000000000000000000000000000
0000000000000000000000000000000000000000000000111111111000000000000000010000000000000000000100000000000000000001000000000000000000010000000000000000000100000000000000000001000000000000000000010000000000000000000100000000000000000001000000000000000000010000000000000000000100000000000000000001000000000001100000010000000000001100001000000000000000111110000000000000000000000000000000000000000000000000
0000000000000000000000000000000000000000000001111001111100000000000001110001100000000000000100000000000000000001000000000000000000010000000000000000000100000000000000000001000000000000000000010000000000000000000100000000000000000001000000000000000000010000000001000000000100000000010000000001000000000110000000010000000000100000001100000000000110000010000000000000011111000000000000000000000000000000
0000000000000000000000001111111111111100000000000000100000000000000000001000000000000000000010000000000000000000100000000000000000001000000000000000000010000000000000000000100000000000000000001000000000000000000010000000000000000000100000000010000000001000000000100000000010000000001100000000100000000001100000010000000000001000000100000000000001100010000000000000001111000000000000000000000000000000
0000000000000000000000011111111111111000000000000000100000000000000000001000000000000000000010000000000000000000100000000000000000001000000000000000000010000000000000000000100000000000000000001000000000000000000010000000000000000000100000000001000000001000000000010000000010000000000100000000100000000001000000001000000000001100000100000000000001111111000000000000000000000000000000000000000000000000
0000000000111111111000000111111001000000000000000000001000000000000000000010000000000000000000100000000000000000001000000000000000000010000000000000000000100000000000000000001000000000000000000010000000000000000000110000000010000000000100000000100000000001000000001000000000010000000011000000000100000000010000000001000000000010000000100000000000011100011000000000000001111000000000000000000000000000
0000000000000000000000000000000000000000000000111111111100000000000000000101111000000000000001000000000000000000010000000000000000000100000000000000000001000000000000000000010000000000000000000100000001000000000001000000011000000000010000000010000000000100000000100000000010000000001100000000100000000001100000001000000000001100000010000000000001110001100000000000000111110000000000000000000000000000
0000000000000000000000000000000000000000001111111111111111000000000000000100000000000000000001000000000000000000010000000000000000000100000000000000000001000000000000000000010000000000000000000100000000001000000001000000000010000000010000000000100000000100000000001000000001000000000010000000100000000000010000001000000000000110000110000000000000111111000000000000000000000000000000000000000000000000
0000000000000000000000000000000000000000000000111111111110000000000000000100000000000000000001000000000000000000010000000000000000000100000000000000000001000000000000000000010000000000000000000100000000000000000011000000000010000000100000000000100000001000000000001000000010000000000011000000100000000000010000001000000000000110000100000000000000011111000000000000000000000000000000000000000000000000
0000000000000000000000000000000000000000000011111111000000000000000000011111111100000000000001000000000000000000010000000000000000000100000000000000000001000000000000000000010000000000000000000100000000010000000001000000000100000000010000000001000000000100000000010000000001000000000110000000100000000000100000001000000000001100000110000000000001100011000000000000000111100000000000000000000000000000
0000000000000000000000000000000000000000000000000000000000000000011111111111110000000000000001000000000000000000010000000000000000000100000000000000000001000000000000000000010000000000000000000100000000000000000001000000000000000000010000000000100000000100000000001000000001000000000010000000010000000000100000001100000000001100000010000000000001100001100000000000001111110000000000000000000000000000
0000000000000000000000000000000000000000000000111111111100000000000000010000000000000000000010000000000000000000100000000000000000001100000000000000000001000000000000000000100000000000000000001000000000000000000010000000000000000001000000000000000000110000000000001000011000000000000011111000000000000000000000000000000000000000000000000000000000000000000000000000000000000000000000000000000000000000
0000000000000000000000000001111111111100000001100000000000000000000000010000000000000000000100000000000000000001100000000000000000001000000000000000000010000000000000000001100000000000000000010000000000000000000100000000000000000011000000000000100001100000000000001101110000000000000001110000000000000000000000000000000000000000000000000000000000000000000000000000000000000000000000000000000000000000
0000000000000000000000000000000000001000000000001111111100000000000000000000000000000000000010000000000000000000100000000000000000001100000000000000000001000000000000000000010000000000000000000100000000000000000001000000000000000000100000000000000000001000000000000010000110000000000000100011000000000000001111100000000000000000000000000000000000000000000000000000000000000000000000000000000000000000
0000000000000000000000000000000000000110000111111111111111000000000000010000000000000000000110000000000000000000100000000000000000001000000000000000000010000000000000000000100000000000000000001000000000000001000010000000000000010000100000000000001000010000000000000010001100000000000000011100000000000000000000000000000000000000000000000000000000000000000000000000000000000000000000000000000000000000
0000000011111100000000011111000000111000000000000010000000000000000000100000000000000000001100000000000000000001000000000000000000010000000000000000000100000000000000000001000000000000000000010000000000000110000100000000000011000010000000000000100000100000000000001000010000000000000011011100000000000000011000000000000000000000000000000000000000000000000000000000000000000000000000000000000000000000
0000000000000000000000001111111111111110000000000001000000000000000000010000000000000000000100000000000000000000100000000000000000001000000000000000000010000000000000000000100000000000000000001000000000000000000010000000000000000000100000000000010000001000000000000100001100000000000000111110000000000000000000000000000000000000000000000000000000000000000000000000000000000000000000000000000000000000
0000000000000000000000001111111111111100000000000000000000000000000000010000000000000000000100000000000000000001100000000000000000001000000000000000000010000000000000000000100000000000000000011000000000000000000100000000000001000001000000000000100000100000000000000110011000000000000000111000000000000000000000000000000000000000000000000000000000000000000000000000000000000000000000000000000000000000
0000000000000000000000011111111111111000000000000000000001110000000000010000000000000000000100000000000000000000100000000000000000001000000000000000000010000000000000000000100000000000000000001100000000000000000001000000000000000000010000000000100000000100000000010000000011000000000100000000100000000001000000001000000000010000001100000000000100000110000000000000111111000000000000000000000000000000
0001110000000000000000000011111111111111000000000000110000000000000000000100000000000000000001100000000000000000001000000000000000000010000000000000000000100000000000000000000100000000000000000001000000000000000000010000000000000000000100000000010000000001000000001100000000010000000010000000001000000000100000000010000000001000000001100000000010000000010000000000010000001000000000000110001100000000
0000000000000000000000011111111111111111000000000000100000000000000000001100000000000000000001000000000000000000001000000000000000000010000000000000000000100000000000000000000100000000000000000001000000000000000000010000000000000000000100000000000000000001000000001100000000100000000110000000001000000001000000001100000000011000001110000000000011111110000000000000000000000000000000000000000000000000
0000000000000000000001111111111111111111000000000010000000000000000000100000000000000000001000000000000000000011000000000000000000010000000000000000000100000000000000000001000000000000000000010000000000000000000100000000000000000001000000000000000000010000000000000000000100000000000100000011000000000011000000100000000000010000001000000000000100000110000000000000110111000000000000000011000000000000
0000000000000000111101111111111111110000000000000001000000000000000000010000000000000000000100000000000000000001000000000000000000010000000000000000000100000000000000000001000000000000000000010000000000000000001000000000000000000010000000000000000000100000000000000000001000000000000000000010000000000010000001000000000000100000010000000000001100001100000000000000110110000000000000000111000000000000
0000000000000000000011111111111111111111000000000010000000000000000000110000000000000000000100000000000000000001000000000000000000010000000000000000000100000000000000000001000000000000000000010000000000000000000100000000000000000001000000000000000000010000000000000000000100000000000000000011000000000000000000100000000000010000001000000000000110000110000000000000111011000000000000000011100000000000
0000000000000000000001111111110000000000000000000111111111110000000000100000000000000000001000000000000000000010000000000000000000100000000000000000001000000000000000000010000000000000000000100000000000000000001000000000000000000010000000000000000000100000000000000000001000000000000000000010000000000000000000100000000000100000011000000000001100000100000000000001100110000000000000001111000000000000
0110001111111111110000111100001000000011000000000010000000000000000000110000000000000000000100000000000000000001000000000000000000010000000000000000000100000000000000000001000000000000000000010000000000000000000100000000000000000001000000000000000000010000000000000000000100000000000000000001000000000000000000100000000001000000001000000000011100000010000000000001100011000000000000000111100000000000
1110000011100000000000011111010111111111000000000100000000000000000001100000000000000000001000000000000000000010000000000000000000100000000000000000001000000000000000000010000000000000000000100000000000000000001000000000000000000010000000000000000000100000000000000000001000000000000000000010000000001000000000100000000011000000011000000000010000001100000000000011111110000000000000000000000000000000
0000000000000000000011111111111111111111000000000110000000000000000000100000000000000000001000000000000000000010000000000000000000100000000000000000001000000000000000000010000000000000000000100000000000000000001000000000000000000110000000001000000001000000000010000000010000000000010000000100000000000110000001000000000000110000110000000000000111011000000000000000011100000000000000000000000000000000
0000000000000000000000000000000000000000000000000000000000000000000000000000000000000000000000000000000000000000000000000000000000000000000000000000000000000000000000000000000000000000000000000000000000000000000000000000000000000000000000000000000000000000000000000000000000000000000000000000000000000000000000000000000000000000000000000000000000000000000000000000000000000000000000000000000000000000
0000000000000000000000000000000000000000011111111111111111110000000000100000000000000000000100000000000000000001000000000000000000110000000000000000001000000000000000000010000000000000000000100000000000000000001000000000000000000010000000000000000000100000000000000000001000000000000000000100000000000100000001000000000001100000010000000000000110001100000000000000111110000000000000000000000000000000
0000000000000000000000000000000000000000000000000000000000000000000000000000000000000000000000000000000000000000000000000000000000000000000000000000000000000000000000000000000000000000000000000000000000000000000000000000000000000000000000000000000000000000000000000000000000000000000000000000000000000000000000000000000000000000000000000000000000000000000000000000000000000000000000000000000000000000