0000000000000000000000000000000000000000000000000000001100000000011000000011100000001101000001001000000010010000010010000000100110000100100000001000100010001000000100001000100001000001000011001000010000010000010110000100000100000111000001000001000000000000010000010000000000000100000100000000000001000001000000000000010000110000000000000110001000000000000000000000000000000000000000000000000000000000
0000000000000000000000000011000000011000000000111000000111000000011010000010010000000100100000100100000001001100011001000000110001000100010000001000010001000100000010000100110001000000100001101000010000001000001010000100000100000011000001000001000000000000010000010000000000000100000100000000000001000001000000000000010000010000000000000100001100000000000001000010000000000000010000000000000000000100
0000000000000000000000000011000000110000000000111000001100000000010010000111000000000100100001010000000011001000010100000000100010001001000000001000100010010000000010001001100100000001000010010001000000010000100100010000000100000110000100000001000001100001000000010000000000010000001100000000000100000010000000000001000000100000000000010000001000000000000100000000000000000000100000000000000000000000
0000000000000000000000000000000000000000000000000000000110000000001000000011100000000111000000101000000011010000011010000000100100000100100000001001000010010000000110010000100100000001000010010001000000010000100100010000000100001011000100000011000011100001000000100000000000010000001000000000000100000010000000000001000000100000000000010000001000000000000100000000000000000001000000000000000000000000
0000000000000000000000000000000000000000000000000000000100000000110000000011000000001110000000110000000100100000011100000001001100000101000000010001000001010000000100010000110100000010000010001001000000100000100010010000001000001101000100000010000001110001000000100000000000100000001000000000001000000100000000000010000001000000000000100000000000000000001000000000000000000010000000000000000000100000
0000000000000000000000000000000000000000000000011000000000000000000110000110000000000011100001010000000000101000110100000000010010001001000000000100100110010000000010001001000100000000100010100001000000001000101000010000000100001100001100000001000000000010000000100000000000100000001000000000001000000010000000000010000000100000000000100000010000000000001000000100000000000010000000000000000000110000
0000000000000000000000000000000000000000000000000000001100000000000000000011000000001100000001010000000011100000010100000000101000001001000000011011000010010000000100010001000100000001000100010001000000010000101000010000000100001110000100000001000000000001000000010000000000001000000100000000000010000001000000000000100000010000000000001000000000000000000010000000000000000000100000000000000000000000
0000000000000000000000000000000000000000000011000000000000000000110000000010000000001010000001100000000010100000010100000000101100000101000000010001000011010000000100010000100100000001000110001001000000010000100010010000000100001001000100000001000001010001000000010000011100011000000100000010000010000010000000000000100000100000000000001000001000000000000010000000000000000000110000000000000000000100
0000000000000000000000000000000000000000000000000000000000000000011000000001000000001110000000110000000010010000001100000000100100000011000000001001100001010000000010001000110100000000100010001001000000001000011100010000000010000010000100000000100000000001000000010000000000010000000100000000001000000001000000000010000000010000000000100000000000000000001100000000000000000001000000000000000000000000
0000000000000000000000000000000000000000000001100000110000000000011000011100000000001011000101000000000010010010010000000000100100100100000000001001110001000000000010001100010000000001000000000100000000010000000001000000000100000000010000000001000000000100000000010000000001000000000100000000010000000001000000000100000000010000000000000000000000000000000000000000000000000000000000000000000000000000
0000000000000000000000000000000000000000000011000000001100000000111000000011000000011010000001110000000100110000010100000001000100001001000000010001100010010000000100001001100100000001000001010001000000010000001100010000000100000000000100000001000000000001000000010000000000010000000100000000000100000001000000000001000000010000000000011000000000000000000010000000000000000000000000000000000000000000
0000000000000000000000000000000000000000000000000000001110000000010000000010100000000110000001001000000011100000110010000000101100001000100000001001100100001000000010001011000010000000100001100000100000001000000000001000000010000000000010000000100000000000100000001000000000010000000010000000000100000000100000000001000000001000000000011000000000000000000000000000000000000000000000000000000000000000
0000000000000000000000011000000000000000000110000000001100000001110000000111000000010100000001010000000100100000110100000010001100001001000000100001000110010000001000001001000100000010000010100001000000100000011000010000001000000000000100000010000000000001000000100000000000010000001000000000000100000010000000000001000000100000000000010000001000000000000100000000000000000000000000000000000000000000
0000000000000000000000000000000000011000000011000000000110000000110000000010100000011110000001101000000100100000010010000001001000001000100000010011000010001000000100010001000010000001000011100000100000010000000000001000000100000000000010000001000000000001000000010000000000010000000100000000000100000001000000000001000000000000000000010000000000000000000100000000000000000000000000000000000000000000
0000000000000000000000000000000000000000000001100000000100000000011000000011000000001001000000111000000010010000010010000000100100001100100000001000100010001000000110001001100010000001000001110000100000010000000000001000000100000000000010000001000000000000100000010000000000001000000100000000000010000010000000000000100000100000000000001000000000000000000000000000000000000000000000000000000000000000
0000000000000000000000000000000000000000000000000000001100000000000000000011000000001100000000110000000110100000010010000001001000000100100000010001000010000000000100010001100010000001000100010000100000010001101100001000000100001110000010000001000011000000100000010000000000001000000100000000000000000001000000000000000000010000000000000000000000000000000000000000000000000000000000000000000000000000
0000000000000000000000000000000000000000000000000000001100000000100000000011000000001100000001010000000011000000110100000000110000001001000000001010000110010000000100100011000100000001001101100001000000010001110000010000000100000000000100000001000000000001000000010000000000010000000100000000000100000001000000000001000000010000000000000000000000000000000000000000000000000000000000000000000000000000
0000000000000000000000000000000000000000000000000000001100000000011000000011000000000110000001110000000001100000010100000000011100001101000000001001000010010000000010010001000100000000100110110001000000001000110000010000000010000000000100000000100000000011000000001000000000100000000010000000001000000000100000000010000000000000000000000000000000000000000000000000000000000000000000000000000000000000
0000000000000000000000000000000000000000000000000000000000000000010000000001000000001100000000110000000011100000001100000000101000000101000000001011000011010000000010010000100100000000100110011001000000010000101100010000000100001110000100000001000000000001000000010000000000010000000100000000000100000001000000000010000000010000000000100000000000000000001000000000000000000010000000000000000000100000
0000000000000000000000000000100000000000001000111100111000000010011001101001000000010100001100010000000101000011000010000001100000100000100000011000001000001000000010000010000010000000100000100000100000001000011000001000000010000110000010000000100001100000100000001000011000001100000010000100000001000000100001000000001000001000010000000001000010000100000000000000100000000000000000001000000000000000
0000000000000000000000000000000000000000001011000000110000000011101000010100000000010001001000100000000100010100001000000011000101000010000000110001010000100000001100011000001000000011000110000010000000100001100000010000001000011000000100000110000100000000100001100001000000001100011000010000000000110110000100000000000001100001000000000000010000010000000000000100000100000000000001000001000000000000
0000000010000000000000000011110000000000000101100100111000000001010000101011000000010100001100010000000110000011000100000001100000100001000000010000001000010000000100000010000100000001000001100001000000010000011000010000000100001110000100000011000010100001000000110000101000010000001100001100000100000011000011000001000000100000110000010000001000001100000011110010000000000000000000000000000000000000
0000000000000000000000100001100000000000001100111100000000000001011001000110000000010100011011100000000110000010101000000001100000110010000000011000001100100000000100000011001000000001000000100010000000010000001000100000000100000010001000000001000001100010000000010000011000100000000100000110001000000001000001100011000000010000010000010000000100000100000000000000000001000000000000000000010000000000
0100000000000000000001110001110001100000000100010100111000000001101000101010000000001100001100100000000011000011001000000000100000100010000000001000001000100000000010000100001000000001100001000010000000011000010000100000000110001100001000000001100011000010000000110000110000100000001100011100001000000011000110000011000000110001100000011000001100011000000000000010000000000000000000100000000000000000
0000000000000000000000100000000000000000000110000111001100000000100011001111000000001000100011010000000001010000100100000000011000011001000000000110001010010000000001000011001000000000010001010010000000000100010100100000000011000101001000000000110010100110000000001100101001000000000011001010001000000000100011000010000000001001110000110000000010011000000100000000100000000000000000001000000000000000
0000000000000000000000100001100000000000001100111000111000000001001011010010000000010100010100100000000101000110001000000001100001100010000000001000110000110000000010001100000100000000100010000001000000011000100000010000000100001000000100000001000010000001000000110001100000001000001100010000000010000011000100000000110000110001000000000000001000010000000000000010000000000000000000000000000000000000
0000000000000000000000000000000000000000000001000011000001100000010011011000101000000110100010010010000000110000100100100000001000001010001000000010000011100010000000100000110000100000011000001100001000000110000010000100000011000000100001000000110000001000010000001100000110000100000011000001100001000000110000010000010000001000001100000110000110000011000000110000100000110000000000000000000000000000
0000000000000000000000000000000000000000001100011100011000000000100100101010000000001010001110100000000011100011001000000000010000110010000000000100001000100000000001000110001000000000110001000100000000001000010001000000000010000100010000000000100011000100000000001000110001000000000010001100010000000001100010000110000000011000100000100000000100001000001100000001000000000000000000010000000000000000
0000000000000000000000000000000000000000000000001100000100000000000111100011100000001001001000110000000001100011010100000000011000010101000000000100000110010000000001000001100100000000010000011001000000000100000100010000000001000001000100000000110000110001000000001100001000010000000011000010000100000000110000100001000000001100001000001100000010000100000001000000100001000000000000001000000000000000
0000000011000001100000000001101000011000000000110010001010000000001000100010110000000110001000100100000001000010010001000000110000100100010000001000001001000100000010000010010001000001000000101100010000010000001010000010001100000010100000100010000000101000001000100000001010000010001000000010100000100110000000110000001001000000001100000011010000000011000000010100000000110000000110000000001100000001
0000000001100011100000000000111000101000000000001010001010000000000010100100100000000000101001001000000000011010010010000000000100100100100000000011001001001000000000100010110010000000001000101000100000000100001010001000000001000010100011000000110000101000010000001000001010000100000110000010100001000001000000110000010000110000001100000100001000000001000001100100000000000000001000000000000000000010
0000000001000001000000000000111000110000000000001010001100000000000010100011000000000001101001101000000000010010010010000000000100100100100000000010001001001000000000100010010010000000010000100100100000000100001010001000000001000010100010000000100000101000100000001000000110001000000100000001100010000001000000011000100000010000000110001100001000000000000001000000000000000000010000000000000000000000
0000000000100001100000000000001000011000000000000111000110000000000001010010100000000000010100101000000000001001001010000000000010010110100000000000100101001000000000010001010001000000000100010100010000000011000101000100000000100001110001000000001000011000010000000110000110000100000001000001100001000000010000011000010000001100000000000110000010000000000000100000100000000000001000000000000000000010
0000000001100000000000000000011000001000000000001111000011000000000010010001010000000000100100010100000000011001000101000000000100010010010000000001000100100100000000110001001001000000001000010010010000000010000100100100000000100001010001000000010000010100010000000100000101000100000001000001010001000000110000011100010000001000000110000100000010000000100001000001000000001000011000000000000000000010
0000000000100000110000000000011000001100000000000110000011000000000001010001110000000000110100010100000000001001000101000000000010010001010000000000100100010100000000010001001001000000000100010010010000000001000100100100000000110001001001000000001000010100010000000010000101000100000001100001010001000000010000010100010000000100000111000100000010000001100001000000100000000000010000000000000000000010
0000000110000000000000000010100000110000000000101000001100000000011010000111000000000100100001010000000001001000010100000000010001000101000000001000010011010000000010000100100110000001100001001000100000010000010010001000000100000100100010000001000001001000100000100000010010001000001000000011000011000010000000110000010001100000001100000100010000000011000001000000000000110000010000000000000100000100
0000000001000001100000000000110000011000000000011100001110000000000101000010100000000001010000101000000000100100001010000000001001000110100000000100011001001000000001000010010010000000010000100100010000001000001001000100000010000010110001000001100000101000010000010000001010000100000100000010100000100010000000101000001000100000001110000010010000000011000000100000000000110000000100000000001100000001
0000000011100000100000000000101100001000000000010001000110000000000100010001110000000010000100010100000000100001000101000000011000010010010000000100000100100100000001000001001001000000100000010110010000001000000101000100000010000001010001000001000000010100010000010000000101000100001100000001010001000010000000011000010000100000000110000010011000000001100000100000000000000000001000000000000000000010
0000000011000000110000000001110000001100000000010100000011100000000101000001101000000011010000010010000000100100000100100000001001000001001000000110001000010010000001000010001100100000010000100010001000001000001000100010000010000010001000100000100000100010001000011000001001100010000100000010010000110001000000010100000100110000000101000001001000000001010000010010000000011000000100000000000110000001
0000000000000000000000000000000000000000000010000000011000000001110000000110000000010100000011010000000101100000100100000001001000001001000000010010000100010000001000010001000100000010000100010001000000100001001000010000001000011100000100000010000000000001000000100000000000010000001000000000000010000010000000000000100000100000000000001100010000000000000001000000000000000000000000000000000000000000