0000000000000000000000000000000000000000000000000000000000000000000000000010000000011100000000100000000101000000001000000001011000000010000000010011000000100000000100010000001000000001000110000011000000010000110000010000000100000100000100000001000000100001000000010000001100010000000100000001100100000001000000001001000000010000000001010000000000000000011100000000000000000010000000000000000000000000
0000000000000000000000000000000000000000000110000000001000000001110000000110000000110100000001000000001001100000010000000010001000000100000000100011000001000000001000011000010000000010000010000100000000100000010001000000001000000100010000000010000000100100000000100000001101000000001000000001110000000010000000001100000000100000000001000000001000000000011000000010000000000010000000100000000000100000
0000000000000000000000000000000000100000000011100000001000000000101000000010000000001001000001000000000010010000010000000000100010000100000000011000100001000000000100000100010000000001000001100100000000010000001001000000000100000011010000000001000000010100000000010000000101000000000100000000110000000001100000001100000000001000000011000000000000000000010000000000000000000000000000000000000000000000
0000000000000100000000000000000000100000000011000000001000000000111000000010000000001011000000100000000110010000001000000001000010000010000000010000100000100000000100000100001000000001000000100010000000010000001000100000000100000001001000000001000000010010000000010000000100100000000100000000101000000001000000001110000000011000000001100000000010000000001000000000000000000000000000000000000000000000
0000000000000000000000000000000000000000000000000000000100000000111000000001000000001011000000010000000010010000000100000001000010000001000000010000110000010000000100000100000100000001000001100001000000010000001000010000000100000001000100000001000000010001000000010000000010010000000100000000100100000001000000001110000000010000000001100000000000000000001000000000000000000000000000000000000000000000
0000000000000000000000000000000000000000000000000000000000000000000000000001000000001110000000010000000010110000000100000000100110000001000000001000100000010000000010000100000100000000100001000001000000001000001000010000000010000010000100000000100000010001000000001000000100010000000010000000100100000000100000001101000000001000000001110000000000000000001100000000000000000000000000000000000000000000
0000000000000000000000000000000000010000000000000000000100000000111000000001000000001011000000010000000110010000000100000001000010000001000000010000100000010000000100000100000100000001000001000001000000010000001000010000000100000010000100000001000000110001000000010000000100010000000100000001000100000001000000001001000000010000000010110000000010000000011000000000000000000110000000000000000000000000
0000000000000000000000000000000000000000000000000000000001000000111000000000010000010001000000001000000100001000000010000001000001000000100000010000011000000100000100000010000001000001000000100000010000010000000100000100000100000000100001000001000000001000010000010000000001000100001000000000011011000010000000000011100000000000000000011000000000000000000000000000000000000000000000000000000000000000
0000000000000000000000000000000000100000000011100000001000000001101000000010000000010011000000100000000100010000001000000001000010000010000000010000100000100000000100000100001000000001000001000010000000010000001000100000000100000010001000000001000000010010000000010000000110100000000100000000101000000001000000001110000000010000000001000000000000000000000000000000000000000000000000000000000000000000
0000000000000000000000000000000000000000000000000000000000000000000000000000000000001100000001000000000011000000010000000000111000000100000000001011000001000000000010010000010000000001100100000100000000010000100001000000000100001100010000000001000001000100000000010000011001000000000100000010010000000001000000010100000000010000000111000000000100000000110000000000000000000000000000000000000000000000
0000000000000000000000000000000000000000000000000000000000000000000000000000000000000110000100000000000001100001000000000000011000010000000000001001000100000000000010010001000000000000100110010000000000001000100100000000000010000100100000000000100001101000000000001000001110000000000010000001100000000000100000011000000000001000000010000000000000000000000000000000000000000000000000000000000000000000
0000000000000000000000000000000000000000000000000000001100000000110000000010000000001100000000100000000010100000001000000000101000000010000000001001000000100000000010010000001000000000100010000010000000001000110000100000000010000100001000000000100000100010000000001000001100100000000010000001001000000000100000001010000000000000000011100000000000000000000000000000000000000000000000000000000000000000
0000000000000000000000000000000000000000000001000000000000000000010000000100000000000110000011000000000001100000100000000000011000001100000000000101000001000000000001010000010000000000010110000100000000000100100001000000000001001100010000000000010001000100000000000100011001000000000010000010010000000000000000010110000000000000000100100000000000000001111000000000000000001100000000000000000001000000
0000000000000000000000000000000000000000000000000000000100000000011000000001000000001111000000010000000010010000000100000000100010000001000000001000010000010000000010000100000100000000100000100001000000001000000100010000000010000001100100000000100000001001000000001000000011010000000010000000010100000001000000000011000000000000000000000000000000000000000000000000000000000000000000000000000000000000
0000000000000000000000000000000000000000000011000000000000000001110000000000000000010110000000010000000100100000000100000001000100000001000000010000100000010000000100001100000100000010000001000001000000100000011000010000001000000011000100000010000000010001000000100000000010010000001000000000110100000010000000000111000000000000000000110000000000000000000000000000000000000000000000000000000000000000
0000000000000000000000000000000000000000000000000000000000000000010000000000000000001110000000100000000010100000001000000000101100000010000000001001000001000000000010011000010000000000100010000100000000011000010000100000000100000110001000000001000000100010000000010000000100100000000100000001001000000001000000001010000000010000000011000000000110000000010000000000000000000000000000000000000000000000
0000000000000000000000000000000000000000000000000000000000000000110000000010000000001110000000100000000010100000001000000000101100000010000000001001100000100000000110001000001000000001000001000010000000010000001000100000000100000010001000000001000000010001000000010000000110010000000100000000100100000001000000000111000000000000000000110000000000000000000100000000000000000000000000000000000000000000
0000000000000000000000000000000000000000000001100000000000000000011000000000000000000101000000010000000001011000000100000000010010000001000000000100110000010000000001000100000100000000110000100001000000001000001100010000000010000001100100000000100000001001000000001000000011010000000010000000011100000000000000000011000000000000000000000000000000000000000000000000000000000000000000000000000000000000
0000000000000000000000000000000000000000000000000000000000000000000000000100000000001100000001000000000010100000010000000000101100000100000000001001000001000000000010001000010000000000100001000100000000001000010000100000000010000010001000000000100000110010000000001000000100100000000010000000101000000000100000001110000000001000000001100000000010000000000000000000000000000000000000000000000000000000
0000000000000000000000000000000000001000001100000000000010000011110000000000100000100110000000001000001000110000000010000010000110000000100000100000100000001000001000000100000010000010000000100000100000100000001100001000001000000001100010000011000000001000100000010000000001001000000100000000011010000011000000000011100000100000000000011000001000000000000110000010000000000000000000000000000000000000
0000000000000011000000000000000000100000001100000000001000000011000000000010000000101000000000100000010001000000001000000100011000000010000001000010000000100000010000010000001000000100000100000010000001000000100000100000010000001100001000000100000001000010000001000000001000100000010000000011001000000100000000011010000001000000000011100000010000000000011100000100000000000000000000000000000000000000
0000000000000000000000000100000000000100000011100000000001000000101100000000010000001001000000000100000010001000000001000000100001000000010000011000011000000100000100000010000001000001000000010000010000010000000100000100000100000000100001000001000000001000010000100000000001000100001000000000010001000010000000000010010000100000000000110100001000000000000101000010000000000000110000000000000000000100
0000000000000000000000000000000000000000000001110000000010000000010110000000100000001100110000001000000010000100000010000000100000100000100000001000000100010000000010000001000100000000100000001001000000001000000010010000000010000000010100000000100000000101000000001000000001010000000010000000001100000000100000000011000000001000000000011000000010000000000110000000000000000000100000000000000000000000
0000000000000000000000000100000000000000000011100000000010000000101000000000100000001001000000001000000010011000000110000000100010000001000000010000010000010000000100000010000100000001000000100001000000010000000100010000000100000001100100000001000000001001000000010000000001010000000100000000011100000001000000000011000000010000000000011000000100000000000110000000000000000000000000000000000000000000
0000000000000000000000001100000000000000000011100000000110000000101100000001000000011001000000010000000100001000000100000001000010000001000000010000010000100000000100000100001000000001000001000010000000010000001000100000000100000010001000000001000000010010000000010000000100100000000100000000101000000001000000001110000000010000000001100000001000000000011100000010000000000011000000000000000000000000
0000000000000000000000000000000000010000000001100000000100000000111100000001000000001001000000010000000010001000000100000000100011000001000000001000010000010000000010000110000100000000100000100001000000010000001100010000000100000001000100000001000000001001000000010000000010010000000100000000010100000001000000000101000000010000000001110000000100000000001100000001000000000001000000000000000000000000
0000000000000000000000000000000000000100000000000000000001000000111000000000010000001011000000001100000010010000000010000001000010000000100000010000010000001000000100000110000010000001000000100000100000010000000100001000000100000001000010000001000000001000100000010000000010001000000100000000010010000001000000000100100000010000000000101000000100000000001110000000000000000001100000000000000000011000
0000000000000000000000000000000000010000000011000000000100000000111000000001000000010011000000010000000100010000000100000001000010000001000000010000110000010000000100000100001000000001000000100010000000010000001000100000001000000011001000000010000000010010000000100000000010100000001000000000101000000010000000000110000000100000000001100000011000000000001000000000000000000000000000000000000000000000
0000000000000000100000000000000000001000000011000000000010000001101000000000100000010001000000001000000100010000000010000001000010000000100000010000110000001000000100000100000010000001000001000001000000010000001000010000000100000011000100000001000000010001000000010000000010010000000100000000110100000001000000000101000000010000000001110000000100000000001100000000000000000001000000000000000000000000
0000000000000000010000000000000000000100000001000000000011000000011000000000100000001001000000001000000010011000000010000000100010000000100000001000010000001000000010000110000010000001000000100000100000010000000100001000000100000001100010000001000000001000100000010000000001001000000100000000010010000001000000000010100000010000000000111000000100000000000110000000000000000000000000000000000000000000
0000010000000000001000001110000000000110000010100000000001000000101000000000010000001010000000000100000100100000000001000001001000000000100000010001000000001000001000010000000010000010000100000001000000100001000000010000001000010000000100000010000010000010000001000000100000100000010000001000001000000100000011000100000001000000010001000000010000000110110000000100000000101000000000000000001110000000
0000000000100000000000000000011000000011000000000110000000100000000011010000001000000000100100000110000000001001000001000000000010010000010000000001000100000100000000010000100001000000000100001000100000000001000010001000000000010000100010000000000100001100100000000001000001001000000000100000010010000000001000000100100000000010000001001000000000100000011010000000001000000011000000000000000000110000
0000001110000000011000000010100000000100000000101100000001000000001001000000010000000010010000000100000001000010000010000000010000100000100000000100001000001000000001000010000010000000010000010000100000001100000100011000000010000001000100000000100000010001000000001000000010010000000010000000100100000001000000001001000000010000000010010000000100000000010100000000000000000101000000000000000001010000
0000010000000000001100001110000000000010000010100000000000100000101100000000001000001001000000000010000100010000000001000001000010000000010000010000100000000100000100001000000001000001000001000000100000100000010000001000001000000100000010000010000001100001100000100000001000010000001000000010000100000100000000110001000001000000000100010000010000000001100100000000000000001010000000000000000001100000
0000000110000000001000000011100000000010000000101000000001000000001010000000010000000100100000001100000001000100000010000000010001000000100000001000010000001000000010000100000100000000100001100001000000010000001000010000000100000010001000000001000000100010000000010000001000100000001000000001001000000010000000010100000000100000000101000000001000000001110000000010000000001100000000000000000011000000
0000100000000000010000011100000000001100000101000000000010000001010000000000100000100010000000001000001000100000000110000010001100000001000000100001000000010000001000011000000100000100000010000001000001000000100000010000010000000100001000000100000001000010000001000000001000100000010000000010001000000100000000110010000001000000000100100000100000000001101000001000000000001010000000000000000011100000
0000000110000000000100000011100000000001000000101100000000100000011001000000001000000100010000000010000001000110000000100000100000100000010000001000001000000100000010000010000001000001000000110000010000010000000100001000000100000001000010000001000000010000100000100000000110001000001000000000100010000010000000001000100001100000000010010000010000000000110100000000000000000101000000000000000001110000
0000111000000000011000001010000000000100000100100000000001000001000100000000010000010001000000000100000100011000000010000010000010000000100000100000100000001000001000000100000010000010000001100000100000100000001000001000010000000010000010000100000000010000100001000000000110001000010000000000100010000100000000000101000011000000000001110000100000000000001100000000000000000011000000000000000000011000
0000000111000000000000000001010000000000000000110100000000100000001000100000001000000010001000000010000001100010000001100000010000100000010000000100000100000100000001000001000001000000100000010000010000001000000100000100000010000001100010000001000000001000100000010000000010001000001100000000100010000010000000000100100000100000000001001000011000000000010010000100000000000011000000000000000000110000
0000001100000000000100000011100000000011000001101000000000100000010010000000001000000100100000000010000001000100000001000000100001000000010000001000010000000100000010000100000001000000100000100000100000010000001000001000000100000010000010000001000000110000100000010000000100001000001000000001000010000010000000001000100000100000000010011000001000000000010100000000000000000101000000000000000001110000