0000000000000000000000000000111111000000000001110001111110000000110000010011100000010000000000001000001000000000000010000110000000000000010001000000000000000100010000000000000001000100000000000000010001000000000000000100001000000000000010000011000000011000100000011000000011010000000011000000001100000000011000000111100000000001111110000110000000000000000000110000000000000000000100000000000000000000
0000000000000000000000000001111111000000000001100000011110000000100000000000110000010000000000000100001100000000000000100010000000000000001000100000000000000010001000000000000000100010000000000000001000100000000000000010001000000000000001100011000000011000010000010000000011001100000010000000001110000000011000000111000000000011111111001000000000000000000011000000000000000000011000000000000000000010
0000000000000000000000000000011111100000000000011000011100000000011000001001100000001000000000001100000100000000000001000010000000000000010000100000000000000100010000000000000001000100000000000000010001000000000000000100010000000011000001000100000000011000100001000000000011011000010000000000001100000110000000000011100000100000000001001100000110000000110001100000111001110000001000000011100000000001
0000000000000000000000000000000000000000000000001111111100000000001110000000000000000110000011100000000001000000000110000000100000000000110000001000000000000100000100000000000001100001000000000000001000100000000000000100001000000000000001000010000000000000110000100000000011001000001000000000001100000010000000000011000000100000000011001000000100000011100001000001110111100000001000000011000000000001
0000000000000000000000000000000000000000000000000111111110000000001111011100000000000110001000110000000011000000000110000000100000000000110000010000000000000100000100000000000001000001000000000000010000010000000000001100000100000000000010000001000000001101100000010000000001110000000010000000011000000000110000001101000000000011000110001000000000011110000011000000000000000000010000000000000000000010
0000000000000000000000000000000000000000000000011111111100000000011000000000110000001100000000000100000110000000000000100001000000000000001000110000000000000011001000000000000000010010000000000000001100100000000000000010001000000000000000100011000000011000011000010000000010000100000110000000010010000000110000000111000000000110000001100000000000011111110100000000000001100000100000000000000000000100
0000000000000000000000000000000000000000000000000011110000000000000111000010000000000110001111110000000011000010000110000001100000000000110000010000000000000100001000000000000001000010000000000000010000100000000000000100001000000000000001000010000000000000010000100000000010001000001000000000010100000001000000000111000000011000000000110000000011100000110110000000001111110000110000000000000000000110
0000000000000000000000000000000000000000000000001111111000000000001101100111000000001100000000001000000010000000000001000001000000000000010000100000000000000100001000000000000001000010000000000000010000100000000000000100001000000000110001000010000000000110100000010000000000110000000110000000000110000000110000000010110000000110000011000100000000011111100000100000000000000000001100000000000000000001
0000000000000000000000000001111111000000000001110000001100000000110000011110000000011000000000011000001100000000000010000010000000000000010001000000000000000100010000000000000001000100000000000000010001000000000000000100010000000000100010000100000000001101100000100000000001110000001110000000011000000000111000011111000000000011111000011000000000000000000011000000000000000000011100000000000000000001
0000000000000000000000000000000000000000000000111110000000000000011111011110000000001001000000010000000100000000000011000010000000000000010000100000000000000110010000000000000000100100000000000000001001000000000000000010010000000000000001000100000000000000110001000000000010001000011000000000110110000010000000000011000000011000000011111000000001111111100011000000000000000000011000000000000000000011
0000000000000000000000000000001111000000000000011100011000000000001100000001000000000110000000010000000001000000000100000000110000000001000000001000000000010000000010000000000100000000100000000010000000001000000000100000000011000010010000000000010000010100000000000110000110000000000000110011100000000000000011100100000000000000000001100000000000000000001000000000000000000000000000000000000000000000
0000000000000000000000000000000011100000000000000111001100000000000111000001000000000011000000001000000001100000000010000000010000000000100000001000000000001000000010000000000010000000100000000000100000001000000000001000000010000000000010000000100000000001000000001000000000010000000011000000101100000000010000001110000000000010000011000000000000111111111000000000000000000010000000000000000000000000
0000000000000000000000000000011110000000000000011100111000000000001100000010000000000100000000010000000011000000000100000000100000000001000000010000000000010000000100000000000100000001000000000001000000010000000000010000000100000000000100000001000000000010000000011000000100100000000010000000110000000000011000011100000000000011111101000000000000000000011000000000000000000010000000000000000000000000
0000000000000000000000000011111110000000000001100000010000000000110000000110000000010000000000100000001100000000001000000010000000000010000000110000000000100000001100000000001000000011000000000100000000110000000001000000001100000000010000000011000000001000000000110000000110000000001100000001000000000001100001101000000000001100110010000000000001110000000000000000000000000000000000000000000000000000
0000000000000000000000000000000000000000000000111111111000000000110000000011000000011000000000001000001100000000000010000010000000000000100001100000000000001000010000000000000010000100000000000000100001000000000000001000010000000000000100000100000000000011000001100000000110100000001100000000110000000001000000001100000000001100001101000000000001111100001000000000000000000000000000000000000000000000
0000000000000000000000000000000010000000000000001111111000000000001100000011000000000110000000011000000011000000000010000000100000000000100000011000000000001000000100000000000010000001000000000000100000010000000000001000000100000000000010000001000000001101100000001000000001010000000010000000011000000000110000000110000000000110000011110000000000111111000110000000000000000000000000000000000000000000
0000000000000000000000000000000000000000000000000111100000000000001111011110000000000110000000010000000010000000000010000001100000000000110000010000000000000100000100000000000001000011000000000000010000100000000000000100001000000000000001000010000000000000010000010000000000000100000100000000000011000001000000000001100000001000000001010000000011000000011000000000011000011110000000000011111100100000
0000000001111000000000000000110011100000000000110000001100000000011000000000100000001100000000001000000110000000000001000001000000000000010000110000000000000100001000000000000001000010000000000000010000100000000000000100001000000000000001000010000000000000010000110000000010001000000100000000010100000000100000000110000000000100000011110000000000111111100110000000000000000000000000000000000000000000
0000000000000000000000000000011110000000000000011000111000000000001100000001000000000110000000001000000011000000000010000000100000000000010000001000000000000100000100000000000001000001000000000000010000010000000000000100000100000000000001000001000000000000100000010000000001001000000010000000010100000000110000000010000000000110000011100000000000011111101100000000000000000000000000000000000000000000
0000000000000000000000000000001100000000000000011101111000000000001100000011100000000110000000001100000010000000000001000000100000000000010000011000000000000100000100000000000001000001000000000000010000010000000000000100000100000000000001000001000000000000010000001000000001001000000011000000010100000000010000000111000000000110000011100000000000111111001100000000000000000000000000000000000000000000
0000000000000000000000000000010000000000000000011111100000000000001110000100000000000110000000110000000001000000000100000000100000000001000000010000000000001000000100000000000010000001000000000000100000100000000000001000001000000000000100000010000000000001000000100000000010010000000100000000011000000001000000000110000000001100000010110000000001111111000110000000000000000000000000000000000000000000
0000000000000000000000000001100000000000000001111111000000000000100000001100000000011000000000100000001000000000001000000010000000000001000001000000000000010000010000000000000100000100000000000001000010000000000000010000100000000000000100001000000000000001000001000000000000010000010000000000001000000110000000000110000000110000000011011000000010000001000010000000011111100000000000000000000000000000
0000000001000000000000000000101111000000000000011100001000000000001010000001000000000010000000001000000001000000000010000000010000000000010000001000000000000100000010000000000001000000000000000000010000010000000000000100000100000000000010000001000000000000100000010000000001001000000100000000001100000001000000000011000000010000000000101000000010000000110011000000011111110000011000000000000000000000
0000000000000000000000000000000000000000000000000000000000000000000000000100000000000000101110110000000000011100000100000000000110000000100000000001000000001000000000110000000010000000001000000000100000000010000000001000000000000000000010000000001000000001000000000010000000010000000000100000001100000000001000000010000000000001000001010000000000011001100110000000000001100000110000000000000000000000
0000000001011000000000000000100001000000000000110111101100000000010011000000100000001001100000000100000010010000000001000001000100000000010000100000000000000010000000000000000000100100000000000000010001000000000000000000010000000000000001001000000000000100010010000000000000101000100000000000001010000100000000000001000001000000000001111000001100000001100010000001110011100000110000000011000000000000
0000000000011100000000000000010000000000000000011011110000000000001011000011000000000101000000010000000010010000000010000001000100000000100000010000000000001000001000000000000001000100000000000000010001000000000000000100010000000000000010000100000000000000100001000000000000001000010000000000001100000010000000000011000000110000000001010000000010000000100010000000011111110000110000000000000000000000
0000000111111000000000000110000001100000000011000000000100000001100000000001100000101000000000001000001000000000000001000100000000000000001001000000000000000010010000000000000000100100000000000000000101000000000000000001010000000000001000010100000000000001000100100000000000010011001000000000000010100001000000000000111000001000000000011000000001100000001101000000000111101100001100000000000000000000
0000000001111000000000000000100000000000000000010011111000000000001011000011000000000101000000001000000011010000000001000001000000000000010000010000000000000100001000000000000001000010000000000000010000100000000000000100001000000000000001000010000000000000010000110000000000100100000100000000001010000001000000000001100000001000000000111000000011000000011011000000011100111000010000000000110000000000
0000000000000000000000000000111000000000000000100000000000000000110011111100000000010011000000100000001101100000000110000010001000000000100001000000000000001000010000000000000001001000000000000000010010000000000000000100100000000000000001001000000000000000010010000000000000000100100000000000001101000100000000000001100001100000000000001100001000000000000101100001100000000110000000000111000011000000
0000000000000000000000000000011111100000000000011111001100000000001100000000100000000100000000000100000011000000000001000001000000000000001000010000000000000010001000000000000000100100000000000000001001000000000000000010010000000000000000100100000000000000010001000000000000110100010000000000000110000100000000000001100000100000000000101000001000000000011011000001000000011000000000001111111000000000
0000001111111000000000000110000011000000000110000000001100000001000000000001000000100000000000001000011000000000000011000100000000000000010001000000000000000100010000000000000001100100000000000000001001000000000000000010010000000000000000100100000000000000010001000000000001000100010000000000010001000110000000000010100000100000000000010000000100000000001110000000100000000110110000000111111111000110
0000000001111000000000000011110111000000000001000000011100000000100000000001100000011000000000001100000100000000000001000010000000000000001000100000000000000010001000000000000000100010000000000000001100100000000000000001001000000000000000010010000000000010001000100000000000100010000100000000001100100001100000000001110000001000000000001100000001100000000111000000001111111110001100000000000000000000
0000000001100000000000000011111110000000000001100000011000000000100000000011000000011000000000011000000100000000000010000011000000000000010000100000000000000100001000000000000001000010000000000000010000110000000000000100000100000000000001000001000000000000010000011000000001100100000010000000001101000000100000000001100000000100000000001000000001100000001101100000001110001110001100000000111110000000
0000000111111111000000000011000000011000000001100000000010000000100000000000010000010000000000000010001000000000000000110110000000000000000101000000000000000001010000000000000000010100000000000000000101000000000000000001010000000000000000100100000000000010001001000000000000110110001000000000000111000011000000000000110000011000000000011011000011100000001100010000000111111110000000000000000000000000
0000000000000000000000000000001000000000000000011111110000000000011000000011100000001100000000001100000110000000000001000001000000000000001000010000000000000011001000000000000000010010000000000000000100100000000000000011001000000000000000100010000000000000001000010000000000100100000100000000001101000001100000000001100000001100000000111100000001100000011000110000001110011100000000000000111100000000
0000000000000000000000000111100000000000000011001111000000000000100000001110000000011000000000111000000100000000000010000001000000000000010000010000000000000110000100000000000000100001000000000000001000010000000000000010000100000000000000100001000000000000001000010000000000100010000100000000001101000001100000000001110000001000000000001000000011000000000111100000011100000110011000000001111110000000
0000001111111000000000000110000101100000000010000000001100000001100000000000100000110000000000000100001000000000000000100010000000000000001100100000000000000001001000000000000000010010000000001000000100100000000011000001001000000000010000010001000000000010000100010000000000110001000010000000000100010000010000000000101100000011000000001111000000011110001111000000000000011100001000000000000000000011
0000000110000000000000000111111000000000000110000001100000000011000000000110000001100000000000010000010000000000000110000100000000000000010001000000000000000100010000000000000000100100000000000000001001000000000000000010010000000000100000100100000000001100001000100000000001100010001000000000001101000001000000000001010000011000000000001000000011000000000101100000011000000110001000000001111111000000
0000000001100000000000000011111110000000000001000000011100000000100000000001100000010000000000000100001100000000000000100010000000000000001000100000000000000001001000000000000000010010000000000000000100100000000000000001001000000000100000010011000000001100000100010000000001000011000100000000001000100000100000000001011000001100000000011100000000110000001111000000000111111110001100000000000000000001
0000000000000000000000001111111110000000000110000000111000000011000000000011100000100000000000001100001000000000000001000010000000000000001000100000000000000010001000000000000000010010000000000000000100100000000000000001001000000000011000100010000000000011001000100000000000001110000100000000000011000001100000000001111000001100000001110011000001111111110000000000000000000000000000000000000000000000