0000001111100000000000001100001110000000000010000000110000000001100000000100000000010000000001100000000100000000011000000001000000000100000000001000000001000000000010000001100000000000101000110000000000001111111000000000000010000110000000000000100000010000000000001000000010000000000010000000011000000000100000000011000000001100000000011100000001000000000000000000000000000000000000000000000000000000
0000001111111100000000000110000000100000000011000000000100000000100000000001000000001000000000011000000110000000000100000001000000000011000000010000000000100000000101100001110000000001011111110000000000010001111000000000000100000011000000000001000000011000000000010000000011000000000100000000010000000001000000000011000000010000000000011000000100000000000000000000000000000000000000000000000000000000
0000000001111100000000000001100001100000000001100000001100000000010000000001000000000100000000010000000010000000001100000000100000000010000000001000000001000000000110000001100000000001011111110000000000010111110000000000000100000011000000000001000000011000000000010000000010000000000110000000010000000000100000000010000000001000000000110000000010000000000110000000000000000000000000000000000000000000
0000000000011000000000000000111001100000000000011000001000000000001100000001000000000010000000010000000001000000001000000000010000000010000000000100000001000000000010000000100000000000111110110000000000001011110000000000000010000010000000000000100000010000000000001000000010000000000010000000100000000000100000000100000000001000000001000000000000000000001000000000000000000001000000000000000000000000
0000000000000000000000000000000000000000000000111111110000000000011000000011000000001000000000010000000010000000000100000001100000000000100000010000000000010000000101100000000100000001010110000011000000010100110011100000000100111111100000000001000000110000000000010000000100000000000100000000100000000001000000001100000000010000000001110000000100000000000111000000000000000000000000000000000000000000
0000000000000000000000000000111100000000000000111001100000000000001000001000000000000100000001000000000011000000010000000000100000001000000000001000000010000000000010000001000000000000111100100000000000001111110000000000000010001000000000000000100001000000000000001000001000000000000010000011000000000000100000011000000000000000000011000000000000000000011100000000000000000001110000000000000000000000
0000000000000000000000000001111000000000000000100001000000000000010000001000000000001100000010000000000010000000100000000000100000001000000000011000000010000000000100000001000000000001011110100000000000010111110000000000000100000011000000000000100000010000000000001000000010000000000010000000110000000000100000000110000000001000000000111000000000000000000000000000000000000000000000000000000000000000
0000000000000000000000000000000000000000000000111111110000000000011000000011000000001000000000010000000100000000000100000011000000000011000000100000000001100000001000000000110000000010000000110000000000100001111000000000001111110000000000000010000011000000000000100000011000000000001000000001000000000010000000001000000000010000000010000000000100000000010000000000000000000110000000000000000000100000
0000000000000000000000000000000000000000000000111110000000000000011000111000000000001100000011000000000010000000010000000000100000000100000000001000000011000000000010000000100000000000100000110000000000001111111000000000000011111000000000000000100001100000000000001000001100000000000010000001100000000000010000001100000000000100000001100000000000000000001100000000000000000001100000000000000000000000
0000000111111100000000000110000001100000000011000000001000000001100000000010000000010000000000010000000100000000001000000001000000000010000000100000000001000000001000000000010000000010111110011000000000011000011100000000000111011111000000000001001000011000000000010000000011000000000100000000011000000001000000000001100000010000000000001110000100000000000000000000000000000000000000000000000000000000
0000000000000000000000000011111000000000000001100001100000000000010000001000000000000100000011000000000001000000100000000000010000001000000000000100000100000000000001000110000000000000011110000000000000000111110000000000000001000110000000000000010000110000000000000110000010000000000000100000110000000000001000000110000000000010000000000000000000000000000000000000000000000000000000000000000000000000
0000000000000000000000000001111000000000000000110001100000000000011000001100000000000100000000100000000001000000001000000000010000000110000000000100000001000000000001000000110000000000010001110000000000000111100000000000000000101100000000000000001000110000000000000010000110000000000000100000110000000000001000000110000000000010000000110000000000000000000100000000000000000000000000000000000000000000
0000000011100000000000000011001100000000000001100000100000000000010000001100000000001100000001000000000010000000010000000000100000001000000000001000000110000000000010001110000000000000101110000000000000001110000000000000000010011100000000000000100000110000000000001000000010000000000010000000011000000000100000000011000000001000000000011000000000000000000011000000000000000000000000000000000000000000
0000000000000000000000000000111100000000000000011001100000000000000100001100000000000010000001000000000000100000001000000000001000000010000000000010000001100000000000100000110000000000001001111000000000000011100000000000000000101100000000000000001000110000000000000010000110000000000000100000110000000000001000000110000000000010000000110000000000000000000100000000000000000000000000000000000000000000
0000000001000000000000000001111110000000000000100000110000000000010000000100000000001100000000100000000010000000001000000000100000000010000000001000000000100000000010000000001000000000100000000010000000001000000011000000000111111111100000000000100111000000000000001000011000000000000010000001000000000000100000001000000000001000000011000000000100000000001000000000000000000000000000000000000000000000
0000000000000000000000000000011110000000000000011000110000000000000100000010000000000001000000100000000000100000001000000000001000000010000000000010000001100000000000100001100000000000001001110000000000000011110000000000000000111100000000000000001001110000000000000010000110000000000000100000110000000000001000000110000000000010000000100000000000100000000100000000000000000000000000000000000000000000
0000000000000000000000000000000000000000000000001111000000000000000110011000000000000010000011000000000001100000010000000000010000000100000000000100000001000000000010000000010000000000100000001100000000001000001100000000000010011110000000000000111100000000000000001110000000000000000010011000000000000000100011100000000000001000001100000000000000000000100000000000000000000000000000000000000000000000
0000000000000000000000000000000000000000000000000000000000000000001111100000000000000110000110000000000001000000100000000000010000001000000000000100000001000000000001000000100000000000010000001000000000000100000110000000000001000011000000000000010111000000000000000111000000000000000001100000000000000000001110000000000000000010011000000000000000100011000000000000000000000000000000000000000000000000
0000000000000000000000000001111100000000000000110001100000000000011000001100000000000100000001000000000001000000010000000000010000000100000000000100000001000000000001000000110000000000001000011000000000000010001100000000000000101110000000000000001100000000000000000011110000000000000000100011000000000000001000011000000000000010000001000000000000100000001000000000010000000010000000000000000000000000
0000000000000000000000000000111100000000000000011001100000000000000100000100000000000011000001000000000000100000010000000000001000000100000000000010000011000000000000100001100000000000001000100000000000000010110000000000000000110000000000000000001111000000000000000010011100000000000000110001100000000000000100000100000000000001000001100000000000010000001100000000000000000001000000000000000000000000
0000000000000000000000000011111100000000000001100000100000000010110000001000000000101000000010000000001010000000100000000011000000011000000000010000001100000000000100011100000000000001111000000000000000011000000000000000000111000000000000000001011100000000000000011001100000000000000110000100000000000001100000111000000000011000000011000000000110000000011000000001100000000001000000001000000000000000
0000000000000000000000000000000000000000000000111110000000000001010000110000000000001000000100000000000110000001000000000001100000010000000000101000001000000000001010000110000000000010100110000000000001001110000000000000000110000000000000000101100000000000000001001100000000000000010000111000000000000100100011100000000001001000000111000000010010000000011000000010100000000000000000101000000000000000
0000000000000000000000000000000000000000000000001111111000000001100010000010000000001011000000100000000010100000001000000000110000000110000000001000000011000000000010000011000000000001010111000000000000011110000000000000000111100000000000000001011110000000000000000100110000000000001001000011000000000010010000001000000000100100000001100000001011000000001110000010100000000000111000011000000000000000
0000000000000000000000000000000000000000001000001111100000000001000110000100000000010011000001000000000010100000010000000000110000001100000000001100000110000000000011001111000000000000111100000000000000001110000000000000000011100000000000000001010110000000000000010100110000000000000101000010000000000001010000011000000000010100000001100000000011000000000110000000110000000000011000001000000000000000
0000000000110000000001100000111011000000000100011000011000000001001100000010000000001010000000100000000011000000011000000000110000001100000000001101111100000000000011110000000000000000101000000000000000001001000000000000000010001000000000000000100011000000000000011000001000000000000110000001100000000001100000000100000000011000000000110000000110000000000110000001100000000000011000010000000000000000
0000000000000000000000000000000000000000000110000000000000000000100000011110000000000100011000110000000001001100000100000000010100000001000000000011000000100000000000100000010000000000011000111000000000000111111000000000000001110000000000000000101100000000000000001011100000000000000010100110000000000001011000110000000000010100000111000000000101000000011000000001010000000001100000010100000000000000
0000000000000000000000000000011100000000000000011001100000000110001000000100000000100100000001100000001011000000001000000001100000000110000000011000000011000000000100011111100000000001011000000000000000010110000000000000000110100000000000000001100110000000000000011000110000000000000110000010000000000001100000011000000000011000000001110000000110000000000111000000100000000000011000001000000000000000
0000000001100000000001000001100110000000001001100000010000000010110000000010000000011000000000100000000100000000001000000001000000000011000000010000000000100000001011100000011000000010111111111100000000110001000000000000001100001100000000000101000000100000000001010000000110000000010100000000011000000111000000000001000001100000000000001110011000000000000000111100000000000000000011000000000000000000
0000000000000000000000000000000000000000000000000000000000000010011111110000000000010100000110000000000110000000100000000001100000001000000000011000000110000000000110000110000000000001101111000000000000101110000000000000001011100000000000000000101100000000000000101001000000000000001010001100000000000010100001000000000000101000001100000000001010000001100000000010100000000100000000011000000001100000
0000000000000000000000000011000000000000000011101110000000000000100000110000000000001000000110000000000010000000100000000001000000001000000000010000000010000000000100000000100000000001110000011000000000011111001100000000000101111110000000000001000001100000000000010000001100000000000100000000100000000001000000000110000000010000000000110000000100000000000110000001000000000000100000000000000000000000
0000000111111100000000000011000001000000000001100000010000000000010000001100000000001100000010000000000010000011000000000000110011000000000000001111000000000000000110110000000000000001000110000000000000010000110000000000000100000110000000000001000000110000000000010000000110000000000100000000011000000001000000000011100000010000000000001100000100000000000001100001100000000000001100000000000000000001
0000000111110000000000000110000010000000000001000000010000000000110000000110000000001000000000100000000010000000011000000001111000011100000000011111111000000000000101100000000000000001001100000000000000010000100000000000000100000100000000000001000000100000000000010000000100000000000100000000110000000001000000000110000000010000000000110000000100000000000110000000000000000000110000000000000000000110
0000000000000000000000000000000000000000000000000000000000000000000000000000000000000000000000000000000000000000000000000000000000000000000000000000000000000000000000000000000000000000000000000000000000000000000000000000000000000000000000000000000000000000000000000000000000000000000000000000000000000000000000000000000000000000000000000000000000000000000000000000000000000000000000000000000000000000
0000000011111100000000000001100001110000000000100000000100000000010000000001000000000100000000010000000001000000001100000000010000000110000000000100001110000000000001111110000000000000011110000000000000000100110000000000000001000011000000000000010000011000000000000100000011000000000001000000001100000000010000000001100000000100000000001100000001000000000001100000000000000000001100000000000000000000
0000000001111111100000000000100000001000000000001000000011000000000100000000010000000001000000001000000000010000000010000000001000000001100000000010000001110000000000111111110000000000001100000000000000000011100000000000000000100110000000000000001000100000000000000110000110000000000001000000110000000000010000000110000000000100000000110000000000100000000111000000001000000000011000000000000000000000
0000000111111100000000000011000001100000000000100000001000000000001000000011000000000100000000010000000001000000001100000000010000000010000000001000000001100000000011110001110000000000111111110000000000001001110000000000000010000110000000000000100000011000000000001000000011000000000010000000011000000000100000000001100000001000000000000110000000000000000000000000000000000000000000000000000000000000
0000000001111110000000000000100000100000000000010000000100000000001100000001000000000010000000010000000000100000000100000000001000000011000000000100000001100000000001111111110000000000011100000000000000000100110000000000000001000011000000000000010000011000000000000100000011000000000001000000001100000000010000000001100000000100000000001110000001000000000000110000000000000000000000000000000000000000
0000000011110000000000000011100011000000000000100000011000000000011000000011000000000100000000010000000001000000001100000000010000000010000000000100000001100000000001111111110000000000111110000000000000001000110000000000000010000111000000000000100000011000000000001000000011000000000010000000001000000000100000000001000000001000000000001100000010000000000000000000000000000000000000000000000000000000
0000000001110000000000000001110111000000000000110000011000000000001000000011000000000110000000010000000001000000000100000000010000000001000000000100000000100000000011000000110000000000111111111000000000001011000000000000000010011000000000000000100001100000000000001000001100000000000010000000100000000000100000001100000000001000000000110000000010000000000111000000100000000000011000001000000000000011
0000000001110000000000000001100111000000000000010000001000000000001000000011000000000010000000010000000001100000001100000000010000000110000000000100000011000000000001111111000000000000010110000000000000000100110000000000000001000110000000000000010000011000000000000100000011000000000010000000011000000000010000000011000000000100000000011000000001000000000011000000010000000000011000000000000000000000