0000000000000000000000000000111111110000000000111000000011000000011000000000000000001100000000000000000010000000000000000000100000000000000000001000000000000000000011000000000000000000011100000000000000000000111100000000000000000000111100000000000000000001100000000000000000001000000000000000000010000000000000000001100000000000000000110000000001000000011000000000011110111000000000000000110000000000
0000000000000000000000000000000000000000000000001111111100000000011110000001100000011100000000000000000100000000000000000001100000000000000000001100000000000000000001100000000000000000001111100000000000000000001111100000000000000000000100000000000000000001000000000000000000010000000000000000000100000000000000000110000000000011111111000000000000000000000000000000000000000000000000000000000000000000
0000000000000000000000000000000000000000000000000000000000000000001111111100000000001100000001110000000110000000000000000011000000000000000000100000000000000000001000000000000000000011000000000000000000011110110000000000000000110011111000000000000000000001000000000000000000010000000000000000001100000000000000000110000000000000000010000000000100000011000000000001111111000000000000000000000000000000
0000000000000000000000000000000000000000000000011111111100000000011000000001100000001100000000000000000110000000000000000001000000000000000000010000000000000000000100000000000000000001100000001110000000001111111100110000000000000000000100000000000000000010000000000000000001000000000000000000110000000000000000001000000000000000001100000000000110000100000000000000111110000000000000000000000000000000
0000000000000000000000000000000000000000000000011111100000000000011100000111000000001100000000000000000110000000000000000001000000000000000000010000000000000000000100000000000000000001000000000000000000001110000000000000000000011111110000000000000000000011000000000000000000011000000000000000000100000000000000000011000000000000000001100000000001110011100000000000000111000000000000000000000000000000
0000000000000000000000000000111111000000000000110000011000000000110000000000000000011000000000000000000100000000000000000001000000000000000000010000000000000000000110000000000000000000011100000000000000000000111111000000000000000000011000000000000000000011000000000000000000100000000000000000011000000000000000001100000000000000000110000000000011000111000000000000011110000000000000000000000000000000
0000000000111110000000000001110000010000000011100000000000000001100000000000000000100000000000000000001000000000000000000010000000000000000000110000000000000000000111000000000000000000001111000000000000000000001111100000000000000000000100000000000000000001000000000000000000110000000000000000011000000000000000001100000000000000001100000000000001011100000000000000001000000000000000000000000000000000
0000000011100000000000000011000111000000000001100000000000000000110000000000000000001000000000000000000010000000000000000000110000000000000000000011000000000000000000001111000000000000000000001111000000000000000000011000000000000000000010000000000000000000100000000000000000011000000000000000001100000000000000000110000000000001000010000000000000011111000000000000000000000000000000000000000000000000
0000000111111100000000000110000000000000000010000000000000000001100000000000000000010000000000000000001000000000000000000011000000000000000000011111100000000000000000000111111100000000000000000001100000000000000000001000000000000000000100000000000000000001000000000000000000100000000000000000010000000000000000001000000000000000001100000000000000100100000000000000001110000000000000000000000000000000
0000000000000000000000000000001110000000000000001110000000000000000100000000000000000010000000000000000001100000000000000000010000000000000000001000000000000000000010000000000000000000011111111100000000000000000001100000000000000000001000000000000000000110000000000000000001000000000000000000100000000000000000111000000000000011111000000000000000000000000000000000000000000000000000000000000000000000
0000000000000000000000000000001111000000000000001110000000000000001100000000000000000110000000000000000011000000000000000000100000000000000000001000000000000000000010000000000000000000110000000000000000000111100000000000000000001110000000000000000000011000000000000000000010000000000000000000100000000000000000001000000000001000000100000000000001111110000000000000000000000000000000000000000000000000
0000000000000100000000000000111111100000000000110000000000000000011000000000000000001100000000000000000010000000000000000001000000000000000000010000000000000000000100000000000000000001100000000000000000001100000000000000000001111000000000000000000001111000000000000000000011000000000000000000010000000000000000001100000000011111111110000000000000000000000000000000000000000000000000000000000000000000
0000000000000000000000000000111110000000000000110000000000000000011000000000000000000100000000000000000010000000000000000000100000000000000000001100000000000000000001110000000000000000000111000000000000000000011100000000000000000000110000000000000000000100000000000000000001100000000000000000010000000000000000000100000000000000000011000000000001111111100000000000000000000000000000000000000000000000
0000000000000000000000000000111111000000000000010000000000000000011000000000000000001100000000000000000010000000000000000001100000000000000000010000000000000000000110000000000000000000100000000000000000001110000000000000000000111000000000000000000001110000000000000000000110000000000000000000100000000000000000001000000000000000001100000000001100011110000000000000111000000000000000000000000000000000
0000000000111100000000000000111000000000000000110000000000000000011000000000000000001100000000000000000010000000000000000000100000000000000000001100000000000000000001100000000000000000000111100000000000000000001110000000000000000000110000000000000000000100000000000000000001100000000000000000110000000000000000011000000000110000111100000000000111110000000000000000000000000000000000000000000000000000
0000000000000000000000000000111111000000000000111000000000000000011000000000000000001100000000000000000010000000000000000000100000000000000000001100000000000000000000110000000000000000000011000000000000000000001100000000000000000000110000000000000000000110000000000000000000100000000000000000001000000001000000001100000000011111111100000000000000000000000000000000000000000000000000000000000000000000
0000000000000000000000000000111111000000000000011000000000000000001000000000000000000100000000000000000001000000000000000000100000000000000000001000000000000000000011000000000000000000011100000000000000000001111000000000000000000011100000000000000000001100000000000000000001000000000000000000010000000000000000001000000010000000011100000000011111111100000000000000100000000000000000000000000000000000
0000000000000000000000000000111111000000000000011000000000000000011000000000000000001100000000000000000010000000000000000001000000000000000000010000000000000000000110000000000000000000111000000000000000000011110000000000000000000011000000000000000000001100000000000000000001000000000000000000010000000000000000000100000000000000000001000000000001000001100000000000011111110000000000000000000000000000
0000000000000000000000000000000000000000000000000011111000000000000111000000000000000011000000000000000000100000000000000000010000000000000000000110000000000000000000110000000000000000000111000000000000000000011100000000000000000001110000000000000000000110000000000000000000110000000000000000000100000000000000000011000000000010000001100000000000111111100000000000000000000000000000000000000000000000
0000000000000000000000000000000000000000000000001111110000000000001100000000000000000110000000000000000011000000000000000000100000000000000000001000000000000000000010000000000000000000110000000000000000000111000000000000000000001111000000000000000000011000000000000000000011000000000000000000010000000000110000001100000000000111000110000000000000001110000000000000000000000000000000000000000000000000
0000000000000000000000000111111110000000000011000000011100000000100000000000000000010000000000000000000100000000000000000000110000000000000000000111111111100000000000000000001100000000000000000001000000000000000000010000000000000000000100000000000000000010000000000000000000100000000000000000010000000000000000011000000000010000011100000000000111111000000000000000000000000000000000000000000000000000
0000000000000000000000000011111111000000000011000000011000000000100000000000000000001000000000000000000010000000000000000000100000000000000000001100000000000000000001110000000000000000000111111100000000000000000001100000000000000000001100000000000000000001000000000000000000110000000000000000011000000000000000001100000000010000001110000000000111111110000000000000000000000000000000000000000000000000
0000000000000000000000000000000111000000000000001110011100000000001100000000000000000110000000000000000001000000000000000000010000000000000000000110000000000000000000011110000000000000000000011000000000000000000011000000000000000000010000000000000000000100000000000000000011000000000000000011000000000000000011100000000000011111000000000000000000000000000000000000000000000000000000000000000000000000
0000000000000000000000000001111111000000000000110000011100000000010000000000000000001100000000000000000010000000000000000000100000000000000000001000000000000000000011000000000000000000011111000000000000000000011111000000000000000000001100000000000000000001000000000000000000010000000000000000001000000000000000000100000000000000000110000000000010000111000000000000111110000000000000000000000000000000
0000000001111100000000000001100001110000000001100000000100000000110000000000000000001000000000000000000010000000000000000000100000000000000000001000000000000000000011110000000000000000000111111100000000000000000001100000000000000000001000000000000000000010000000000000000000100000000000000000011000000000000000001100000000000000000110000000000011101111000000000000001100000000000000000000000000000000
0000000000000000000000000001111111000000000001100000011000000000100000000000000000011000000000000000000100000000000000000001000000000000000000001100000000000000000001100000000000000000000111110000000000000000000011000000000000000000011000000000000000000010000000000000000001000000000000000000110000000000000000001000000000000000001100000000000011111100000000000000000000000000000000000000000000000000
0000000000000000000000000001111110000000000000110000110000000000010000000000000000001000000000000000000010000000000000000000100000000000000000001100000000000000000001100000000000000000001111110000000000000000000011000000000000000000001000000000000000000010000000000000000001000000000000000000110000000000000000011000000000001100111100000000000001111000000000000000000000000000000000000000000000000000
0000000011110000000000000011100011100000000011000000000000000001100000000000000000010000000000000000001000000000000000000010000000000000000000100000000000000000001100000000000000000000111100000000000000000001111100000000000000000000110000000000000000000110000000000000000000100000000000000000011000000000000000001100000000000110011110000000000000111000000000000000000000000000000000000000000000000000
0000000000000000000000000001111110000000000000110000111000000000110000000000000000001000000000000000000100000000000000000001000000000000000000011000000000000000000011000000000000000000001110000000000000000000011100000000000000000000110000000000000000000100000000000000000001000000000000000000010000000000000000001100000000000000001100000000000001111110000000000000000000000000000000000000000000000000
0000000000000000000000000000110000000000000000111111100000000000010000000100000000001000000000000000000010000000000000000000100000000000000000001000000000000000000010000000000000000000110000000000000000000111100000000000000000001111100000000000000000001100000000000000000000100000000000000000011000000000000000000100000000000000000110000000000011001110000000000000011110000000000000000000000000000000
0000001111111111100000000110000000000000000110000000000000000001000000000000000000100000000000000000001000000000000000000011111111000000000000000000011110000000000000000000110000000000000000000110000000000000000000100000000000000000001000000000000000000010000000000000000000100000000000000000010000000000000000011000000000000000001100000000000111111100000000000011000000000000000000100000000000000000
0000000000111111100000000000111000001000000000011000000000000000011000000000000000001100000000000000000010000000000000000000100000000000000000001100000000000000000001110000000000000000000111000000000000000000001110000000000000000000111000000000000000000001100000000000000000001000000000000000000110000000000000000011000000000000000111000000000110011110000000000000111000000000000000000000000000000000
0000000000011111000000000000001100000000000000001100000000000000000110000000000000000011000000000000000001100000000000000000011110000000000000000000011110000000000000000000111000000000000000000011000000000000000000011000000000000000000011000000000000000000010000000000000000000100000000000000000001000000000000000000110000000000000000011000000000000000001100000000000000000100000000001111111110000000
0000000000001111100000000000001100000000000000011100000000000000001100000000000000001100000000000000000110000000000000000001000000000000000000011000000000000000000011100000000000000000000111100000000000000000001111000000000000000000001100000000000000000000100000000000000000001000000000000000000010000000000000000001000000000000000001100000000000000000110000000001110000110000000000000011111000000000
0000000000001110000000000000011110010000000000011100000000000000001100000000000000000110000000000000000110000000000000000001000000000000000000001000000000000000000011110000000000000000000011111110000000000000000000110000000000000000000010000000000000000000100000000000000000011000000000000000011100000000000000011100000001111100111100000000000000110000000000000000000000000000000000000000000000000000
0000000000001110000000000000001110000000000000011100000000000000001100000000000000001100000000000000000010000000000000000001100000000000000000001000000000000000000011100000000000000000001111111000000000000000000011111000000000000000000001000000000000000000010000000000000000000100000000000000000011000000000000000001100000000000000011110000000000111111100000000011110000000000000000000000000000000000
0000000000000000000000000000000000000000000000000000111000000000000011111000000000000011000000000000000001100000000000000000100000000000000000010000000000000000000100000000000000000000110000000000000000000011111100000000000000000000110000000000000000000111000000000000000000010000000000000000000010000000000000000001100000000000000000110000000000000000111000000111111111110000000000000000000000000000
0000000000000000000000000000000001100000000000000011110000000000000011000000000000000011000000000000000000100000000000000000001000000000000000000010000000000000000000010000000000000000000011000000000000000000001110000000000000000000111000000000000000000011000000000000000000011000000000000000000001000000000000000000010000000000000000001100000000000000001110000000011111111110000000011100000000000000
0000000000000000000000000000000011100000000000000111100000000000000011000000000000000011000000000000000001100000000000000000110000000000000000001100000000000000000001110000000000000000000111110000000000000000000011110000000000000000000111000000000000000000010000000000000000000100000000000000000011000000000000000011100000000000000111000000000111111111000000000000000000000000000000000000000000000000
0000000000000000000000000000000001000000000000000011100000000000000011100000000000000001100000000000000000100000000000000000011000000000000000001100000000000000000011000000000000000000011000000000000000000011111100000000000000000000111100000000000000000001100000000000000000001000000000000000000010000000000000000011000000001000000111100000000011111110000000000000000000000000000000000000000000000000