0000000000000000000000000000000000000000000000000000000000000011111110000000000000000001111111110000000000010000000000000000000100000000000000000001000000000000000000011000000000000000000010000000000000000000100000000000000000001000000000000000000010000000000000000000100000000000000000001000000000000000000010000000000000000000100000000000000000000000000000000000000000000000000000000000000000000000
0000000000000000000000000000000000000000000000000000000000000000000000000000000000111111111111111000000000001000000000000000000010000000000000000000100000000000000000001000000000000000000010000000000000000001000000000000000000010000000000000000000100000000000000000001000000000000000000010000000000000000000100000000000000000001100000000000000000001000000000000000000000000000000000000000000000000000
0000000000000000000000000000000000000000000000011111111111110000111000010000000000000000000100000000000000000001000000000000000000010000000000000000000100000000000000000001000000000000000000010000000000000000001000000000000000000010000000000000000000100000000000000000001000000000000000000010000000000000000001000000000000000000010000000000000000000100000000000000000000000000000000000000000000000000
0000000000000000000000000000000000111100000111111111111000000000000001000000000000000000010000000000000000000100000000000000000001000000000000000000010000000000000000000100000000000000000001000000000000000000010000000000000000000100000000000000000001000000000000000000010000000000000000000100000000000000000001000000000000000000010000000000000000000100000000000000000000000000000000000000000000000000
0000000000000000000000000000000000000000001111111111111111110000000000100000000000000000001000000000000000000010000000000000000000100000000000000000001000000000000000000010000000000000000000100000000000000000001000000000000000000010000000000000000000100000000000000000001000000000000000000010000000000000000000100000000000000000001000000000000000000010000000000000000000000000000000000000000000000000
0000000000000000000000000000000000000000000111111111111111110000000000100000000000000000001000000000000000000010000000000000000000100000000000000000001000000000000000000010000000000000000000100000000000000000001000000000000000000010000000000000000000100000000000000000001000000000000000000010000000000000000000100000000000000000001000000000000000000010000000000000000000100000000000000000000000000000
0000000000000000000000000000000000000000000000000000000000000011111111111111111000000000001000000000000000000100000000000000000001000000000000000000010000000000000000000100000000000000000010000000000000000000100000000000000000001000000000000000000010000000000000000000100000000000000000001000000000000000000010000000000000000000100000000000000000000000000000000000000000000000000000000000000000000000
0000000000000000000000000000000000000000000111111111111100000000000000000000100000000000001000000000000000000010000000000000000000100000000000000000001000000000000000000010000000000000000000100000000000000000001000000000000000000010000000000000000000100000000000000000001000000000000000000010000000000000000000100000000000000000001000000000000000000000000000000000000000000000000000000000000000000000
0000000000000000000000000000000000000000000000000000000000000011111111111111111000010000001000000000000000000010000000000000000000100000000000000000001000000000000000000010000000000000000000100000000000000000001000000000000000000010000000000000000000100000000000000000001000000000000000000010000000000000000000100000000000000000001000000000000000000010000000000000000000100000000000000000000000000000
0000000000000000000000000000000000000000000000000001111111000001111111100000000000000000000000000000000000000110000000000000000001000000000000000000010000000000000000000100000000000000000001000000000000000000010000000000000000000100000000000000000001000000000000000000010000000000000000000100000000000000000001000000000000000000010000000000000000000100000000000000000001000000000000000000000000000000
0000000000000000000000000000000000000000000001111111000000000000000000001111110000000000001000000000000000000001000000000000000000010000000000000000000100000000000000000010000000000000000000100000000000000000001000000000000000000010000000000000000000100000000000000000001000000000000000000010000000000000000000100000000000000000001000000000000000000000000000000000000000000000000000000000000000000000
0000000000000000000000000000000000000000000000000000000000000000111111111111110000000000001000000000000000000010000000000000000000100000000000000000001000000000000000000001000000000000000000010000000000000000000100000000000000000001000000000000000000010000000000000000000100000000000000000001000000000000000000010000000000000000000100000000000000000000000000000000000000000000000000000000000000000000
0000000000000000000000000000000000000000000011111111111110000000000001000000000000000000010000000000000000000100000000000000000001000000000000000000001000000000000000000010000000000000000000100000000000000000001000000000000000000010000000000000000000100000000000000000001000000000000000000010000000000000000000100000000000000000001000000000000000000010000000000000000000000000000000000000000000000000
0000000000000000000000000000000000000000000001111111111110000000100000000000000000000000001000000000000000000010000000000000000000100000000000000000001000000000000000000010000000000000000000100000000000000000001000000000000000000010000000000000000000100000000000000000001000000000000000000010000000000000000000100000000000000000001000000000000000000010000000000000000000000000000000000000000000000000
0000000000000000000000000000000000000000001111111111111111100000000001000000000000000000010000000000000000000100000000000000000001000000000000000000010000000000000000000100000000000000000001000000000000000000010000000000000000000100000000000000000001000000000000000000010000000000000000000100000000000000000001000000000000000000010000000000000000000100000000000000000001000000000000000000010000000000
0000000000000000000000000000000000000000000000000000000000000001111111111111000000000000000000000000000000000100000000000000000001000000000000000000010000000000000000000100000000000000000001000000000000000000010000000000000000000110000000000000000000100000000000000000001000000000000000000010000000000000000000100000000000000000001000000000000000000010000000000000000000100000000000000000000000000000
0000000000000000000000000000000000000000000000000000000000000000000000000000000000001111111111111100000000000000000000000000000000100000000000000000001000000000000000000010000000000000000000100000000000000000001000000000000000000010000000000000000000100000000000000000001000000000000000000010000000000000000000100000000000000000001000000000000000000010000000000000000000100000000000000000001000000000
0000000000000000000000000000000000000000000000000000000000000000000000000111100000011111111111000000000000000000000000000000000001000000000000000000010000000000000000000100000000000000000001000000000000000000010000000000000000000100000000000000000001000000000000000000010000000000000000000100000000000000000001000000000000000000010000000000000000000010000000000000000000100000000000000000001000000000
0000000000000000000000000000000000000000011111111111111000000000000010000000000000000000100000000000000000001000000000000000000010000000000000000000110000000000000000000100000000000000000001000000000000000000010000000000000000000100000000000000000001000000000000000000010000000000000000000100000000000000000001000000000000000000010000000000000000000100000000000000000001000000000000000000010000000000
0000000000000000000000000000000000000000000000000000000000000001111111111111110000000000001000000100000000000010000000000000000000100000000000000000001000000000000000000010000000000000000000100000000000000000001000000000000000000010000000000000000000100000000000000000001000000000000000000010000000000000000000100000000000000000001000000000000000000010000000000000000000100000000000000000001000000000
0000000000000001100000000000000000110000000000000000110000000000000000111000000000000000111000000000000011110001000000000000100000010000000000000000000100000000000000000001000000000000000000010000000000000000000100000000000000000001000000000000000000010000000000000000001000000000000000000010000000000000000000100000000000000000010000000000000000000100000000000000000011000000000000000000100000000000
0000000000000000111000000000000000011000000000000000111000000000000000110000000000000001110000000000000011110001000000000001000000010000000000000000000100000000000000000001000000000000000000010000000000000000000100000000000000000001000000000000000000010000000000000000001000000000000000000010000000000000000000100000000000000000010000000000000000000100000000000000000011000000000000000000100000000000
0000000000000000011100000000000000111000000000000000110000000000000011110000000000001111000000000000001110000000100000000000000000000100000000000000000001000000000000000000010000000000000000000100000000000000000001000000000000000000110000000000000000001000000000000000000010000000000000000000100000000000000000010000000000000000000100000000000000000010000000000000000001100000000000000000110000000000
0000000000000000011100000000000000001000000000000000001100000000000000001100000000000000001100000000000000011100000000000000111100001000000000111000000010000000000000000000100000000000000000001000000000000000000010000000000000000000100000000000000000001000000000000000000100000000000000000001000000000000000000100000000000000000011000000000000000001100000000000000001110000000000000001110000000000000
0000000000000111111000000000011110000000000001111000000000000011100000100000000000000000001100000000000000000001000000000000000000010000000000000000000100000000000000000001000000000000000000010000000000000000000100000000000000000001000000000000000000100000000000000000001000000000000000000010000000000000000000100000000000000000010000000000000000000100000000000000000001000000000000000000000000000000
0000000000011111100000000001111000000000000011110000000000000011000001000000000000000000010000000000000000000100000000000000000001000000000000000000010000000000000000000100000000000000000001000000000000000000010000000000000000000100000000000000000001000000000000000000010000000000000000000100000000000000000001000000000000000000010000000000000000000100000000000000000011000000000000000000100000000000
0000000000000000001100000000000000001110000000000000011110000000000000111100000000000111110000000000001110000000000000000000000000100000000000000000000100000000000000000001000000000000000000010000000000000000000100000000000000000010000000000000000000100000000000000000001000000000000000000010000000000000000001100000000000000000010000000000000000000100000000000000000010000000000000000000100000000000
0000000000000000111100000000000000111000000000000000110000000000000001110000000000000001110000000000000011110000000000000001000000100000000000000000000100000000000000000001000000000000000000010000000000000000000100000000000000000001000000000000000000100000000000000000001000000000000000000010000000000000000000100000000000000000001000000000000000000100000000000000000001000000000000000000010000000000
0000000000000000011100000000000000011100000000000000111000000000000000010000000000000000111000000000000001110000000000000011100000100000000000000000000100000000000000000001000000000000000000010000000000000000001000000000000000000010000000000000000000100000000000000000001000000000000000000010000000000000000000010000000000000000000100000000000000000001000000000000000000010000000000000000000000000000
0111111000000000000001000011111111111111000000000010000000000000000000100000000000000000001000000000000000000010000000000000000000100000000000000000001000000000000000000010000000000000000000100000000000000000001000000000000000000010000000000000000000100000000000000000001000000000000000000010000000000000000000100000000000000000001000000000000000000010000000000000000000100000000000000000001000000000
0111000000000000000000001111111111001111000000000010001100000000000000100000000000000000001000000000000000000010000000000000000000100000000000000000001000000000000000000010000000000000000000100000000000000000001000000000000000000010000000000000000000100000000000000000001000000000000000000010000000000000000000100000000000000000001000000000000000000110000000000000000001000000000000000000010000000000
0111100000000000000000000111111111000001000000000010001111110000000000100000000000000000001000000000000000000010000000000000000000100000000000000000001000000000000000000010000000000000000000100000000000000000001000000000000000000010000000000000000000100000000000000000001000000000000000000010000000000000000000100000000000000000001000000000000000000010000000000000000000100000000000000000001000000000
0000111111111111111101110000001000000000000000000010000000000000000000100000000000000000011000000000000000000100000000000000000001000000000000000000010000000000000000000100000000000000000001000000000000000000010000000000000000000100000000000000000001000000000000000000010000000000000000000100000000000000000001000000000000000000010000000000000000000100000000000000000001000000000000000000000000000000
1011111111111111111100010000001000000000000000000010000000000000000000100000000000000000001000000000000000000010000000000000000000100000000000000000001000000000000000000010000000000000000000100000000000000000001000000000000000000100000000000000000001100000000000000000001000000000000000000010000000000000000000100000000000000000001000000000000000000010000000000000000000100000000000000000001000000000
0000000000010000000001111111111111111111000000000010000000000000000000100000000000000000001000000000000000000010000000000000000000100000000000000000001000000000000000000010000000000000000000100000000000000000001000000000000000000010000000000000000000100000000000000000001000000000000000000010000000000000000000100000000000000000001000000000000000000010000000000000000000100000000000000000001000000000
1111111111000000011100000000001111111100000000000010000000000000000000100000000000000000001000000000000000000010000000000000000000100000000000000000001000000000000000000010000000000000000000100000000000000000001000000000000000000100000000000000000001000000000000000000010000000000000000000100000000000000000001000000000000000000010000000000000000000100000000000000000001000000000000000000010000000000
0111111111111111000000000000010000001111000000000100000000000000000001000000000000000000010000000000000000000100000000000000000001000000000000000000010000000000000000000100000000000000000001000000000000000000011000000000000000000010000000000000000000100000000000000000001000000000000000000010000000000000000000100000000000000000001000000000000000000010000000000000000000100000000000000000011000000000
1111000001000000011100011111111111111100000000000100000000000000000001100000000000000000001000000000000000000010000000000000000000100000000000000000001000000000000000000100000000000000000001000000000000000000010000000000000000000100000000000000000001000000000000000000010000000000000000000100000000000000000001000000000000000000010000000000000000000100000000000000000001000000000000000000000000000000
0000000000000000000000000000000000000000000000000000000001100001111111111111111000000000010000000000000000000100000000000000000001000000000000000000010000000000000000000100000000000000000001000000000000000000010000000000000000000100000000000000000001000000000000000000010000000000000000000100000000000000000001000000000000000000110000000000000000001000000000000000000010000000000000000000000000000000
0000000000000000000000000000000000000000001111110000000000000000000011111111111000000000010000000000000000000100000000000000000001000000000000000000010000000000000000000100000000000000000001000000000000000000010000000000000000000100000000000000000001000000000000000000010000000000000000000100000000000000000001000000000000000000010000000000000000000100000000000000000001000000000000000000000000000000