0000000000000000001100000000000000000010000000000100000001100100000011000000010001000000101000000100010000001010000001000100000110100000010000100001000100000100001000010001000010000010000100010000100000010001000010001000000100100000100010000001001000001000100000011010000010001000000010100000010110000000101000000101000000001100000001110000000011000000001100000000110000000011000000000000000000000000
0000000000000000000000000000000000000000000000000000000000000000000001000001000000010000010000010000000100001100000100000001000011000001000000010000101000100000000100001010001000000001000010100010000000010000101000100000000100010010010000000001000100100100000000001001000101000000000010010001010000000000101100011000000000001110000110000000000001100000100000000000000000000000000000000000000000000000
0000000000000000000001000000010000000110010000000100000001000100000011000000010001000000111000001100010000001010000010000100000010100000100001000000101000010000011000011010000100000010000100100001000000100001001000010000001000010010001000000011000100100010000000010001001000100000000100110001001000000001001000010100000000011010000101000000000010100001010000000000110000011100000000000100000010000000
0000000000000000000000000000000000000000000000000000000000100001000000000000001000010000000000000010000100000100000000100001000001000000010000010000110000000100000100001100000001000001000011000000010000010000110000000100000100001010000010000001000100100000100000010001001000001000000100010010000100000000101100110001000000001010000100010000000011100001001000000000010000001110000000000000000000000000
0000000000000000000000000000000000000000000000000000000000000110000000000000000100100000000010000010001000000000100000100011000000011000001000010000000110000010000100000001100001000001000000011000010000001000001010000100000010000010010001000000100001100100010000001100010001001000000001000100010010000000010010000010100000000110100000111000000000110000000100000000000000000000000000000000000000000000
0000000000000000000000000000000000000000000000000000000000000000000000000000000000100000000000000010001000000000000000100010000000000000011000110000000000000100000100000000000001000001000000000000110000010000000000001000000100000000000100000000100000100001000000001000011000010000000010000110001000000000010001110010000000000100100101000000000001011001110000000000001100000000000000000000000000000000
0000000000000000000000000000000000000000000000000000000000000000000000000000000000100000000000000100001000000001000001000011000000010000010000010000001100000100000100000011000010000001000000110000100000010000001100001000000100000101000010000000100001010001000000001000010100010000000010001001000100000000100010011010000000000101000011100000000001010000110000000000011100000000000000000000000000000000
0000000000000000000000000000000000000010000000000001100000100000000000011000011000100000001100000100001000000011000001000010000000110000100000100000010100001000001000000101000010000010000011010000100000100000100100010000001000001001000100000001000010010001000000010001000100100000000100010001001000000001001000010100000000001010000011000000000011100000110000000000000000000000000000000000000000000000
0000000000000000000000000000000000000000000000000000000000000000000000000000000000110000000100000100000100000011000001000001000000110000010000010000001100001100000100000011000010000001000001010000100000010000010100001000000100001001000010000001000010001000100000001001000010011000000010010000100100000000100100001101000000001111000001010000000001100000011000000000000000000000000000000000000000000000
0000000000000000000000000000000000000000000000000000000000010001000000000000000100010000000000000001000100000000000000100001000000000000001000011000001000000110000010000010000001000000100000110000010000001000011100000100000010000101000010000000100001010000100000001100010100011000000001001001100100000000010010001010000000000101100011100000000001010000000000000000001100000000000000000000000000000000
0000000000000000000000000000000000000000000000000000000001000010000000000000010000100000000000000100001100000000000001000001000000000000010000011000000000001000000010000011000010000000100000110000100000001100001010001000000001000010100010000000010000101000100000000010001010001000000000100100010010000000001101000101100000000001110000110000000000011000000000000000000000000000000000000000000000000000
0000000000000000000000000000000000000000000000000000000001000010000000000000010000100000000000000100000100000000000001000001000000000000010000010000000000001000000010000001000010000000100000110000100000001000001110001000000010000010100010000000110001101000100000000100010010001000000001000100100100000000010010001101000000000100100001010000000000111000010100000000001100000111000000000000000000000000
0000000000000000000000000000000000000011000000000000000000100000000000000000001000110000000000000010000100000000000001000001000000000000010000010000000000000100000110000011000001000000100000110000010000001000001100000100000010000100100010000000100001001000100000000100010010001000000001000100110010000000011010000111100000000011100000110000000000110000000000000000000000000000000000000000000000000000
0000000000000000000000000000000000000000010000000000000000110110000000000000001000100000000000000010001000000000000000100001000000000000001000010000000000000100000100000001100001000001000000011000010000001000000110000100000010000010100001000000100000101000010000001000001010000100000011000100110010000000010001000100100000000100110001001000000001101000001100000000001110000000000000000011000000000000
0000000000000000000000100000000000000000001000000000000000000010000000000000001000100000000000000010000100000000000000100001000000000000001000010000000000000010000100000001100001000001000000011100010000001000001101000100000010000010010001000000100000100100010000001000011001000100000010000100011011000000110001000010100000000100100000101000000001001000001110000000011100000000000000000000000000000000
0000000000000000000000000000000000000000000000000000000000000010000000000000001000110000000000000010000100000000000001100001000000000000010000010000000000000100000010000001100001000000100000011000010000001000001110000100000010000010100001000000100000101000100000000100010010001000000001000100110010000000010010000101100000000110100001110000000000111000000000000000000000000000000000000000000000000000
0000000000000000000000000000000000000010000100000000000000100001100000000000001000001000000000000010000010000000000001100000100000000000010000001000000000000100000010000011000001000000100001110000010000001000010100001000000001001101000010000000010010001000100000000100100010001000000001010000100110000000011100000101000000000011000001110000000000000000000000000000000000000000000000000000000000000000
0000000000000000000000000000000000000100000000000000000001000001000000000000010000010000000000000100000010000000000001000000100000000000010000001000000000001000000001000000000010000000010000010000100000000100000100001000000001000010100010000000001000101000100000000010001010001000000000100100110010000000001101000101100000000001010000110000000000011000000000000000000000000000000000000000000000000000
0000000000000000000000000000000000000000000000000000000001000001000000000000100000010000000000001000000010000000000010000000100000000000100000001000000000010000000010000010000100000000100000110001000000001000011100010000000001000101000100000000010001011001000000000100110010100000000001001000101000000000011010001110000000000011100001000000000000010000000000000000000000000000000000000000000000000000
0000000000000000000000000000000000000000000000000000000100000000000000000001000000100000000000010000001100000000000100000001000000000001000000010000000000010000000100000000000100000000100000000001000000001000000100010000000010000001000100000000010000011010000000000100000110100000000001100010010000000000001000100000000000000010011000000000000000010100000000000000000111000000000000000000000000000000
0000000000000001100000000000000000010000010000000000001000000100000000000010000001000000000000100000010000110000001000000100001100000010000001000011000000000000010000110000010000000010010010000100000000000100100001000000001001001000010000000010010010000100000000100000100000000000001001001000010000000010010001000100000000100100010010000000000110000100100000000001100001111000000000011000000000000000
0000000000000000010000000000000000000100001100000000000001000001000000000000100000010000000000001000000100000000000010000000100000000000100000001000000000001000000010000011000010000000110000110000100000000100001100001000000001000011000010000000010000110000100000000010010100001000000000100101100100000000001001001001000000000001010010110000000000011100011000000000000010000000000000000000000000000000
0000000000000000000000000000000000011000001000000000000100000010000000000001000000100000000000010000001000000000000100000001000000000001000000010000000000010000000100000000001000000001000010000010000000010001100000100000000010011100001000000000100101000010000000001001010000100000000010110100010000000000111000100100000000000110001001000000000001100001110000000000011000011000000000000110000000000000
1100000000000010000001000001000000100000001000010000001000000010000100000010000000100001000000100000000100010000001000000001000110000001000000010001100000010000000100011000000100000001000110000000000000010001100000010000000010011000000100000000101001000010000000001010010000100000000010100010001000000000101000100110000000001010000110000000000001100000000000000000011000000000000000000000000000000000
0000000000000001000000000000000000010000010000001000000100000100000011000001000001000000110000010000010000001100000100000100000011000001000001000000110000010000001000001100000100000010000011000001000000100000010000010000001000000100000100000010000001000001000000100000110000010000000100001010000100000001000010100001000000011000100110110000000010010000111000000000011100000000000000000000000000000000
0000000000000000110001000000010000000100010000000110000001000100000001100000010001000000011000000100001000000110000001000010000001100000010000100000011000000100001000000011000000000001000000110000010000010000001100000100000100000011000001000001000000110000010000001000000100001000000010000001100010000000100000111101100000000100001000110000000001100010000000000000001111000000000000000000000000000000
0000000000000010000000000000000000100000100000001100000100001000000011000001000010000000110000010000100000001100000100000100000011000001000001000000110000010000010000000100000100000100000011000001000001000000110000010000001000001100000100000010000010000001000000100000110000010000000100001100001000000001000101000010000000001011001001100000000011100011110000000000000000000000000000000000000000000000
0000000000000000000000000000000000000000000000000000000001000010000000000000010000100000000000000100001000000010000001000010000000100000010000100000001000000100001000000010000001000010000000100000000000100000001000000100001000000010000001000010000000100000010000100000010100000100001000000101000001000001000001011000110000010000010010001000000010001000110110000000100010000010000000000111000000000000
0000000000000000010000000000010000000100000000000100000001000000000001000000010000000000010000000100000000000100000001000010000001000000010000100000010000000100001000000100000001000010000001000000100000100000010000001000001000000100000000000010000011100000100000100000101000001000001000001010000010000010000010100001000000110001001000010000000100110001001100000001111000011110000000000000000011000000
0000000000000000000000000000000000001000000000000010000010000010000000100000100000100000001000001000001000000010000010000100000000100000100001000000001000001000010000000010000010000100000000100000100001000000001000001000001000000010000010000010000001100000100000100000010100010000001000000101000100000010000011011001000000100000100011100000000100001000000000000001000100000000000000011011000000000000
0100000000010000000101100000000100000001001000000011000000100010000000110000001000100000001100000010001100000011000000100001000001010000010000010000010100000100000100000101000001000001000001010000010000001000010100001100000010000101000010000000100010010000100000001000100010001000000001001000100110000000010010001001000000000100100010010000000001101000100100000000001010001101000000000011100001010000
0100000000000000001001000000000100000010010000000001000001100010000000110000010000100000001100000100001100000010100001000001000000101000010000010000011010001000000100000100100010000000100001001000100000001000010010001000000010000100010010000000100010000100100000000100100001001000000001001000010010000000010010000010100000000110100000110000000000110000001100000000001100000011000000000011000000110000
0000000000000000000010000000000011000001010000000000110000010100000000011100001001100000000101000010001000000001010000100010000000010100001000110000001001000100000100000010010001000001000000100100010000001000001001000100000010000010010001000000100001000100010000000100010001100100000001000100001001000000010001000010010000000010010000100100000000100100001111000000001011000001100000000011100000011000
0000000000000000000110000000000000000001110000000000000000110100000000001000001001000000000110000010011000000001100000100010000000011000001000100000001010000100001100000010100001000001000000101000010000010000001010000100000100000110100001000000100001001000100000001000010010001000000010000100110010000000110010000100100000000100100001001000000001101000011010000000001110000011100000000001000000110000
0000000000000000000011000000000000000001010000000000000000010110000000000000000100100000000000000001001000000001000000100010000000111000001000010000001010000010000100000010100000100001000000101000010000011000010010000100000010000100010001000000100001000100010000001000010001000100000010001000010001000000010010000010110000000100100000101000000001010000001010000000010100000001100000000111000000011000
0000000000000000000110000000000000000001110000000001000000010100000000110000001101000000001100000010001000000011000000100010000001111000001000100000010010000010001100000100100001000001000001001000010000010000100010000100000110001000010001000000100010000100010000001000100001001000000001011000011010000000010100000010100000000111000000101000000000110000001010000000000000000001100000000000000000010000
0000000000000000000110000000000000000011100000000000000000100100000000100000001001000000001000000010010000000110000001000110000001100000010000100000011000000100001000001001000001000010000010010000100000010000100100001000000100001001000010000001000010011000100000001001100010001000000010010000100010000000100100001001000000001101000001010000000001010000010100000000011100000111000000000110000000000000
0000000000000000001110000000000000000010110000000000000001000100000000000000010001100000000000000100001000000011000001000010000000110000010000010000001100000100000100000010100010000000100001101000100000001000010010001000000001000100100010000000010001000100100000000110010001001000000000100100010010000000001001000110100000000011100000101000000000011000001010000000000110000011100000000001100000011000
0000000000000000000101000000000000000001010000000000000000110100000000000000001001100000000000000010001000000000000000100010000000011000011000100000000110000100000100000001100001000001000000101000100000010000001010001000000100000010100010000000100001100100100000001000010001001000000011000100010010000000010001000110100000000100100000111000000000101000001100000000001010000011000000000001000000010000
0000000000000000001110000000000000000110100000000000000001001000000000010000010001000000001100000100010000000011000001000100000000110000100000100000001110001000001000000010100010000010000001001000100000110000010010001000000100000100100010000001000001000100100000011000100001001000000010001000010010000000100010000010100000000100100000101000000001011000001110000000011100000001000000000011000000000000