0000000000000000000000111111111111000000000000000000011111100000000000000000001000000000000000000110000000000000000011000000000000000001000000000000000000100000000000000000010000000000000000001000000000000000000100000000000000000010000000000000000011000000000000000000100000000000000000010000000000000000011000000000000000000100000000000000000010000011111111100000111111000000000000000000000000000000
0000000000000000000000000000000000000000000000000011111100000001111111000001100000000000000000011000000000000000001100000000000000000110000000000000000011000000000000000001000000000000000000110000000000000000011000000000000000000100000000000000000010000000000000000001100000000000000000110000000000000000001000000000000000000100000000000000000011001111111110000000111100000000000000000000000000000000
0000000000000000000000000000000000000000000001111000000000000000000001111111100000000000000000011000000000000000011000000000000000001100000000000000000100000000000000000010000000000000000001000000000000000000100000000000000000011000000000000000001100000000000000000110000000000000000011000000000000000000100000000011000000010011111111100000001111000000000000000000000000000000000000000000000000000000
0000000000000000000000000000000000000000000000000000000000000001111111111111110000000000000000001100000000000000001100000000000000000110000000000000000010000000000000000011000000000000000000100000000000000000010000000000000000011000000000000000001100000000000000000110000000000000000001000000000000000000100000000011000000011000001111100000000111111100000000000000000000000000000000000000000000000000
0000000000000000000000000000000000000000001111111111111111000000000000000000100000000000000000010000000000000000011000000000000000001100000000000000000010000000000000000001000000000000000000100000000000000000010000000000000000001000000000000000000110000000000000000001000000000000000000100000000000000000011000111110000000001111110000000000000010000000000000000000000000000000000000000000000000000000
0000000000000000000000000000000000000000000000000000000000000001111111111111110000000000000000001100000000000000000110000000000000000010000000000000000001000000000000000000100000000000000000010000000000000000001000000000000000000100000000000000000010000000000000000001000000000000000000100000000000000000010000000000000000001100001111110000000111111110000000000001000000000000000000000000000000000000
0000000000000000000000000000000000000000000000000000000000000001111111111111111000000000000000001100000000000000000110000000000000000110000000000000000010000000000000000001000000000000000000100000000000000000110000000000000000011000000000000000001100000000000000000110000000000000000011000000000000000001111111111111000000111000000000000000000000000000000000000000000000000000000000000000000000000000
0000000000000000000000000000000000000000000000000000000000000000111111111111110000000000000000001100000000000000000110000000000000000010000000000000000001100000000000000000100000000000000000010000000000000000001000000000000000000100000000000000000010000000000000000001000000000000000001100000000000000000010000000000000000011000000000111100000100000111110000000001111110000000000000000000000000000000
0000000000000000000000000000000000000000000000000000000000000000111111111111110000000000000000001100000000000000000110000000000000000011000000000000000001100000000000000000110000000000000000011000000000000000011000000000000000001100000000000000000110000000000000000011000000000000000001100000000000000000110000000000000000001111111111100000000000000000000000000000000000000000000000000000000000000000
0000000000000000000000000000000000000000000000000000011100000011111111111001100000000000000000010000000000000000001000000000000000000100000000000000000010000000000000000001100000000000000000100000000000000000011000000000000000000100000000000000000110000000000000000011000000000000000001100000000000000000010000000000000000001000000011110000000111111111100000000000000000000000000000000000000000000000
0000000000000000000000000000000000000000000011110000000000000000000011111111000000000000000000110000000000000000011000000000000000001000000000000000001100000000000000000110000000000000000010000000000000000001100000000000000000110000000000000000001000000000000000000100000000000000000011000000000000000000111011111111100000000011100000000000000000000000000000000000000000000000000000000000000000000000
0000000000000000000000000000000000000000000001111111111110000000000000000001100000000000000000110000000000000000011000000000000000001100000000000000000010000000000000000011000000000000000000100000000000000000010000000000000000001000000000000000000100000000000000000011000000000000000000100000000000000000010000001100000000000111111110000000000000000000000000000000000000000000000000000000000000000000
0000000000000000000000000000111111100000000011111000001000000000000000000100000000000000000010000000000000000001100000000000000000110000000000000000001000000000000000000100000000000000000011000000000000000000100000000000000000010000000000000000001000000000000000000010000000000000000001000000000000000000010000011110000000001001111000000000000011110000000000000000000000000000000000000000000000000000
0000000000000000000000000000000000000000000000000000000000000000111111111111000000000000000000110000000000000000010000000000000000011100000000000000000100000000000000000110000000000000000001000000000000000000100000000000000000010000000000000000001000000000000000000110000000000000000011000000000000000000111111111100000000000000000000000000000000000000000000000000000000000000000000000000000000000000
0000000000000000000000000000000000000000000000000000111100000000011111111011000000000000000001100000000000000000110000000000000000011000000000000000001100000000000000000010000000000000000001000000000000000000100000000000000000010000000000000000001100000000000000000010000000000000000001000000000000000000110000000010000000001000111111000000000011111000000000000000000000000000000000000000000000000000
0000000000000000000000000000000000000000011111100000000000000000000111111111000000000000000000110000000000000000010000000000000000001000000000000000000100000000000000000010000000000000000001100000000000000000110000000000000000011000000000000000000100000000000000000010000000000000000001100000000000000000010000011111000000000111111000000000000000000000000000000000000000000000000000000000000000000000
0000000000000000000000000000000000000000000111111111111110000000000000000011000000000000000001100000000000000000100000000000000000011000000000000000001100000000000000000110000000000000000001000000000000000000100000000000000000010000000000000000000100000000000000000010000000000000000001100000000000000000110000000000000000001000000010000000000111111111000000000000000000000000000000000000000000000000
0000000000000000000000000000000000000000000000000000011100000000111111111101100000000000000000110000000000000000011000000000000000001000000000000000000100000000000000000010000000000000000001000000000000000000100000000000000000010000000000000000001000000000000000000100000000000000000011000000000000000000100000000000000000010001111111000000000111110000000000000000000000000000000000000000000000000000
0000000000000000000000000000000000000000000000000000000000000000111111111111110000000000000000000110000000000000000110000000000000000010000000000000000011000000000000000000100000000000000000010000000000000000001000000000000000000100000000000000000011000000000000000001100000000000000000010000000000000000001000000000000000000111111111110000000001100000000000000000000000000000000000000000000000000000
0000000000000000000000000000000000000000000000000000001110000000111111111111100000000000000000110000000000000000011000000000000000001100000000000000000110000000000000000011000000000000000001100000000000000000110000000000000000011000000000000000000100000000000000000010000000000000000001000000000000000000111111111111100000000000000000000000000000000000000000000000000000000000000000000000000000000000
0000000000000000000000000011111111110000000110000000000100000000000000000011000000000000000000100000000000000000010000000000000000001100000000000000000010000000000000000111111110000000000000100000000000000000001000000000000000000100000000000000000001000000000000000000100000000000000000010000000000000000001000000000100000000010001111111000000001111100000000000000011000000000000000000000000000000000
0000000000000000000000000000000000000000000011111111111100000001000000000001000000000000000000010000000000000000000100000000000000000001000000000000000000100000000000000000001000000000000000000100000000000000000010000000000000000001111000000000000000110000000000000000000100000000000000000010000000000000000000100000000000000000010000000010000000001100000011100000000010000111000000000001101110000000
0000000000000000000000000000001111100000000011011110000100000000000000000011000000000000000000100000000000000000001000000000000000000100000000000000000001000000000000000001111000000000000000001000000000000000000100000000000000000001000000000000000000100000000000000000001000000000000000000100000000000000000011000000000100000000100000111111000000001011110000000000000011100000000000000000000000000000
0000000000000000000000000000011111111000000011111000000010000000000000000000100000000000000000001000000000000000000100000000000000000001000000000000000000100000000000000000001000000000000000001110000000000000000010000000000000000001000000000000000000010000000000000000011000000000000000000100000000000000000010000000000000000001000000000000000000110011111111110000001111000000000000000011000000000000
0000000000000000000000000000000000000000000000000001111110000001111111100000100000000000000000001000000000000000000010000000000000000001000000000000000000010000000000000000001000000000000000000100000000000000001111111100000000000110100000000000000000010000000000000000001000000000000000000010000000000000000001000000000000000000100000000011000000011000001111000000000100011100000000000011011000000000
0000000000000000000000000000000000000000000000011111111000000001011100000010000000000000000000100000000000000000001000000000000000000100000000000000000001000000000000000111111000000000000010001000000000000000000100000000000000000110000000000000000001000000000000000000100000000000000000010000000000000000000100000000000100000010000001111111000000101111100000000000001100000000000000000000000000000000
0000000000000000000000000000111111000000000101110000001100000000000000000001000000000000000000010000000000000000001000000000000000000010000000000000000001100000000000000000101100000000000000011100000000000000000100000000000000000010000000000000000000100000000000000000010000000000000000001100000000000000000010000000000000000000100000001111000000001001111100000000000011100000000000000000000000000000
0000000000000000000000111111111111111000000000000000000011000000000000000000110000000000000000001000000000000000000100000000000000000010000000000000000000100000000000000000010000000000000000111111111000000000000100000000000000000011000000000000000001000000000000000000100000000000000000010000000000000000000100000000000000000010000000000000000001000000000000010000100001111111111000011111100000000000
0000000000000000000000111000000000000000000001111111111111100000000000000000010000000000000000001100000000000000000100000000000000000010000000000000000000100000000000000000010000000000000000011111111000000000001100000000000000000010000000000000000001000000000000000000010000000000000000011000000000000000001000000000000000000010000000000000000011000000000111100001100111111110000000011110000000000000
0000000000000000000000000000000000000000000111111111111111000000000000000000110000000000000000011000000000000000011000000000000000001100000000000000000110000000000000000001000000000000000001100000000000000000110000000000000000011000000000000000000100000000000000000010000000000000000001000000000000000000100000000000000000011000000000000000000111111111111110000000000000000000000000000000000000000000
0111110000000000000011000011111111111111000000000000000000010000000000000000001100000000000000001100000000000000000110000000000000000111000000000000000011000000000000000011000000000000000001100000000000000001100000000000000000100000000000000000110000000000000000011000000000000000001100000000000000000110111111111111111101111000000000000000000000000000000000000000000000000000000000000000000000000000
0000000000000000000001111110000000000000000000011111111111110000000000000000000100000000000000000011000000000000000011000000000000000001100000000000000000100000000000000000010000000000000000001000000000000000000100000000000000000110000000000000000011000000000000000001000000000000000000100000000000000000010000000000000000001000000000000111000100000000111110000011000011111000000001001111000000000000
0000000000000000000000111111111111111111000000000000000000000000000000000000000100000000000000000110000000000000000011000000000000000001000000000000000011100000000000000001100000000000000001100000000000000001100000000000000000110000000000000000111000000000000000011000000000000000001100000000000000000110000000000000000011000000001111111111100111111100000000001110000000000000000000000000000000000000
0000000000000000000001111111111111111111000000000000000000010000000000000000001100000000000000001100000000000000000110000000000000000111000000000000000011000000000000000001000000000000000001100000000000000000110000000000000000110000000000000000011000000000000000011000000000000000001100000000000000000110000000000000000010000000000000001111100000011111111100001011111100000000000011000000000000000000
0000000000000000000001000011111111111111001111000000000000110000000000000000011000000000000000001000000000000000000100000000000000000110000000000000000011000000000000000001000000000000000000100000000000000000010000000000000000011000000000000000001000000000000000000100000000000000000110000000000000000011000000000000000001100000000011111111100000111111000000001001110000000000000011100000000000000000
0000000000000000000001111111111111111111000000000000000000000000000000000000000100000000000000000011000000000000000001000000000000000001100000000000000001100000000000000000110000000000000000010000000000000000011000000000000000001000000000000000001100000000000000000110000000000000000011000000000000000001100000000000000000100000000000000000010000000000001111111100000111111110000010111111000000000000
0000000000000000001101111111111111111100000000000000000000010000000000000000001100000000000000000110000000000000000110000000000000000011000000000000000011000000000000000001100000000000000000100000000000000000110000000000000000010000000000000000001100000000000000000100000000000000000010000000000000000001000000000000000001100000000000111111110000000111110000001001111110000000000011110000000000000000
0000000000000000000000111111111111111111000000000000000000000000000000000000000000000000000000000011000000000000000011100000000000000001100000000000000000100000000000000000110000000000000000010000000000000000011000000000000000001100000000000000000100000000000000000010000000000000000001000000000000000000100000000000000000010000000000000001001000000000011111100110000011111000000001011111000000000000
0000000000000000000000000000000000000000011111111111111111110000000000000000000000000000000000000011000000000000000001100000000000000001100000000000000000110000000000000000010000000000000000011000000000000000001100000000000000000100000000000000000110000000000000000011000000000000000001000000000000000000100000000000000000110000000000000111001000001111111110000111111110000000000001000000000000000000
0000000000000000000000000000000000000000011111111111111111110000000000000000000000000000000000000011000000000000000001000000000000000000100000000000000000110000000000000000011000000000000000001000000000000000001100000000000000000010000000000000000011000000000000000001100000000000000000110000000000000000110000000000000100011000000011111111001100001111000000000110111100000000000011111000000000000000