0000000000000000000000000000000000000000000000000000000000000000000000000000000000000000011000000000000000001001000000000000000110011000000000000001000010000000000000100000010000000000001000000100000000000100000001000000000001111111111100000000100000000011000000001000000000010000000100000000000100000001000000000000100000100000000000001000001000000000000001000100000000000000011000000000000000000000
0000000000000000000000000000000000000000000000000110000000000000000011110000000000000000100100000000000000010001100000000000000100001000000000000001000010000000000000100000010000000000001000000100000000000011111111000000000001000000001000000000010000000010000000000100000000100000000010000000000100000000100000000001000000011000000000011000000000000000000010000000000000000000100000000000000000001000
0000000000000000000000000000000000000000000000000001100000000000000000011000000000000000001010000000000000000010100000000000000001001000000000000000010010000000000000001000100000000000000010000100000000000001000001000000000000010000010000000000000111111110000000000010000000100000000000100000000100000000010000000001000000001100000000001000000010000000000010000000000000000000100000000000000000000000
0000000000000000000000000000000110000000000000000011110000000000000001100010000000000000010000110000000000001100000100000000000010000001000000000001000000011000000000010000000010000000001100000000100000000011111111111000000000100000000010000000011000000000100000000100000000001000000001000000000010000000100000000000100000001000000000001000000000000000000010000000000000000000100000000000000000000000
0000000000000000000000000000001100000000000000000101000000000000000011001000000000000000100010000000000000001000110000000000000010000100000000000001000001000000000000010000001000000000000100000010000000000001011111111000000000100000000100000000001000000000100000000010000000001000000000100000000010000000001000000000010000000100000000000100000001000000000000000000000000000000000000000000000000000000
0000000000000000000000000000000000000000000000000000000000000000000000000000000000000000000000000000000000000000000000000000000000000000000000000000000000000000000000000000000000000000000000000000000000000000000000000000000000000000000000000000000000000000000000000000000000000000000000000000000000000000000000000000000000000000000000000000000000000000000000000000000000000000000000000000000000000000
0000000000001111000000000000000110010000000000000010000100000000000001000001000000000000110000010000000000001000000100000000000100000001000000000011000000010000000000100000000100000000001000000001000000000100000000010000000001011111111100000000100000000001000000001000000000010000000100000000000010000001000000000000100000110000000000001000001000000000000010000000000000000000010000000000000000000100
0000001100000000000000000111100000000000000001000100000000000000010000100000000000000100001000000000000001000001000000000000010000011000000000001000000010000000000010000000100000000000100000000100000000001000000001000000000111111111110000000001100000000010000000010000000000100000000100000000001000000001000000000001000000010000000000010000000100000000000010000000000000000000110000000000000000000000
0000000000000000000000000000000000000000000000000000011000000000000000001110000000000000000010100000000000000001001000000000000000010010000000000000001000100000000000000010001000000000000001000010000000000000010000010000000000000111000100000000000010001111000000000000100000010000000000011000000100000000000100000001100000000011000000001000000000100000000010000000000000000000100000000000000000000000
0000000000000000000000000000001000000000000000000110000000000000000001110000000000000000010100000000000000001001000000000000000010010000000000000001100100000000000000010001100000000000000100001000000000000011111111000000000000110000110000000000001000001100000000000100000001000000000001000000010000000000010000000110000000001000000000100000000010000000001000000000000000000000000000000000000000000000
0000000000000000000000000000000110000000000000000001100000000000000000111000000000000000001010000000000000000110100000000000000001001000000000000000010011000000000000001100010000000000000010000100000000000000100001100000000000010000001000000000000101111111100000000001000000110000000000100000000100000000001000000001000000000110000000011000000001000000000010000000000000000000100000000000000000001000
0000000000000000000000000000001000000000000000000010000000000000000001100000000000000000011000000000000000001101000000000000000010010000000000000000100100000000000000011001000000000000000100010000000000000001000010000000000000011111110000000000001000001100000000000010000001000000000000100000010000000000001000000010000000000100000000100000000000000000000000000000000000000000000000000000000000000000
0000000000000000000000000000001100000000000000000111000000000000000001010000000000000000110010000000000000001000100000000000000110001000000000000001000010000000000000010000010000000000001100000100000000000010111111100000000000101000010000000000011000000010000000000100000000100000000001000000001100000000010000000001000000000000000000011000000000000000000110000000000000000000000000000000000000000000
0000000000110000000000000000001100000000000000000111000000000000000001010000000000000000110100000000000000001001000000000000000110001000000000000001000010000000000000010000100000000000001000001000000000000010011111000000000001011000010000000000010000000100000000001100000001000000000010000000011000000000100000000010000000010000000000100000000100000000001100000000000000000011000000000000000000000000
0000000000000000000000000000000100000000000000000011000000000000000000110000000000000000011100000000000000000101000000000000000001011000000000000000100010000000000000001000100000000000000100001000000000000001000010000000000000010000010000000000001011111110000000000011000001000000000001100000010000000000010000000100000000000100000000100000000011000000011000000000000000000110000000000000000000000000
0000000000000000000000000000001100000000000000000111000000000000000001010000000000000000100100000000000000001001000000000000000110010000000000000001000100000000000000010001000000000000001000010000000000000010000100000000000000101111000000000000010110001000000000000100000010000000000011000000100000000000100000001000000000001000000011000000000010000000010000000000000000000100000000000000000000000000
0000000000100000000000000000011000000000000000000110000000000000000001100000000000000000101100000000000000001001000000000000000010010000000000000001100100000000000000010001000000000000000100011000000000000001000010000000000000111111100000000000001000001000000000000010000011000000000001100000010000000000010000000100000000000100000001100000000000000000011000000000000000000110000000000000000000000000
0000000000000000000000000000000000000000000000000001000000000000000000010000000000000000001110000000000000000010100000000000000000101000000000000000010001000000000000000100010000000000000011000110000000000000100000100000000000001000001000000000000011111110000000000001000000010000000000010000000100000000000100000001000000000010000000010000000000100000000110000000001000000000100000000000000000000000
0000000000000000000000000000011000000000000000000110000000000000000011100000000000000000101100000000000000011001000000000000000100010000000000000001000100000000000000110000100000000000001000001000000000000010000010000000000001111111100000000000010000001100000000000100000001000000000001000000010000000000110000000110000000001000000000100000000010000000001100000000000000000000000000000000000000000000
0000000110000000000000000001100000000000000000010100000000000000000101000000000000000010001000000000000000100010000000000000001000110000000000000010000100000000000000100001000000000000001000001000000000000010000010000000000001000000010000000000010000000100000000001111111110100000000111000000001000000000010000000001000000001000000000011000000010000000000010000000100000000000000000001000000000000000
0000000000000000000000000001100000000000000000101100000000000000001001100000000000000110001000000000000001000011000000000000010000010000000000000100000110000000000011000000100000000000100000000100000000001000000001000000000010111111111000000001111000000010000000011000000000110000000010000000000100000000100000000001100000001000000000001000000010000000000000000000100000000000000000000000000000000000
0000000000000000000000000000000000000000000000001110000000000000000010100000000000000000101100000000000000001001000000000000000010011000000000000000100010000000000000001000100000000000000100001100000000000001000001000000000000010000010000000000001111111100000000000001000000100000000000110000001000000000001000000010000000000010000000100000000000100000000000000000000000000000000000000000000000000000
0000000000000000000000000000011000000000000000000111000000000000000010010000000000000000100110000000000000001000100000000000000010001100000000000000100011000000000000001000110000000000000010000100000000000000111111100000000000001100011000000000000100000110000000000001000000100000000000010000001000000000000100000011000000000001000000010000000000010000000000000000000000000000000000000000000000000000
0000000000000000000000000000000000000000000000000000100000000000000000001000000000000000000110000000000000000011100000000000000000100100000000000000001001000000000000000010010000000000000001100010000000000000010000100000000000000100001000000000000001000001000000000000111111110000000000001000000100000000000010000000100000000000100000001000000000010000000010000000000100000000000000000000000000000000
0000000000000000000000000000100000000000000000111000000000000000001110000000000000000011100000000000000001101100000000000000010011000000000000000100010000000000000001000110000000000000010001100000000000000100001000000000000011000011000000000000100000110000000000001111111100000000000010000011100000000000100000011000000000001000000110000000000010000001100000000001100000001000000000010000000000000000
0000000000000000000000000000000000000000000000000000000000000000000001100000000000000000010000000000000000000101000000000000000010010000000000000000100010000000000000001000100000000000000100001100000000000001000001000000000000010000011000000000001100000010000000000011111111100000000000100000000100000000010000000001000000000100000000001000000011000000000011000000100000000000010000000000000000000000
0000000000000000000000000000000000000000000000000001000000000000000000111000000000000000001010000000000000000010100000000000000000100100000000000000010001000000000000000100010000000000000001000010000000000000010000100000000000001000001000000000000111111111000000000001100000010000000000010000000100000000000100000001000000000010000000010000000000100000000100000000000000000000000000000000000000000000
0000000000000000000000000000000000000000000000000010000000000000000000100000000000000000010100000000000000001101000000000000000010011000000000000000100010000000000000011000100000000000000100000100000000000001000001000000000000110000010000000000001000000010000000000011111111100000000001100000001000000000010000000001000000001100000000010000000010000000000000000000100000000000000000000000000000000000
0000000000000000000000000000000000000000000000000000000000000000000001000000000000000000111000000000000000001011000000000000000010010000000000000001000110000000000000010000100000000000000100000100000000000010000001000000000000100000001000000000011111000001000000000100011111111000000001000000000010000000110000000000110000001000000000000100000010000000000000100001000000000000001000000000000000000000
0000000000000000000000000000000000000000000000000000000000000000000100000000000000000011100000000000000001101000000000000000011010000000000000000100100000000000000001000100000000000000010001000000000000000111010000000000000001000110000000000000010000100000000000000110001000000000000000100001100000000000000000000000000000000000000000000000000000000000000000000000000000000000000000000000000000000000
0000000000000000000000000000000000000000000000000000000000000000000001100000000000000000011100000000000000001001000000000000000010001000000000000000100010000000000000001000100000000000000010001000000000000000101101000000000000011100010000000000000100000100000000000001000000100000000000000000001000000000000000000010000000000000000000000000000000000000000000000000000000000000000000000000000000000000
0000000000000000000000000000000000000000000000000000000000000000000000000000000000000000001000000000000000000111000000000000000001010000000000000000010100000000000000000101000000000000000010001000000000000000111110000000000000001100100000000000000110000100000000000001000001000000000000010000011000000000000100000000000000000000000000000000000000000000000000000000000000000000000000000000000000000000
0000000000000000000000000000000000000000000000000000000000000000000000000000000000000000000000000000000000000000000000000000000001100000000000000000011100000000000000000101000000000000000010011000000000000000100010000000000000001111100000000000000010001000000000000000100001000000000000001000010000000000000010000000000000000001100000000000000000010000000000000000000000000000000000000000000000000000
0000000000000000000000000000000000000000000000000000000000000000000000000000000000000000011000000000000000001010000000000000000010110000000000000000100100000000000000001001000000000000000010011000000000000001111110000000000000010000100000000000000100000100000000000001000001000000000000010000011000000000000100000000000000000000000000000000000000000000000000000000000000000000000000000000000000000000
0000000000000000000000000000000000000000000000000000000000000000000000000000000000000000010000000000000000001010000000000000000010100000000000000000100100000000000000011001000000000000000111011000000000000001000010000000000000010000100000000000000100000100000000000001000000000000000000010000000000000000000000000000000000000000000000000000000000000000000000000000000000000000000000000000000000000000
0000000000000000000000000000000000000000000000000000000000000000000000000000000000000000110000000000000000001010000000000000000010100000000000000000100100000000000000001001000000000000000010001000000000000001011110000000000000010000100000000000000100000100000000000001000001000000000000010000001000000000000100000000000000000000000000000000000000000000000000000000000000000000000000000000000000000000
0000000000000000000000000000000000000000000000000000000000000000000000000000000000000000011100000000000000000101000000000000000001011000000000000000010010000000000000001000110000000000000011110100000000000000100001000000000000001000001000000000000010000010000000000001000000000000000000010000000000000000000000000000000000000000000000000000000000000000000000000000000000000000000000000000000000000000
0000000000000000000000000000000000000000000000000000000000000000000011100000000000000000101000000000000000001001000000000000000010011000000000000000100010000000000000010111110000000000000101100100000000000001000001100000000000010000001000000000000100000001000000000001000000000000000000010000000000000000000100000000000000000000000000000000000000000000000000000000000000000000000000000000000000000000
0000000000000000000000000000000000000000000000000000000000000000000000000000000000000000000000000000000000000110000000000000000001100000000000000000010100000000000000001001000000000000000010001000000000000000111010000000000000001000110000000000000010000100000000000000100001000000000000011000001000000000000100000000000000000001000000000000000000000000000000000000000000000000000000000000000000000000
0000000000000000000000000000000000000000000000000000000000000000000001111100000000000000100000100000000000010000001000000000001100000010000000000010000000100000000001000000001000000000010000000010000000001100000000100000000010111111111000000000100000000010000000001000000000100000000010000000001000000000100000000010000000001000000000100000000000000000001000000000000000000010000000000000000000100000
0000000000000000000000000000000000000000000000000000000000000000000000000000000000000000000000000000000000000000000000000000000000000000000000000000000000000000000000000000000000000000000000000000000000000000000000000000000000000000000000000000000000000000000000000000000000000000000000000000000000000000000000000000000000000000000000000000000000000000000000000000000000000000000000000000000000000000
0000000000000000000000000000001111000000000000001110011000000000000110000001000000000011000000001000000000100000000011000000010000000000010000000100000000000100000010000000000001000000100000000000100000001000110000011000000011111011111110000001100000000000100000010000000000010000000100000000000100000001000000000001000000010000000000010000000100000000000100000000000000000001100000000000000000000000
0000000000000000000000000000000000000000000000000000000000000000000000110000000000000000001100000000000000000011100000000000000001001000000000000000010001000000000000000100010000000000000010000010000000000000100000100000000000010000000100000000001111111101000000000010000000011000000000100000000010000000010000000000100000001100000000001000000010000000000001000001000000000000010001100000000000000000
0000000000110000000000000000011100000000000000000000100000000000000000001000000000000000100010000000000000001000100000000000000010001000000000000001000010000000000000010000100000000000001111110100000000000010000001000000000000100000010000000000001000000010000000000100000000100000000011000000001100000000100000000001000000001000000000011000000100000000000000000011000000000000000000100000000000000000
0000000000100000000000000000011100000000000000000101000000000000000001010000000000000000010010000000000000001000100000000000000010001000000000000000100001000000000000001000010000000000000111111100000000000001000000100000000000110000001000000000001000000010000000000100000000110000000011000000000100000001100000000001000000010000000000010000000000000000000000000000000000000000000000000000000000000000
0000000000000000000000000000011000000000000000001011000000000000000010010000000000000000100110000000000000001000100000000000000100001100000000000001000001000000000000010000010000000000001000111110000000000011111000100000000001100000001000000000010000000001000000001100000000010000000010000000000100000001000000000001000000110000000000000000001000000000000000000000000000000000000000000000000000000000
0000000000000000000000000000000000000000000000000110000000000000000001110000000000000000110100000000000000001001000000000000000110001000000000000001000010000000000000100000100000000000001000001100000000000100000001000000000111111111010000000000100000000100000000001000000001000000000100000000001000000001000000000010000000100000000000000000001000000000000000000010000000000000000000100000000000000000
0000000000000000000000000000000000000000000000000000000000000000000000000000000000000000010100000000000000000100100000000000000001001100000000000000100001000000000000001000001000000000000100000010000000000001000111010000000000011111111100000000001000000001000000000010000000001000000000100000000010000000010000000000100000000100000000000100000001000000000001000000000000000000000000000000000000000000
0000000000001000000000000000000110000000000000000011100000000000000000101000000000000000011010000000000000001100010000000000000010000100000000000001000001000000000000110000010000000000001000000100000000000111111111000000000001000000011000000000010000000010000000001100000000100000000010000000001000000000100000000011000000001000000000010000000100000000000110000000000000000000110000000000000000000000
0000000000001111000000000000000100011000000000000010000010000000000001100000100000000000010000001000000000001000000010000000000110000000100000000001000000001000000000010000000010000000001000000000100000000010011111111000000001000000000010000000010000000000100000000100000000001000000010000000000010000000000000000000100000000000000000001000000000000000000010000000000000000000000000000000000000000000
0000000000001111000000000000000100011000000000000010000010000000000001100000100000000000010000001000000000001000000010000000000110000000100000000001000000001000000000010000000010000000001000000000100000000010011111111000000001000000000010000000010000000000100000000100000000001000000010000000000010000000000000000000100000000000000000001000000000000000000010000000000000000000000000000000000000000000
0000000000000000000000000001110000000000000000010100000000000000001001100000000000000010001000000000000001100011000000000000010000010000000000000100000110000000000001000000110000000000100000000100000000001000000000100000000010000111111100000001101110000001000000010000000000001000000100000000000001000001000000000000011000110000000000000010001000000000000000000010000000000000000000000000000000000000
0000000000000000000000000000000111000000000000000010001000000000000001000010000000000000100000110000000000011000000100000000000100000001000000000011000000010000000000100000000100000000001000000001000000000100111111110000000001111000000100000000010000000001000000001000000000010000000010000000000100000000100000000001000000011000000000011000000100000000000000000000000000000000000000000000000000000000
0000000000011100000000000000001101000000000000000010010000000000000001100110000000000000010000100000000000001000001000000000000010000011000000000001100000010000000000010000000100000000001100000000100000000010000000111000000001111111110010000000010100000000100000001100000000000100000110000000000001000001000000000000010000110000000000000100001000000000000001000100000000000000001000000000000000000000
0000000000110000000000000000011100000000000000001101000000000000000010001000000000000001000011000000000000010000010000000000001000000100000000000010000001000000000001000000011000000000010000000010000000001100000000100000000011111111111000000000100000000010000000011000000000100000000100000000001000000001000000000011000000100000000000010000001000000000000110000110000000000000100001000000000000000000
0000000000010000000000000000001110000000000000000110100000000000000001001000000000000000110011000000000000001000010000000000000100000100000000000001000001000000000000110000001000000000001000000010000000000110001111100000000011111100001100000000111000000001000000001000000000010000000100000000000100000011000000000001000000100000000000011000011000000000000010000100000000000000100000000000000000000000
0000000000000000000000000000000100000000000000000011100000000000000001101000000000000000110011000000000000001000010000000000000100000010000000000011000000110000000001100000000110000000111111111111100000001000000000001100000110000000000001000001000000000000010000110000000000000110001000000000000000100010000000000000001001100000000000000010010000000000000000111100000000000000000110000000000000000000
0000000000000000000000000000000011100000000000000011101100000000000001100001000000000000110000010000000000001000000100000000000100000001100000000011000000001000000000100000000010000000011000111110100000000111110000110000000010000000000100000000100000000001000000010000000000010000000100000000000100000010000000000001000000000000000000010000000000000000000100000000000000000001000000000000000000000000
0000000000000000000000000001111100000000000000010000100000000000001100001100000000000010000001000000000001100000010000000000010000000110000000000100000000100000000001000000001000000000100000000001000000001111111000010000000010000011111110000000100000000010100000011000000000001000000100000000000011000001000000000000010000010000000000000100001000000000000001000010000000000000010000000000000000000000
0000000000110000000000000000001100000000000000000111000000000000000001010000000000000000010100000000000000001101100000000000000010001000000000000000100010000000000000010000100000000000000100001000000000000011000010000000000000100000110000000000011110000100000000000100111111000000000011000000010000000000100000000010000000011000000000100000000100000000001000000011000000000001000000100000000000010000
0000000000111100000000000000001001000000000000000010010000000000000001000110000000000000010000100000000000000100001000000000000010000010000000000000100000100000000000001000001000000000000010000010000000000001011000100000000000010011111100000000000100000001000000000011000000010000000000100000000100000000001000000001000000000010000000010000000001000000000100000000010000000001000000000000000000000000
0000000000000000000000000000000000000000000000000000000000000000000000000000000000000000000000000000000000000000000000000000000000000000000000000000000000000000000000000000000000000000000000000000000000000000000000000000000000000000000000000000000000000000000000000000000000000000000000000000000000000000000000000000000000000000000000000000000000000000000000000000000000000000000000000000000000000000
0000000000000000000000000000001100000000000000000010100000000000000001101000000000000000010011000000000000000100010000000000000011000100000000000000100001000000000000001000011000000000000110000010000000000001000011100000000000010001101000000000001001100010000000000010110000100000000000111000001000000000001000000001000000000110000000010000000001000000001100000000010000000011000000000100000000010000
0000000000011000000000000000001110000000000000000010100000000000000000101000000000000000001010000000000000000110010000000000000001000100000000000000010001100000000000000100001000000000000011000110000000000000100011110000000000001000100100000000000100010001100000000001001100001000000000010110000010000000001111000000100000000011100000001100000000110000000001000000010000000000010000000000000000000110
0000000001100000000000000000011000000000000000000111000000000000000011010000000000000000100110000000000000001000100000000000000010001000000000000001000011000000000000010000010000000000000100000100000000000011111111100000000000100000001000000000001000000010000000000110000000110000000001000000000100000000010000000001000000000100000000011000000010000000000010000000100000000000100000001000000000001100
0000000000100000000000000000001100000000000000000101100000000000000001001000000000000000010011000000000000000100010000000000000010000110000000000000100000100000000000001000001000000000000010000011000000000001100001110000000000010011110100000000000111100001000000000001000000011000000000110000000010000000001000000000100000000010000000001000000000100000000011000000111000000000010000001000000000000100
0000000000000000000000000000001100000000000000000011100000000000000000101000000000000000001010000000000000000110100000000000000001000100000000000000010001000000000000001000010000000000000010000100000000000000100000100000000000011000001000000000000100000010000000000001111111100000000000010000001100000000001000000001000000000010000000010000000000100000000100000000001000000001000000000000000000000000
0000000000000000000000000000000110000000000000000010100000000000000000101100000000000000010001000000000000000100010000000000000001001100000000000000100011000000000000001001010000000000000010110100000000000000101000100000000000010110001000000000000101000010000000000001100000100000000000011000001000000000001000000010000000000010000000100000000000000000001100000000000000000001000000000000000000000000
0000000000111000000000000000010010000000000000001100110000000000000010000100000000000001100001000000000000010000010000000000000100000110000000000011000000100000000000100000001000000000001000000010000000000010000000110000000001100000000100000000010000000001000000000100000000010000000001111111111100000000010000000001000000000100000000011000000001000000000010000000000000000000100000000000000000001000
0000000000000000000000000000000110000000000000000001100000000000000000101000000000000000001010000000000000000100100000000000000001000100000000000000100001000000000000001000010000000000000010000111000000000001011111100000000000010000001000000000000100000001000000000011000000011000000000100000000011000000000000000000010000000000000000000000000000000000000000000000000000000000000000000000000000000000
0000000000000000000000000000010000000000000000001100000000000000000110100000000000000001001000000000000000010001000000000000001000010000000000000010000010000000000001100000010000000000010000000110000000000100000001100000000001000011110100000000110111000001100000001110000000001000000110000000000001000001000000000000010000010000000000000100000000000000000001100000000000000000001000000000000000000000
0000000000000000000000000000000000000000000000001111100000000000000010001000000000000001100001000000000000010000011000000000000100000010000000000001000000010000000000010000000100000000000100000001100000000010000001111000000000100001110010000000001011100000010000000010000000000100000001000000000001000000010000000000011000000100000000000010000010000000000000100000000000000000001100000000000000000000
0000000000000000000000000000010000000000000000001100000000000000000011000000000000000001011000000000000000010010000000000000000100100000000000000010001000000000000000100001000000000000001000010000000000000010000111100000000000101111100000000000011110000100000000000100000001000000000001000000001000000000010000000010000000000100000000010000000000000000000100000000000000000000100000000000000000000000
0000000000000000000000000000000000000000000000000000000000000000000001100000000000000000010100000000000000001101000000000000000010001000000000000001000011000000000000010000011000000000000100000010000000000010000000110000000000100011111100000000010111000000100000000100000000001100000011000000000001000000100000000000010000000000000000000000000000000000000000000000000000000000000000000000000000000000
0000000000000000000000000000000000000000000000000000000000000000000011100000000000000000101000000000000000001011000000000000000100010000000000000001000100000000000000010000100000000000000100001000000000000001000011000000000000100001110000000000001111100010000000000010000000100000000000000000000100000000000000000001100000000000000000001000000000000000000000000000000000000000000000000000000000000000
0000000000000000000000000000100000000000000000011000000000000000000111000000000000000011010000000000000000100100000000000000001001000000000000000100010000000000000001000010000000000000010000100000000000001000000100000000000010000111100000000001100111001100000000010010000001000000000100000000001000000001000000000011000000010000000000010000001000000000000010000000000000000000000000000000000000000000
0000000000000000000000000000000000000000000000000000000000000000000000000000000000000000000000000000000000000000000000000000000000000000000000000000000000000000000000000000000000000000000000000000000000000000000000000000000000000000000000000000000000000000000000000000000000000000000000000000000000000000000000000000000000000000000000000000000000000000000000000000000000000000000000000000000000000000
0000000001000000000000000000010000000000000000000100000000000000000011000000000000000000101000000000000000001011000000000000000100010000000000000001000110000000000000010000100000000000000100000100000000000010000001100000000000100000111000000000001111110011000000000101000000010000000001000000000010000000010000000000100000000000000000001000000000000000000010000000000000000000010000000000000000000100
0000000000001100000000000000000111000000000000000001010000000000000000100100000000000000001001000000000000000100010000000000000001000100000000000000100001000000000000001000010000000000000100000100000000000001000001110000000000100011101000000000001011100010000000000100000000110000000001000000000100000000010000000001000000001000000000011000000000000000000010000000000000000000100000000000000000001100
0000000000000000000000000000000000000000000000000011000000000000000001110000000000000000010010000000000000001000100000000000000010000100000000000000100001000000000000010000001000000000000100000001000000000011000001110000000000101111110010000000011110000000010000000100000000000100000001000000000000100000010000000000001000000000000000000011000000000000000000010000000000000000000100000000000000000000
0000000000000000000000000000000100000000000000000001100000000000000000111000000000000000001010000000000000000100010000000000000001000100000000000000100001000000000000011000001000000000000100000010000000000001000000100000000000111111111100000000001000000001000000000110000000010000000001000000000110000000100000000000100000001000000000001000000100000000000010000001000000000000110000000000000000000000
0000000000010000000000000000001100000000000000000110100000000000000001001000000000000000010010000000000000001100010000000000000010000100000000000000100001000000000000010000001000000000000100000010000000000010000000010000000000111111111100000000011100000001100000000100000000001000000010000000000010000000100000000000110000010000000000000100001100000000000000000000000000000000000000000000000000000000
0000000000000000000000000000000000000000000000000000100000000000000000111000000000000000001011000000000000000100010000000000000011000100000000000000100001000000000000010000001000000000000100000010000000000010000111110000000001111110001000000000010000000001000000001100000000010000000110000000000110000000000000000000110000000000000000001100000000000000000000000000000000000000000000000000000000000000
0000000000000000000000000000000011000000000000000001110000000000000000110100000000000000001001000000000000000110001000000000000001000010000000000000100000100000000000001000001000000000000110000001000000000011111111110000000000100000000100000000010000000000100000001100000000001000000010000000000010000001100000000000110000010000000000000000000000000000000000000000000000000000000000000000000000000000
0000000000000000000000000000000000000000000000000011100000000000000000101000000000000000010011000000000000000100010000000000000010000100000000000000100000100000000000010000001000000000000100000010000000000010000000100000000000111111111100000000010000000001000000000100000000010000000010000000000110000000100000000000100000010000000000001100000000000000000000000000000000000000000000000000000000000000
0000000000000000000000000001111100000000000000010001000000000000000100001000000000000010000010000000000000100000010000000000001000000100000000000100000000100000000001111111101100000000111000000101000000001000000000010000000010000000000100000000100000000000100000010000000000001000000000000000000011000000000000000000010000000000000000000000000000000000000000000000000000000000000000000000000000000000
0000000000000000000000000000001000000000000000000011000000000000000001111000000000000000010010000000000000001100110000000000000010000100000000000001100001000000000000010000001000000000001100000010000000000111110000110000000001000111111100000000010000000001100000001000000000001000000110000000000010000001000000000000010000010000000000000100000000000000000001000000000000000000000000000000000000000000
0000000000000000000000000000000100000000000000000011000000000000000000110000000000000000010010000000000000001100100000000000000010001000000000000001100011000000000000010000010000000000001000000100000000000011111111000000000001000000001000000000110000000010000000001000000000100000000100000000001100000001000000000001000000000000000000011000000000000000000000000000000000000000000000000000000000000000
0000000000000000000000000000000000000000000000000001000000000000000000111000000000000000011010000000000000000100100000000000000011001000000000000000100001000000000000010000010000000000001100000100000000000010000000100000000001111111111000000000010000000010000000001100000000010000000010000000000100000001100000000001100000010000000000001000000000000000000011000000000000000000000000000000000000000000
0000000000010000000000000000000110000000000000000011100000000000000001101100000000000000010001000000000000001000010000000000000110000010000000000011111111100000000000100000001000000000010000000001000000000100000000010000000011000000000100000000100000000001100000000000000000001000000000000000000010000000000000000000000000000000000000000000000000000000000000000000000000000000000000000000000000000000
0000000000000000000000000000011100000000000000000101000000000000000011010000000000000001100010000000000000010000100000000000001100001000000000000010000001000000000001100000010000000000010000000100000000001100000001100000000011111111111000000001101110000011000000010000000000010000001100000000000110000010000000000000100000100000000000001100001000000000000001000000000000000000001000000000000000000000
0000000000110000000000000000011100000000000000001111000000000000000011010000000000000001110100000000000000011001100000000000001110001000000000000011000010000000000001100000010000000000011000000100000000001111110011100000000011000011001000000000110000000011000000011000000000010000000110000000000010000011000000000000100000110000000000000100001000000000000001100110000000000000001000000000000000000011
0000000000110000000000000000011100000000000000001101000000000000000010011000000000000001100010000000000000010000100000000000001100000100000000000010000001000000000001000000011000000000010000000010000000001111111111110000000110000000000100000001000000000000100000010000000000001000001000000000000011000010000000000000010001000000000000000100010000000000000000100100000000000000001100000000000000000001
0000000000000000000000000000000000000000000000000110000000000000000010010000000000000000100010000000000000010000100000000000000100000100000000000010000001100000000000100000001000000000010000000011000000000111111111110000000011000000000110000000100000000000100000001000000000001100000100000000000001000001000000000000011000100000000000000010001000000000000000100110000000000000001100000000000000000001
0000000000000000000000000000000000000000000000001110000000000000000010110000000000000001000100000000000000010000100000000000001000001000000000000110000001000000000001000000001000000000110000000011000000001011111111110000000110000000000110000001000000000000100000010000000000001100001000000000000001000010000000000000001000100000000000000010001000000000000000010110000000000000000100000000000000000001
0000000000000000000000000000010000000000000000001010000000000000000110110000000000000001000100000000000000010001100000000000001000001000000000000010000001000000000001000000010000000000010000000010000000001000000000100000000010000000000100000001001111111111100000010000000000001000000100000000000010000010000000000000110000100000000000000100010000000000000001100100000000000000001000000000000000000001
0000000000000000000000000000011000000000000000000010000000000000000010010000000000000000100100000000000000010000100000000000000100001000000000000001000001000000000000100000010000000000001000000010000000000100000011110000000001111111100100000000100000000000100000001000000000001000000010000000000001000001000000000000011000010000000000000010000100000000000000110010000000000000000100100000000000000001
0000000001100000000000000000011100000000000000001101000000000000000110001000000000000001000010000000000000110000010000000000001000000110000000000100000000100000000011000000001000000000111111111111100000011110000000010000000100000000000010000011000000000000110000100000000000000100001000000000000001100100000000000000001001000000000000000010110000000000000000011000000000000000000100000000000000000000
0000000000000000000000000000000000000000000000001110000000000000000010010000000000000000100110000000000000011000100000000000000100001000000000000011000001000000000000100000011000000000010000001110000000000111111100100000000010000000000100000001100000000001000000010000000000001000001100000000000010000010000000000000010001100000000000000100010000000000000001100100000000000000001000000000000000000001
0000000001110000000000000000111100000000000000001111110000000000000011111100000000000011111111100000000000111100111000000000011110001111000000000111100001110000000001110000011110000000111100000111100000011111111111111100000111111111111111000001111111111111110000111100000000011110001111000000000011110111100000000000111101111000000000000111011100000000000001111100000000000000001100000000000000000011