0000000000000000000000000111110000000000000011000011100000000010100000001110000000110000000000110000001100000000000100000011000000000000100000110000000000001000001100000000000010000011000000000011000000111111100111000000001101111111000000000011000000001100000000110000000001100000000100000000001000000001000000000001000000110000000000110000001100000000011000000001111111111100000000000000000000000000
0000000000000000000000000000000000000000000000000111100000000000000111000110000000000110000000010000000001000000000100000000110000000011000000001000000001000000000010000001100000000000100011100000000000001111111000000000000010000001100000000000100000000110000000001000000000100000000010000000001000000000100000000110000000001111111111000000000000000000000000000000000000000000000000000000000000000000
0000000000000000000000000000000000000000000000011111110000000000001000000111000000000100000000010000000001000000000100000000010000000001000000000100000001100000000011000011100000000000011111000000000000000101110000000000000001000011000000000000010000001000000000000100000001000000000010000000010000000000100000001100000000001111111100000000000000000000000000000000000000000000000000000000000000000000
0000000000000000000000000001111110000000000001110000011000000000010000000001100000001100000000001000000010000000000110000000100000000011000000001000000001100000000010000001100000000000111111100000000000001100001110000000000010000000011000000000100000000001000000001000000000010000000010100000001100000000101100000110000000001001111110000000000000000000000000000000000000000000000000000000000000000000
0000001111110000000000000110000111000000000001000000011000000000010000000010000000000100000000010000000001000000000100000000010000000001000000000100000000110000000001000000011000000000010000011000000000000111111111000000000000100000011000000000001000000011000000000100000000010000000001000000000100000000010000000011000000000111000011100000000001011111100000000000000000000000000000000000000000000000
0000000000000000000000000011110000000000000001000111000000000000110000011000000000001000000011000000000010000000100000000000100000111000000000011000111000000000000101111100000000000001000001000000000000010000001000000000000100000110000000000001000001000000000000010000100000000000000010001000000000000000101100000000000000001110000000000000000000000000000000000000000000000000000000000000000000000000
0000000000000000000000000000000000000000000000000000000000000000000011111110000000000111100000110000000001000000000100000000010000000001000000000100000000100000000001000000011000000000010000001100000000000100000110000000000001000110000000000000010111100000000000000111001111000000000001000000010000000000010000000100000000000100000001000000000001000001100000000000011001100000000000000011100000000000
0000000000000000000000000000000000000000000000000000000000000000000111111000000000000010000001100000000001100000001100000000011000000000100000000100000000001000000001000000000110000000010000001111000000000111111110000000000001100011000000000000011000001100000000000010000001100000000000100000001000000000001000000110000000000111111110000000000000100000000000000000000000000000000000000000000000000000
0000000001110000000000000001110011100000000000010000001100000000011000000001100000000110000000001000000000100000000110000000001000000111000000000010001111000000000000100111000000000000001000011000000000000010000011000000000000100000010000000000011000000100000000000100000011000000000001000001100000000000111111100000000000001100000000000000000000000000000000000000000000000000000000000000000000000000
0000000000000000000000000000000000000000000000000000000000000000011111000000000000001100001100000000000010000000100000000000100000001000000000001000000110000000000010000011000000000000100011000000000000001111000000000000000011111000000000000000100011100000000000001000001100000000000010000010000000000000100001100000000000000000110000000000000001110000000000000000000000000000000000000000000000000000
0000000000000000000000000111110000000000000011000100000000000000100000100000000000001000011000000000000010000100000000000000110011000000000000000101100000000000000001111110000000000000010000110000000000000100000010000000000001000000100000000000010000001000000000000100000010000000000001000001100000000000001001110000000000000011110000000000000001100000000000000000000000000000000000000000000000000000
0000000000000000000000000000111000000000000000111011100000000000011000001000000000000100000010000000000001000000100000000000010000001000000000000010000110000000000000100011000000000000001111111000000000000011100010000000000000100000010000000000001000000100000000000010000001000000000000100000010000000000001000011000000000000011011100000000000000011000000000000000000100000000000000000000000000000000
0000000000000000000000000011111000000000000011000011100000000000100000001100000000001000000001000000000010000000110000000000100000001000000000001000001110000000000010011111000000000000111110011110000000001000000000111000000010000000000011000000100000000000010000001000000000000100000010000000000001000000100000000000110000001100000000111000000001111111111000000000010000000000000000000000000000000000
0000000000000000000000000000111000000000000000100011000000000000001000001000000000000010000010000000000000100000100000000000001000010000000000000010011100000000000000101111100000000000001000001110000000000010000000100000000000100000001000000000001000000010000000000010000000100000000000100000011000000000001000011100000000000011111100000000000000110000000000000000000000000000000000000000000000000000
0000000000000000000000000000000000000000000000000000000000000000000111110000000000000010000110000000000000100000100000000000001000001000000000000010000100000000000000100011000000000000001011100000000000000011101110000000000000100000110000000000001000000100000000000010000001000000000000100000010000000000001000000100000000000010000110000000000000111111000000000000001110000000000000000000000000000000
0000000000000000000000000000000000000000000000111111100000000000000100000100000000000001000001000000000000010000010000000000000100001100000000000001000010000000000000010001100000000000000111111000000000000001100011000000000000010000011000000000000100000010000000000001000000100000000000010000001000000000000100000110000000000001000011000000000000011111100000000000000000000000000000000000000000000000
0000000000000000000000000000000000000000000000101110000000000000001110110000000000000010000110000000000000100001100000000000001000010000000000000010001100000000000000100110000000000000001111110000000000000010000110000000000000100000110000000000001000000100000000000010000000100000000000100000011000000000001000001100000000000010000110000000000000111110000000000000001100000000000000000000000000000000
0000000000000000000000000000111100000000000000000001000000000000001000011000000000000010000110000000000000100001000000000000001000110000000000000011111110000000000000111000110000000000001000000110000000000010000000110000000000100000000100000000000100000000100000000001000000010000000000010000000100000000000100000010000000000001000011000000000000011111000000000000000100000000000000000000000000000000
0000000000000000000000000000100000000000000000110110000000000000001000010000000000000010000100000000000000100001000000000000001000110000000000000010011000000000000000111111000000000000001000001100000000000010000001100000000000100000001000000000001000000010000000000010000000100000000000100000001000000000001000000100000000000011101110000000000000101110000000000000000000000000000000000000000000000000
0000000000000000000000000000000000000000000000011110000000000000001000110000000000000010000100000000000000100001000000000000001000110000000000000010001000000000000000111111100000000000001000001100000000000010000001100000000000100000001000000000001000000010000000000010000001000000000000100000010000000000001000001000000000000011001100000000000000111110000000000000000000000000000000000000000000000000
0000000000000000000000000011110000000000000001100111000000000000010000010000000000011000000010000000000110000000100000000001100000011000000000011000001100000000000110111100000000000001101111000000000000011000001100000000000110000000100000000001100000001100000000011000000001000000000110000000110000000001100000001000000000011111011100000000000110001100000000000000000000000000000000000000000000000000
0000000011100000000000000001101100000000000000110001100000000000001000001000000000000100000110000000000001000001000000000000010000110000000000001001110000000000000010000111000000000000100000011100000000001000000001000000000010000000011000000000100000000010000000001000000000100000000010000000001000000000100000000100000000001111000110000000000000011110000000000000000000000000000000000000000000000000
0000000110000000000000000010110000000000000000100110000000000000010000110000000000000100000100000000000001000001000000000000010000010000000000000100011000000000000001111000000000000000010011110000000000000100000110000000000001000000010000000000010000000110000000000100000000100000000001000000001000000000011000000100000000000111111110000000000000000000000000000000000000000000000000000000000000000000
0000000001111000000000000000110011000000000000011000010000000000000100000110000000000001000000100000000000010000011000000000001100001100000000000010000110000000000000100000110000000000001000000010000000000010000000010000000000100000000010000000001000000000100000000010000000001000000000100000000010000000011000000001100000000011110001100000000000000111100000000000000000000000000000000000000000000000
0000000000000000000000000001111100000000000000110001000000000000001000001000000000000100000010000000000001000000100000000000010000011000000000000100000100000000000001000110000000000000011111000000000000001111111100000000000001100001100000000000011000001000000000000110000010000000000001100000100000000000011000001000000000000111111110000000000000000000000000000000000000000000000000000000000000000000
0000000000000000000000000000001111100000000000000110001100000000000001000001000000000001100000001000000000011000000110000000000110000001000000000001100001100000000000011111100000000000000111111100000000000001100000110000000000011000000100000000000110000000100000000001100000011000000000111000001100000000000011111110000000000000100000000000000000000000000000000000000000000000000000000000000000000000
0000000111111000000000000011000011000000000000100000010000000000001000000010000000000110000000100000000001100000010000000000011000011100000000000011111000000000000000100001100000000000001000000110000000000010000000110000000000100000000110000000001000000000100000000010000000001000000011100000000110000000011100000011000000000011111111000000000000100000000000000000000000000000000000000000000000000000
0000011111110000000000001100000110000000000010000000110000000000100000000100000000001000000000100000000010000000011000000000100000000100000000001000011110000000000010011111000000000000100000011000000000001000000001000000000010000000001000000000100000000011000000001000000000010000000010000000001100000001100000000010000000001111000011000000000011011111100000000000010000000000000000000000000000000000
0000000011110000000000000001100100000000000000010001100000000000001000001000000000000110000110000000000001000011000000000000011111100000000000000100011000000000000001000001100000000000110000001100000000001100000001000000000011000000001000000000110000000010000000001100000000100000000111000000001000000001110000000010000000001110000011000000000000011111000000000000000000000000000000000000000000000000
0000000111000000000000000011001100000000000001100001000000000000010000001000000000000100000010000000000011000001100000000000100000110000000000001011111000000000000011111100000000000000100000110000000000001000000010000000000010000000010000000000110000000100000000001100000001000000000111000000010000000001110000001100000000001111111110000000000011000000000000000000000000000000000000000000000000000000
0000000000000000000000000000000000000000000000000000000000000000000001111000000000000001100001000000000000001000010000000000000010000100000000000000100010000000000000001001100000000000000011111100000000000000100001100000000000001000001000000000000010000010000000000000010000100000000000000100010000000000000000111000000000000000000000000000000000000000000000000000000000000000000000000000000000000000
0000000000000000000000000000000000000000000000000011000000000000000001101000000000000000010001000000000000001100010000000000000010000100000000000000110011000000000000001101100000000000000011011100000000000000110001100000000000000100001000000000000001000110000000000000010011000000000000000111100000000000000000000000000000000000000000000000000000000000000000000000000000000000000000000000000000000000
0000000000000000000000000000000000000000000000000000000000000000000000100000000000000000010110000000000000001100100000000000000010001000000000000000110110000000000000001001110000000000000011000110000000000000110000100000000000001100001000000000000001100010000000000000011111000000000000000101100000000000000000000000000000000000000000000000000000000000000000000000000000000000000000000000000000000000
0000000000000000000000000000000000000000000000000000000000000000000011110000000000000000100010000000000000001000110000000000000010000100000000000000100010000000000000001011100000000000000011111100000000000000110001000000000000001100001000000000000001000010000000000000010000100000000000000110010000000000000001111100000000000000000000000000000000000000000000000000000000000000000000000000000000000000
0000000000000000000000000000000000000000000000000000000000000000000001100000000000000000011100000000000000000100100000000000000010001000000000000000100110000000000000001011000000000000000011001100000000000000110001000000000000000100011000000000000001000010000000000000010001100000000000000110110000000000000001111000000000000000000000000000000000000000000000000000000000000000000000000000000000000000
0000000000000000000000000000000000000000000000000000000000000000000001110000000000000000110010000000000000001000110000000000000010000100000000000000100010000000000000001001100000000000000010110000000000000000100011000000000000001000011000000000000010000010000000000000110000100000000000000100001000000000000001000100000000000000011111000000000000000000000000000000000000000000000000000000000000000000
0000000000000000000000000000000000000000000000000000000000000000000001110000000000000000110110000000000000001000100000000000000010001000000000000000100110000000000000001011000000000000000011001100000000000000110001100000000000001100001000000000000001000010000000000000010000100000000000000110001000000000000001111100000000000000010010000000000000000000000000000000000000000000000000000000000000000000
0000000000000000000000000000000000000000000000000000000000000000000000111000000000000000001011000000000000000010010000000000000001100100000000000000010010000000000000000101100000000000000001001100000000000000010001100000000000000110001000000000000000100011000000000000001000110000000000000010001000000000000000100110000000000000001111000000000000000000000000000000000000000000000000000000000000000000
0000000000000000000000000000000000000000000000000000000000000000000000111100000000000000001001000000000000000100001000000000000001000010000000000000010001100000000000000100110000000000000001111100000000000000011000100000000000000010000100000000000000100001000000000000001000010000000000000010001100000000000000111110000000000000001000000000000000000000000000000000000000000000000000000000000000000000
0000000000000000000000000000000000000000000000000000000000000000000001110000000000000000100100000000000000000001000000000000000000010000000000000001001100000000000000011110000000000000000110110000000000000001000010000000000000010000110000000000000110000100000000000000100001000000000000001000110000000000000011111000000000000000001000000000000000000000000000000000000000000000000000000000000000000000
0000000000000000000000000000000000000000000000111111111000000000010000000010000000000000100000100000000000001000011000000000000010011100000000000001011111100000000000010100001100000000000100000001100000000001000000001000000000010000000010000000000100000000100000000011000000010000000000010000001100000000000110001100000000000000011100000000000000000000000000000000000000000000000000000000000000000000
0000000000000000000000000001111100000000000001110000111000000001100000000001100000010001000000001100000000010000000001000000000100000000010000000001000000001100000000010000011100000000000100111111100000000001001100001100000000010000000001000000000100000000011000000001000000000010000000010000000000100000000100000000011000000001000000000100000000010000000010000000000111000011000000000000001111100000
0000000000000000000000000000000000000000000000000000000000000000111111111111000000010001000000011000000000010000000010000000000100000001100000000001000011100000000000010111100000000000000111111100000000000001000000110000000000010000000110000000000100000000100000000001000000000100000000010000000011000000000100000000100000000011000000110000000000011111110000000000000000000000000000000000000000000000
0000000000000000000000000000000000000000000000000000000000000000000101111111000000000001000000011000000000010000000010000000000100000000100000000001000000011000000000010000011000000000000101111100000000000001011100110000000000010000000011000000000100000000010000000001000000000010000000010000000000100000000100000000001000000001000000000010000000011100000011000000000000111111100000000000000000000000
0000000000000000000000000000000000000000000000001111111000000000000100000001100000000001000000001000000000010000000110000000000100000111000000000001001110000000000000010111111000000000000100000011000000000010000000011000000000100000000010000000001000000000100000000010000000001000000000100000000010000000001000000011000000000111000111100000000000011111000000000000000000000000000000000000000000000000
0000000000000000000000000000000000000000000000001111111000000000000110000011000000000001000000010000000000010000000100000000000100000001000000000001000000100000000000010000011000000000001100011000000000000010011111110000000000101100000110000000001000000000100000000010000000001000000000100000000010000000001000000000100000001010000000010000000011100000001000000000011000001100000000000011111100000000
0000000000000000000000000000000000000000000000000000000000000000111111110000000000001000000011000000000010000000010000000000100000000010000000001000000000100000000010000000110000000000100001111100000000001000110001110000000010000000000110000000100000000000100000001000000000001000000010000000000010000000100000000001100000001110000000110000000010111100111000000000000000111000000000000000000000000000
0000000000000000000000000011111100000000000001000001100000000000011000000100000000000010000000100000000000100000001000000000001000000110000000000010000111000000000000100111111100000000001011000001100000000010000000001100000000100000000001000000001000000000010000000010000000000100000000100000000001000000001000000001100000000011000001100000000001111111100000000000010000000000000000000000000000000000
0000000000000000000000000000001111100000000000011100001100000000001000000001000000000010000000010000000000100000000100000000001000000011000000000010000001100000000000100001110000000000001011111111000000000010000000011000000000100000000011000000001000000000010000000110000000000100000001000000000001000000010000000000100000000100000000011000000001100000011100000000010111111100000000000000000000000000
0000000000000000000000000000111111100000000000000000001100000000000100000001000000000001000000010000000000010000000100000000000100000011000000000001000011100000000000010001111100000000000100110001100000000001000000001100000000010000000001000000000100000000010000000010000000000100000000100000000001000000001000000000110000000011000000001000000000111000000110000000001001111110000000000000000000000000
0000000000000000000000000000111110000000000000011000110000000000001000000100000000000100000001000000000011000000010000000000100000001100000000001000011110000000000100001111100000000001000000001100000000010000000001000000000100000000010000000001000000000100000000010000000001000000000100000000110000000001000000011000000000011111111100000000001100000000000000000000000000000000000000000000000000000000
0000000000000000000000000000000000000000000001100000000000000000011111000000000000000100001100000000000001000000110000000000010000000011000000000100000000011000000001000000000010000000010000000000100000000100000000011000000001000000001100000000110111111100000000001001111110000000000010000000110000000000100000000100000000001000000011000000000010000001100000000000111111110000000000001000000000000000
0000000000111000000000000001111011100000000000110000001100000000001000000001100000000110000000001000000001000000000010000000110000000001100000001011111111110000000010000001110000000001100000000110000000010000000000100000000100000000001000000001000000000010000000110000000001100000001000000000110000000010000000111000000000111111111000000000000000000000000000000000000000000000000000000000000000000000
0000000000111100000000000000111000110000000000011000000100000000001100000000100000000110000000001000000001000000000010000000110011111111000000001000000111000000000110000000011000000001000000000011000000010000000000010000001100000000000100000010000000000001000000100000000000110000001000000000011000000010000000011100000000100000011100000000001111111100000000000000000000000000000000000000000000000000
0000000000000000000000000000000000000000000000100000000000000000011111111100000000000100000001100000000001000000001100000000010000000001100000000100000000001000000001000000000010000000010000000011100000000100001111100000000001111110001000000000010000000011000000000100000000010000000001100000000100000000001000000001000000000010000000010000000000100000001000000000111111001100000000000000011110000000
0000000110000000000000000011011100000000000001100001100000000000010000001100000000000100000001000000000001000000001000000000010000000110000000000100000001000000000001011011100000000000110011101110000000001000000000110000000010000000000100000000100000000001000000001000000000010000000010000000000100000000100000000010000000001000000001100000000010000001110000000001100001110000000000011111110000000000
0000000000000000000000000000011110000000000000001100110000000000000110000110000000000011000000100000000001100000001000000000010000000110000000000111111111000000000010000000110000000000100000000110000000001000000000100000000010000000001000000001000000000010000000010000000001000000000100000000110000000001000000110000000000011100111000000000000011111000000000000000100000000000000000000000000000000000
0000000000000000000000000010000000000000000001111111110000000000010000000111000000000100000000011000000011000000000010000000100000000001100000001000000000010000000010000001111000000000111111111110000000010000000000110000000100000000000100000001000000000001100000010000000000001000000100000000000110000001000000000001000000010000000000100000000100000000110000000001111111111000000000000000000000000000
0000000001110000000000000001100110000000000000110000110000000000001000000100000000000100000001000000000011000000110000000000100001111000000000001001111110000000000110000000110000000001000000000100000000010000000001000000000100000000010000000001000000000100000000010000000011000000000100000001100000000001000000110000000000010000011000000000000111111000000000000001000000000000000000000000000000000000
0000001000000000000000000111100000000000000001001111110000000000110000000110000000001000000000100000000010000000001000000000100000000010000000001000000001000000000010000001110000000000100001110000000000001111111100000000000110000001100000000001000000001000000000010000000010000000000100000000100000000001000000011000000000010000011100000000000100111100000000000001111000000000000000000000000000000000
0000000001110000000000000011110011100000000000010000001100000000000100000001000000000001000000001000000000010000000010000000000100000001100000000001000000010000000000010011111110000000000111111100100000000001111100001000000000010000000110000000000100000001000000000001000000110000000000010000001000000000000100000110000000000001000110000000000000010111000000000000000111000000000000000000000000000000
0000010111111100000000000110000000110000000000100000000110000000011000000000100000000100000000001000000001000000000010000000010000000000100000000100000000001000000000100000000110000000001000001111100000000011111110001100000000100000000001000000001000000000010000000010000000000100000000100000000011000000001000000000100000000010000000001000000000100000000100000000001000000111000000000011111111000000
0000000111111110000000000010000000111000000000010000000010000000000100000000110000000001000000000100000000010000000011000000000100000000100000000001000000111000000000110011111111000000001011111000010000000010110000000100000000100000000001000000001000000000010000000010000000001100000000100000000010000000001000000001100000000010000000110000000000100000110000000000001001110000000000000111110000000000
0000011111111111000000000100000000011000000001000000000010000000010000000001100000000100000000010000000001000000000110000000001000000001100000000010000000010000000000100000000100000000001000000111100000000010011111001000000000111000000010000000001000000000100000000010000000001000000000100000000010000000001000000001100000000110000000010000000001000000000100000000011111111111000000001110000000000000
0000011111110000000000000100000011000000000001000000001100000000010000000001100000000100000000001100000000100000000001000000001000000000010000000010000000000100000000100000000011000000001000000011010000000010000111000100000000111110000001000000001000000000010000000010000000000100000000100000000001000000001000000000110000000010000000011000000000100000001100000000001000011100000000000011111000000000
0000000111110000000000000111000011110000000001000000000110000000011000000000110000000010000000000100000000100000000011000000001000000000100000000010000000110000000000100000111110000000001000011100110000000010000000000100000000100000000001000000000100000000010000000001000000000100000000010000000001000000000100000000100000000001100000011000000000011000001100000000000110001110000000000000111110000000
0000000000000000000000000111111111000000000001000000001100000000010000000001000000000100000000001000000001000000000010000000010000000001000000000100000000110000000001000000011000000000010000111111000000000100001000001000000001000000000010000000010000000000100000000110000000001000000000100000000110000000001000000001000000000010000000110000000000100001110000000000011111110000000000000000000000000000
0000011111111111110000000100000000000110000001000000000011000000010000000000100000000110000000001000000000100000000100000000001000000001000000000010000000010000000000100000000100000000001011111111000000000011100000010000000000100000000100000000001000000001000000000010000000010000000000100000000100000000000100000001000000000001000000010000000000010000000100000000000100000001000000000001111111110000
0000011000000000000000000011111111000000000000100000011000000000001000000011000000000010000000010000000000100000000100000000001000000001000000000010000000110000000000100000011100000000001000111101100000000010000000001100000000100000000001000000001000000000110000000010000000001000000000100000000010000000001000000001000000000010000000100000000000100000110000000000001000111000000000000011111000000000
0000000001111110000000000001100000110000000000010000000100000000000100000001000000000011000000010000000000110000000100000000001100000001000000000011000000110000000000110000011000000000001100011111100000000011011100001000000000010000000010000000000100000000100000000001000000001000000000010000000110000000000100000001000000000011000000110000000000110000111000000000001111111000000000000000000000000000
0000000000000000000000001111000000000000000110011000000000000011000011000000000001101000011000000000010010000010000000000100100000010000000000101000000100000000001010000001000000000010100000010000000000011000000100000000000110011111110000000001101111000110000000001110000000100000000011000000001000000000110000000110000000000100000011000000000001011111100000000000000000000000000000000000000000000000
0000000000000000000000000000111100000000000000011001100000000000001100001100000000000110000001000000000001000000010000000000010000000010000000000100000000100000000001100000001000000000011100000100000000000011011111000000000000110111111000000000001110000001000000000010100000010000000000101000000100000000000110000110000000000001111110000000000000010000000000000000000000000000000000000000000000000000
0000000000000000000000000111110000000000000001000011100000000000010000000100000000000110000000100000000001100000001000000000110000000010000000001100000000100000000011000000011000000000110000001100000000001101111110000000000011011101100000000000010000001100000000000100000011000000000001000000100000000000011000011000000000000110011000000000000001111100000000000000000000000000000000000000000000000000
0000000000000000000000000001111000000000000000100011000000000000011000001100000000000110000001000000000000100000001000000000001100000010000000000011000000100000000000110000001000000000001100000100000000000011000011000000000000111111111000000000001100000011000000000010100000010000000000110000000100000000001100000011000000000011000000100000000000110000110000000000011100111000000000000011111000000000
0000000000000000000000000000011100000000000000011100110000000000001100000011000000000010000000011000000000100000000110000000001000000001000000000110000000110000000001010000011000000000010100011000000000000101111111110000000001010000000110000000001100000000100000000011000000001000000000111000000100000000001110000110000000000001100011000000000000011111100000000000000110000000000000000000100000000000
0000000000000000000000000000011111000000000000001100011000000000000010000011000000000000100000010000000000001000000100000000000110000001000000000000100000010000000000001000001000000000000010000110000000000000110011000000000000001111111000000000000011000001100000000000110000001000000000001100000010000000000011000001100000000000110000110000000000001100110000000000000111111000000000000000100000000000
0000000011111000000000000111100001100000000011000000001100000001100000000001000000010000000000010000000010000000000100000000110000000001000000001110000000100000000001110000011000000000001100001100000000000010111111110000000000111000000111000000000110000000010000000000110000000100000000001100000010000000000011100000100000000000011000010000000000000110011000000000000100111100000000000001110000000000
0000000000000000000000000001111000000000000000010011100000000000010000001100000000000010000001000000000000100000001000000000001000000011000000000010000000010000000000110000000100000000000100000001000000000001000000110000000000010000011000000000000101111000000000000001111111110000000000001000000110000000000010000000100000000000100000001000000000011000000100000000000100000110000000000011000111000000
0000000000000000000000000111111000000000000011000011000000000000100000011000000000001000000001000000000011000000010000000000110000000100000000001100000001000000000001100000110000000000011000001000000000000110000100000000000000100110000000000000001011111100000000000001000001100000000000010000001000000000000110000010000000000000100000100000000000001000011000000000000000001100000000000110111100000000
0000001111000000000000001110011000000000000011000011000000000000110000011000000000000100000011000000000001000000010000000000010000000100000000000100000001000000000001000000010000000000011100001100000000000111111100000000000000100001100000000000001000001100000000000010000001000000000000100000010000000000001000000100000000000010000011000000000000110001100000000000000111110000000000000000000000000000
0000001110000000000000000110111000000000000011000011000000000000100000011000000000001000000010000000000010000000100000000000100000000100000000001000000011000000000010000001100000000000111111110000000000001111110111000000000010000000001000000000100000000010000000001000000000100000000010000000001000000000100000000110000000001000000011000000000010000011000000000000111111100000000000000000000000000000
0000000000000000000000000011110000000000000111100011000000000000100000011000000000001000000010000000000010000000100000000000100000010000000000001000001100000000000010111100000000000000111111000000000000000100011100000000000001000001100000000000010000001000000000000100000010000000000001000000100000000000010000001000000000000100000110000000000001000111000000000000011111000000000000000000000000000000
0000111111100000000000001000001000000000000001000001000000000000010000010000000000000100000100000000000001000001000000000000010000110000000000000101111110000000000001110000111000000000010000000010000000000100000000010000000001000000000100000000010000000011000000000100000000100000000001000000011000000000011000001100000000000010001110000000000000111110000000000000001000000000000000000010000000000000
0000001111110000000000000010000110000000000000100000010000000000001000000110000000000010000000100000000000100000001000000000001100000110000000000001000011000000000000011111100000000000000100011100000000000001000001000000000000010000001000000000000100000010000000000001000000100000000000010000011000000000000100000100000000000001100110000000000000000111000000000000000000000000000000000000000000000000
0000001110000000000000000110111000000000000001000011000000000000010000011000000000000100000010000000000001000000100000000000001000001000000000000010000110000000000000100011000000000000001011100000000000000010101110000000000000100000010000000000001000000110000000000010000000100000000000100000011000000000001000000100000000000010000011000000000000100011000000000000001111100000000000000000000000000000
0000001111111000000000000010000011100000000000100000001100000000001000000001100000000010000000001000000000100000000010000000001000000001100000000010000001100000000000100111110000000000001111111100000000000010000001110000000000100000000110000000001000000000100000000010000000011000000000100000001100000000001000000110000000000010000011000000000000111111100000000000001000000000000000000010000000000000
0000000111111000000000000001000011000000000000010000011000000000000100000010000000000001000000100000000000010000000100000000000100000011000000000001000001100000000000010111110000000000000111100111100000000001000000001100000000010000000001000000000100000000010000000001000000000100000000010000000010000000000010000001100000000000100000110000000000001001110000000000000011110000000000000000100000000000
0000011111100000000000000100001110000000000001000000110000000000010000000100000000000010000001000000000000100000010000000000001000001100000000000010000110000000000000100111111000000000001111000001100000000010000000001100000000100000000011000000001000000000100000000010000000001000000000100000000100000000001000000110000000000010000111000000000000101111000000000000001110000000000000000011000000000000
0000001111111110000000000010000000110000000000100000000100000000001000000000100000000010000000001000000000100000000010000000001000000001100000000010000000110000000000100000111000000000001011111111100000000011100000001100000000100000000001000000001000000000010000000010000000001000000000100000000110000000001000000111000000000010000111000000000000100111000000000000001110000000000000000010000000000000
0000000111100000000000000010001111000000000000100000011000000000001000000001000000000010000000001000000000100000000010000000001000000000100000000010000000110000000000100000111000000000001111110000000000000010000011100000000000100000001000000000001000000010000000000010000000100000000000100000001000000000001000000110000000000010000011000000000000100111000000000000001111000000000000000010000000000000
0011111111000000000000100000011100000000110000000000100000001100000000000110000010000000000000100000100000000000000100001000000000000001000010000000000000010000100000000000000100001011111111100001000011000000001110110000111100000000110000001101111111111110000011000000000000100000110000000000001000001100000000000010000001000000000001100000010000000001110000001111111111100000000001000000000000000000
0000000000000000000000000000000000000000001101111110000000000001100000011000000000010000000011000000000100000000001000000011000000000011000000110000000000010000001010000000001100000010101111111110000000101111111111000000001010000000001000000010100000000011000000101000000000010000001010000000000100000011100000000001000000011000000000110000000110000000011000000001111111111000000000000000000000000000
0000000000000000000000000001000000000000000101111111100000000001100000001110000000011000000000110000000100000000000110000001100000000000100000011000000000001000000110000000000010000001100011100001100000011111001111110000000111111111111100000001100000000001100000001000000000001000000010000000000010000000110000000001100000001100000000110000000011000011110000000001111111000000000000001100000000000000
0000000011110000000000000011100111000000000000100000001100000000010000000001000000000100000000001000000011000000000010000000100000000000100000001000000000011000000011000000000100000000110000000110000000001111111111100000000011111000001110000000110000000000100000001100000000001000000011000000001110000000110000000110000000001100011110000000000001111100000000000000000000000000000000000000000000000000
0000000000000000000010000000000000000000111111111111100000001000000000001110000010000000000000110000100000000000000100001000000000000001100010000000000000001000100000000000000010001000000000000000100010000000000000001000100000000000011110001001111111111111000010000000000000011000100000000000000011001000000000000000010010000000000000000100100000000000000011001000000000000001100011111111111111110000
0000000000000000000000000000000000000000000001111000000000000000110001100000000000001100001100000000000011000000100000000000110000000110000000001100000000110000000101000000000100000001010000000110000000010100001110000000000100111111111000000000101000000011100000001010000000000100000010100000000011000000101000000001100000001101000000100000000001110000010000000000001100011000000000000001111000000000
0001111100000000000000110001110000000000001000000111000000000110000000011000000001100000000001100000011000000000001100000110000000000001100001010000000000001000010100000000000010000101000000000001100001010000000000110000010100000000111000000101111111111000000001111111100111100000001100000000001100000011100000000001100000111000000000011000000110000000001100000000100000001100000000001111111110000000
0000000000000000000000111111100000000000001000000110000000000110000000011000000001100000000011000000001000000000001000000010000000000011000000110000000000011000001100000000000110000011000000000111000000110000000011000000001100000011100000000001111111111111000000011111100000011000000110000000000010000001100000000001000000011000000001100000000010011111110000000000111000000000000000000000000000000000
0000000000000000000000001111111000000000001100000001110000000010000000000110000001100000000000110000011000000000000100000110000000000001000000100000000000110000001000000000001000000010000000000100000000101111111010000000001110000011110000000010111111100011000000100000000000001000001000000000000110000010000000000011000000100000000011100000001110000001100000000000111111100000000000000000000000000000
0000000000000000000000000111111000000000000011000001100000000001100000000110000000010000000000110000000100000000000100000001000000000000100000010000000000001000000100000000000010000001000000000001000000011111111110110000000111100000111000000001101111111011000000011000000000010000000110000000000100000001010000000011000000011100001111000000000011111100000000000000000000000000000000000000000000000000