0000000000000000000000000000000000000000000000000000000000000000001110000000000000001100011100000000000110000000110000000001000000000010000000011000000000010000000110000000000010000001100000000000100000001000000000001000000010000000000010000000100000000000100000001000000000010000000010000000001000000000100000011100000000001000111100000000000011110000000000000000100000000000000000000000000000000000
0000000000000000000000000000000000000000000000000000000000000000000111111100000000000011000000100000000001100000000110000000010000000000100000000100000000000100000001000000000011000000010000000000100000000100000000011000000001000000001100000000010000000100000000000100000110000000000001000010000000000000010111000000000000000111000000000000000000000000000000000000000000000000000000000000000000000000
0000000000000000000000000000000000000000000000111100000000000000010000111100000000000100000000110000000001000000000010000000110000000000110000001000000000000100000010000000000001000000100000000000110000001000000000011000000010000000001100000000100000000100000000001000000110000000000010001111000000000000011100000000000000000000000000000000000000000000000000000000000000000000000000000000000000000000
0000000000000000000000000000000000000000000000000000000000000000000111100000000000000001000110000000000000010000110000000000000100000010000000000001000000010000000000100000000100000000001000000001100000000010000000010000000000100000000100000000001000000010000000000010000001100000000000100000100000000000010000010000000000000100011000000000000001111000000000000000000000000000000000000000000000000000
0000000000000000000000000000000000000000000000000000000000000000001111100000000000000010001111100000000001100000001100000000010000000001100000000100000000001000000001000000000010000000010000000001000000000100000000010000000001000000001000000000010000000100000000000100000110000000000001000010000000000000010001000000000000000111100000000000000001100000000000000000000000000000000000000000000000000000
0000000000000000000000000000000000000000000000000000000000000000001100000000000000000011111000000000000000100001110000000000011000000010000000000100000000010000000001000000000100000000010000000001000000000100000000010000000001000000001000000000010000000100000000000100000010000000000001000001000000000000010000100000000000000100110000000000000000011000000000000000001000000000000000000000000000000000
0000011100000000000000000101111000000000000001000001100000000000010000000100000000000100000000100000000001000000001000000000010000000010000000000100000000100000000001000000001000000000010000000110000000000010000001000000000000100000100000000000001000010000000000000010001100000000000000100110000000000000001011000000000000000011100000000000000000100000000000000000000000000000000000000000000000000000
0000000000000000000000000111111111111000000111000000000001100011000000000000001100100000000000000001010000000000000000010100000000000000001001000000000000000110010000000000000001000100000000000000100001000000000000001000010000000000000100000100000000000010000001000000000011000000010000000001000000000100000001100000000001000000100000000000010000110000000000000111110000000000000001100000000000000000
0000000000000000000000000000000000000000000000000000000000000000000000110000000000000000010110000000000000001000010000000000000010000010000000000000100000100000000000011000000100000000000100000001000000000001000000010000000000010000000100000000000100000011000000000001000000100000000000010000010000000000000100011000000000000001011100000000000000011100000000000000000000000000000000000000000000000000
0000000000000000000000000000000000000000000000000000000000000000000111111110000000000011000000110000000000100000000100000000010000000000100000000100000000001000000011000000000001000000100000000000100000001000000000001000000010000000000100000000100000000011000000001000000011000000000010000011000000000000100011000000000000000011000000000000000111000000000000000000000000000000000000000000000000000000
0000000000000000000000000000000000000000000000000000000000000000001111000000000000000010011000000000000001000011000000000000010000010000000000000100000100000000000001000001000000000000010000010000000000000100000100000000000001000001000000000000010000010000000000000100001000000000000001100110000000000000001011000000000000000111000000000000000000000000000000000000000000000000000000000000000000000000
0000000000000000000000000000000000000000000000111111000000000000001000010000000000000010000000000000000000100000011000000000001000000011000000000010000000011000000000100000000010000000001000000000100000000010000000000100000000100000000001000000001000000000110000000010000000001000000000100000000110000000001000000011000000000010000011100000000000100111100000000000001111000000000000000000000000000000
0000000000000000000000000000000000000000000000111000000000000000010011100000000000000100000110000000000001000000110000000000010000000100000000000100000001000000000001000000010000000000010000000100000000000100000001000000000001000000010000000000010000000100000000000100000011000000000001000000100000000000010000010000000000000100001100000000000001000110000000000000011111000000000000000000000000000000
0000000000000000000000000111000000000000000010011100000000000000100001100000000000001000000110000000000010000000110000000000100000000110000000001000000000110000000010000000000100000000100000000001000000001000000000010000000011000000000100000000010000000001000000000100000000110000000001000000001000000000010000000110000000000100000011000000000001000011100000000000011111100000000000000000000000000000
0000000000000000000000000000000000000000000001111100000000000000010001110000000000000100000110000000000001000000110000000000010000000110000000000100000000100000000001000000001000000000010000000011000000000100000000010000000001000000000100000000010000000011000000000100000000100000000001000000001000000000010000000100000000000100000011000000000001000011100000000000010011100000000000000111100000000000
0000000000000000000000000111111000000000000001000011100000000000010000001110000000000100000000110000000001000000000110000000010000000000100000000100000000001000000001000000000010000000010000000000100000000100000000001000000001000000000110000000010000000001000000000100000000110000000001000000011000000000010000001100000000000100000110000000000001001110000000000000011110000000000000000000000000000000
0000000000000000000000000000000000000000000000110000000000000000010111100000000000000100001100000000000001000001100000000000010000000100000000000100000001100000000001000000001000000000010000000010000000000100000000100000000001000000001000000000010000000010000000000100000001100000000001000000010000000000010000011000000000000100001100000000000001001110000000000000001110000000000000000000000000000000
0000000000000000000000000000000000000000000000011110000000000000000100011000000000000001000011000000000000010000010000000000000100000010000000000001000000100000000000010000000100000000000100000001000000000001000000010000000000010000000100000000000100000001000000000001000000110000000000010000001000000000000100000100000000000001000010000000000000010011000000000000000111100000000000000000000000000000
0000000000000000000000000000000000000000000000111100000000000000010000110000000000000100000011000000000001000000011000000000010000000011000000000100000000010000000001000000000010000000010000000000100000000100000000001000000001000000000010000000010000000000100000000100000000001000000001000000000100000000010000000011000000000100000001100000000001000000110000000000011001111000000000000011110000000000
0000000000000000000000000111110000000000000001000011000000000000010000001000000000000100000001100000000001000000001000000000010000000001000000000100000000011000000001000000000010000000010000000000100000000100000000001000000001000000000010000000010000000000100000000100000000011000000001000000000100000000010000000010000000000100000001100000000001000001100000000000010001110000000000000111110000000000
0000011000000000000000000011110000000000000100000111000000000001000000011000000000010000000001100000000100000000001100000001000000000001100000010000000000001000000100000000000001000000100000000000010000001000000000000100000010000000000001000000100000000000010000001000000000001100000010000000000110000001110000000011000000000111111111000000000000000000000000000000000000000000000000000000000000000000
0000000000000000000000001110000000000000000000111000000000000000000001100000000000100000000110000000000100000000110000000001000000000010000000010000000000010000000100000000000110000001000000000000100000010000000000001000000100000000000011000001000000000000100000010000000000001000000100000000001100000001000000000110000000110000000110000000000111111110000000000000000000000000000000000000000000000000
0000000000000000000000000000000000000000000000000000000000000000011110000000000000001000011100000000000010000000110000000000100000000110000000001000000000010000000010000000000010000000100000000000100000001000000000000100000010000000000001000000100000000000010000001000000000001000000010000000000010000000100000000001000000011000000000110000000011111001110000000000000001100000000000000000000000000000
0000000000000000000000000000000000000000000000000000000000000000101111000000000000001000011100000000000010000001100000000000100000000100000000000100000000100000000001000000001100000000010000000001000000000100000000010000000001000000000100000000010000000001000000000100000000010000000001000000000100000000010000000010000000001100000001100000000011110001110000000000000011100000000000000000000000000000
0000000000000000000000000000000000000000000010111000000000000000100001100000000000001000000110000000000010000000011000000000100000000010000000001000000000010000000010000000000010000000100000000000100000000100000000000100000001000000000001000000010000000000010000001100000000001000000010000000000110000000100000000011000000011111111111000000000000000000000000000000000000000000000000000000000000000000
0000000000000000000000001111111000000000000001000011100000000000010000000110000000000100000000110000000001000000000010000000010000000000010000000100000000000110000001100000000000100000001000000000001100000010000000000001000000100000000000010000001000000000001100000010000000000010000000010000000001100000000100000011100000000111111111100000000000010000000000000000000000000000000000000000000000000000
0000000000000000000000000000000000000000000000110000000000000000100011100000000000001000001110000000000010000000111000000000010000000011000000000100000000010000000001000000000110000000010000000000100000000100000000001000000001000000000001000000011000000000010000000010000000001000000000100000000010000000101000000011000000000111111111100000000000000000000000000000000000000000000000000000000000000000
0000000000000000000000000000000000000000000101100000000000000001001110000000000000010000111000000000000100000011000000000001000000001100000000010000000001000000000100000000001000000001000000000001000000010000000000010000000100000000000110000001000000000000100000010000000000001000000100000000000010000001000000000000100000010000000000011000000100000000001100000001000000000110000000011111111110000000
0000000000000000000000000000000000000000000001111000000000000000001001110000000000000010000111000000000000100000011000000000001000000011000000000010000000011000000000100000000010000000001000000000010000000010000000000100000000100000000001000000001000000000001000000010000000000010000000100000000001000000001000000000010000000010000000001000000001100000000110000000001110000111000000000000011110000000
0001111000000000000000100011111000000000001000000011100000000010000000001100000000110000000000100000001000000000001100000010000000000001000000100000000000010000001000000000000100000010000000000001000000100000000000010000001000000000000100000010000000000001000000100000000000100000001000000000011000000010000000001100000000100000000110000000011100001111000000000011111110000000000000000000000000000000
0000000000000000000000000000000000000000000000000000000000000000000011111000000000000000100011000000000000001000010000000000000010000010000000000001100000100000000000001000001000000000000010000010000000000000100000100000000000001100001000000000000001000110000000000000110011000000000000000111100000000000000000000000000000000000000000000000000000000000000000000000000000000000000000000000000000000000
0000000000000000000000000000000000000000000000000000000000000000000001110000000000000000010111000000000000001100011000000000000011000011000000000000010000010000000000000100000100000000000001000000100000000000010000011000000000000110000100000000000000100001000000000000001000100000000000000010110000000000000000111000000000000000000000000000000000000000000000000000000000000000000000000000000000000000
0000000000000000000000000000000000000000000000000000000000000000000000000000000000000000011100000000000000000100110000000000000011000110000000000000110000100000000000001100000100000000000011000001000000000000010000010000000000000100000100000000000001000001000000000000011100110000000000000111111000000000000000000000000000000000000000000000000000000000000000000000000000000000000000000000000000000000
0000000000000000000000000000000000000000000000000000000000000000000011100000000000000001100110000000000000010000010000000000000100000010000000000001000000100000000000010000000100000000000110000001000000000001100000010000000000001000001100000000000011000110000000000000111110000000000000000000000000000000000000000000000000000000000000000000000000000000000000000000000000000000000000000000000000000000
0000000000000000000000000000000000000000000000000000000000000000000000000000000000000000011000000000000000001111000000000000000010001000000000000000100001000000000000001100011000000000000011000010000000000000110000100000000000000100011000000000000001000100000000000000110011000000000000000111100000000000000000000000000000000000000000000000000000000000000000000000000000000000000000000000000000000000
0000000000000000000000000000000000000000000000000000000000000000000000000000000000000000001000000000000000001111100000000000000010001100000000000000110000100000000000001000001000000000000011000010000000000000010000100000000000000100001000000000000001000010000000000000010001100000000000000111110000000000000000010000000000000000000000000000000000000000000000000000000000000000000000000000000000000000
0000000000000000000000000000000000000000000000000000000000000000000011100000000000000001101100000000000000010000110000000000000100000100000000000001000001100000000000010000001000000000000100000010000000000001100000100000000000011000001000000000000010000100000000000000100011000000000000001111100000000000000000000000000000000000000000000000000000000000000000000000000000000000000000000000000000000000
0000000000000000000000000000000000000000000000000000000000000000000001100000000000000000100110000000000000001000110000000000000110000110000000000001100000100000000000011000001000000000000010000001000000000000100000010000000000001100000100000000000011000010000000000000011101100000000000000101100000000000000000000000000000000000000000000000000000000000000000000000000000000000000000000000000000000000
0000000000000000000000000000000000000000000000000000000000000000000000000000000000000000001110000000000000000110110000000000000001000010000000000000010000110000000000000100000100000000000001000001000000000000010000010000000000000110000100000000000001100001000000000000001000110000000000000010011000000000000000111100000000000000000000000000000000000000000000000000000000000000000000000000000000000000
0000000000000000000000000000000000000000000000000000000000000000000000000000000000000000011100000000000000001101110000000000000010000110000000000000100000100000000000001100000100000000000011000001000000000000010000010000000000000100000100000000000001000001000000000000011000100000000000000110011000000000000000111000000000000000000000000000000000000000000000000000000000000000000000000000000000000000
0000000000000000000000000000000000000000000000000000000000000000001011100000000000000010001110000000000000100000110000000000001000000110000000000010000000110000000000100000000100000000001000000000100000000010000000001000000000100000000010000000001000000000100000000010000000001000000000100000000100000000001000000110000000000011100111000000000000000110000000000000000000000000000000000000000000000000
0000000000000000000000000000000000000000000000000000000000000000000011100000000000000001100110000000000000100000011000000000001000000010000000000110000000010000000001000000000100000000010000000001100000000100000000001000000001000000000110000000010000000001000000000100000000010000000001000000000100000000110000000010000000000100000011000000000011111111100000000000100000000000000000000000000000000000
0000000000000000000000000000111100000000000000011001110000000000001000000010000000000010000000010000000000100000000110000000001000000000100000000010000000001000000000100000000010000000001000000000100000000010000000001000000000100000000010000000001000000000100000000010000000011000000001100000000100000000010000000011000000000100000001100000000001000000110000000000010000111000000000000111111000000000
0000000000000000000000000000000000000000000000000000000000000000000000000000000000000111111100000000000010000001110000000000100000000110000000001000000000010000000010000000000010000000100000000000100000001000000000001000000010000000000010000000100000000000100000001000000000001000000010000000000110000000100000000011000000001000000001100000000010000000110000000000100011111000000000001111100000000000
0000000110000000000000001111111110000000000010000000110000000000100000000110000000001000000000100000000010000000001100000000100000000001000000001000000000010000000010000000000100000000100000000001000000001000000000010000000010000000000100000000100000000001000000001000000000110000000010000000001000000000100000000110000000001000000011000000000010000011100000000000100011100000000000001111100000000000
0000000000000000000000000000000000000000000011110000000000000000100111000000000000001000011000000000000010000001100000000000100000001100000000001000000001000000000010000000001000000000100000000011000000001000000000010000000010000000000100000000100000000001000000001000000000110000000010000000011000000000100000011100000000001000011100000000000010011100000000000001111100000000000000011000000000000000
0000000000000000000000000000000000000000000000000000000000000000001111110000000000000010000110000000000000100000111000000000001000000011000000000010000000011000000000100000000010000000001000000000110000000010000000000100000000100000000011000000001000000000100000000010000000011000000000100000011100000000001000011100000000000010001100000000000000101100000000000000011100000000000000000000000000000000
0000000000000000000000000000000000000000000001111100000000000000010001110000000000000100000110000000000001000000011000000000010000000010000000000100000000010000000001000000000110000000010000000000100000000100000000001000000001000000000010000000010000000000100000000100000000001000000001000000000110000000010000000001000000000100000000110000000001000001111000000000111111110000000000000000000000000000
0000000000000000000000000000000000000000000000111100000000000000001001110000000000000010000011000000000000100000011000000000001000000011000000000010000000010000000000100000000010000000001000000000100000000010000000001000000000100000000010000000010000000000100000000100000000001000000001000000000100000000010000000110000000000100000011000000000001000011100000000000111111100000000000000000000000000000
0000000000000000000000000000000000000000000011110000000000000001100111100000000000010000001110000000000110000000110000000000100000000110000000001000000000110000000010000000000110000000100000000000100000001000000000001000000010000000000010000000100000000000100000001000000000001000000010000000000100000000100000000010000000001000000011000000000010000001100000000000100011100000000000001111100000000000
0000000000000000000000000000000000000000000000111100000000000000000001110000000000000000000010000000000001000000011000000000010000000011000000000100000000010000000001000000000010000000010000000000100000000110000000001000000000100000000010000000001000000000100000000010000000011000000000100000011100000000001011111100000000000000000000000000000000000000000000000000000000000000000000000000000000000000
0000000000000000000000000000000000000000000001110000000000000000010111100000000000000100001110000000000010000000110000000000100000000110000000001000000000110000000010000000000100000000100000000001000000001000000000010000000100000000000100000001000000000001000000010000000000010000000100000000001100000001000000000110000000000110000011000000000000111111000000000000000000000000000000000000000000000000
0000000000000000000000000110000000000000000000111100000000000000100001111000000000001000000011100000000010000000000110000000100000000000110000001000000000000100000001000000000001100000010000000000001000000000000000000010000001000000000000100000010000000000010000000100000000000100000001000000000011000000010000000001100000000100000000110000000000000000011000000000001101111000000000000001100000000000
0000000000000000000000001111000000000000000010011100000000000000100000110000000000001000000110000000000110000000110000000001000000000100000000010000000001100000000100000000001000000001000000000010000000100000000000100000001000000000001000000010000000000010000000100000000001100000001000000000110000000010000000011000000000100000011100000000000000111000000000000001111000000000000000011000000000000000
0000000000000000000000000000000000000000000001111000000000000000000001110000000000000100000110000000000001000000010000000000010000000110000000000100000000100000000001000000000100000000010000000001000000000100000000010000000001000000000100000000010000000001000000001100000000110000000010000000011000000000100000001100000000001000001110000000000011111110000000000000100000000000000000000000000000000000
0000000000000000000000001111110000000000000010000011100000000000000000001100000000000000000000100000000000000000000100000000100000000001100000001000000000001000000010000000000010000000100000000000010000001000000000001000000010000000000010000000100000000000100000001000000000010000000010000000001100000000100000001100000000011111111110000000000000000000000000000000000000000000000000000000000000000000
0000000000000000000000001110000000000000000000111100000000000000100001110000000000001000000111000000000010000000010000000000100000000010000000001000000000110000000010000000000100000000100000000011000000001000000000100000000100000000001000000001000000000010000000010000000001000000000100000000110000000001000000001000000000010000001100000000000111111110000000000000000000000000000000000000000000000000
0000000000000000000000000000010000000000000000001110000000000000000110111000000000000001000011100000000000010000001100000000000100000001100000000011000000001000000000100000000010000000001000000000100000000010000000001000000000100000000010000000001000000000100000000110000000001000000001000000000010000000010000000001100000000100000000110000000001111110011000000000000000111100000000000000000000000000
0000000000000000000000000000000000000000000001111100000000000000010001111000000000000100000011000000000001000000011000000000010000000011000000000100000000010000000001000000000100000000010000000001000000000100000000010000000001000000000100000000010000000011000000000100000001100000000001000000110000000000010000011000000000000100001100000000000001001110000000000000011110000000000000000010000000000000
0000000000000000000000011000000000000000001011100000000000000010001110000000000000100000110000000000001000000111000000000010000000010000000000100000000010000000001000000000010000000010000000000100000000100000000001000000001000000000010000000010000000000100000000100000000001000000011000000000110000000100000000111000000001001111111000000000011110000000000000000000000000000000000000000000000000000000
0000000000000000000000000000000000000000000000101111110000000000000110000111000000000001000000010000000000010000000010000000000100000000100000000001000000001000000000010000000010000000000100000000100000000001000000001000000000010000000010000000000100000001100000000010000000010000000000100000000100000000001000000011000000000010000001100000000001100000110000000000001111110000000000000000000000000000
0000000000000000000000000000111111100000000001110000001100000000010000000001000000000010000000010000000000100000000110000000001000000000100000000010000000001000000000100000000010000000001000000000100000000010000000001000000000110000000010000000000100000001100000000001000000010000000000010000000100000000000100000011000000000001000000100000000000010000110000000000000111111000000000000000000000000000
0000000111000000000000000010001110000000000000100000011000000000001000000011000000000010000000011000000000100000000011000000001000000000010000000010000000000100000000100000000001100000001000000000001000000010000000000010000001000000000001000000010000000000010000000100000000000100000001000000000001000000010000000000110000000100000000001000000001000000000100000000011100000110000000000110111110000000
0000000011110000000000000011100111111000000000100000000011000000001000000000010000000010000000000100000000100000000001000000001000000000010000000010000000000100000000100000000001000000001000000000010000000010000000000100000000100000000001000000001000000000010000000010000000000100000000100000000011000000001000000000100000000010000000001000000000100000001110000000001000001110000000000110011100000000
0000001111111111110000000010000000000100000000100000000010000000001000000000100000000010000000001000000000100000000010000000001000000000100000000010000000001000000000100000000010000000001000000000100000000010000000001100000000100000000001000000001000000000010000000010000000000100000000100000000001000000001000000000010000000010000000000100000000100000000001000000001000000111110000000111111111000000
0000000111100000000000000001001110000000000000010000011000000000000100000011000000000001000000011000000000010000000010000000000100000000110000000001000000000100000000010000000001000000001100000000010000000010000000000100000000100000000001000000001000000000010000000010000000001000000000100000000110000000001000000001000000000010000000110000000000100000011000000000011000111000000000000111111000000000
0000000000000000000000000011110000000000000000100111000000000000001000011100000000000001000001100000000000010000001100000000000100000001100000000001000000001000000000010000000010000000000100000000100000000001000000000100000000010000000001000000000100000000010000000001000000001100000000010000000010000000000100000001100000000001000000010000000000010000011000000000000100001100000000000011111100000000
0000001100000000000000000011111100000000000000100000110000000000001000000011000000000010000000010000000000100000000010000000001000000000110000000010000000000100000000010000000001000000000100000000010000000001000000000100000000010000000001000000000100000000010000000001000000000100000000010000000001000000000100000000100000000011000000011000000000100000001100000000001000001110000000000111111110000000
0000000000000000000000000000000000000000000000000000000000000000000000000000000000000000000000000000000000000000000000000000000000000000000000000000000000000000000000000000000000000000000000000000000000000000000000000000000000000000000000000000000000000000000000000000000000000000000000000000000000000000000000000000000000000000000000000000000000000000000000000000000000000000000000000000000000000000
0000001000000000000000000011110000000000000000100011100000000000001000001100000000000010000001100000000000100000001100000000001000000001000000000010000000001000000000100000000010000000001000000000110000000010000000000100000000100000000001000000001000000000010000000010000000001100000000100000000010000000001000000000100000000010000000010000000000100000011100000000001000111100000000000011111000000000
0000000000000000000000000001100000000000000000111110000000000000111000010000000000001100000010000000000011000000110000000000010000000100000000000100000001000000000001000000001000000000010000000010000000000100000000100000000001100000001000000000011000000100000000000110000001000000000000100000010000000000001100011000000000000001001100000000000000011110000000000000000000000000000000000000000000000000
0000000000000000000000000000111000000000000000001011100000000000000110001100000000000001000001100000000000010000001100000000000100000001000000000001100000011000000000011000000010000000000110000000100000000001100000001000000000011000000010000000000110000000100000000001100000001000000000010100000100000000000011000011000000000000110001100000000000001111110000000000000000000000000000000000000000000000
0000000000000000000000000000000000000000000000000000000000000000111111000000000000001000011100000000000010000001000000000001100000001000000000011000000001000000000110000000010000000001100000000010000000011000000000100000000110000000001000000001100000000010000000011100000000100000000011000000110000000000110000011000000000000100011000000000000001111100000000000000000000000000000000000000000000000000
0000000000000000000000000011110000000000000011000110000000000000100000011000000000001000000010000000000010000000010000000000110000000100000000001100000001100000000001100000001000000000011000000010000000000111000000100000000000110000001000000000001100000110000000000011000001000000000000010000110000000000000100011000000000000001111100000000000000010000000000000000000000000000000000000000000000000000
0000000111110000000000000010000110000000000001100000010000000000010000000110000000000100000000100000000001000000000100000000011000000001000000000010000000010000000000100000000100000000001000000001000000000011000000010000000000010000000100000000000100000011000000000001000001100000000000010000110000000000000011111000000000000000000000000000000000000000000000000000000000000000000000000000000000000000
0000000000000000000000000000000000000000000000001111000000000000000100011000000000000001000011000000000000100000010000000000001000000100000000000011000001000000000000110000001000000000001100000010000000000011000001000000000000110000010000000000001100001100000000000011000010000000000000010001100000000000000101110000000000000001100000000000000000000000000000000000000000000000000000000000000000000000
0000000000000000000000000000000000000000000000011111000000000000011000001110000000000100000000110000000001000000000100000000110000000001000000001100000000001000000001000000000010000000011000000000100000000010000000001000000000110000000100000000001100000001000000000001000000100000000000010000011000000000000110001100000000000000101100000000000000001100000000000000000000000000000000000000000000000000
0000000000000000000000000000000000000000000000000000000000000000000001111000000000000000100011000000000000010000010000000000000100000010000000000011000000100000000000110000001100000000001010000001000000000010100000010000000000101000000100000000000110000001000000000001100000110000000000011000011000000000000011111000000000000000010000000000000000000000000000000000000000000000000000000000000000000000
0000000000011000000000000000011011000000000000001000010000000000000110000010000000000001000000100000000000010000001000000000000100000010000000000001100000100000000000011000001000000000000110000010000000000001100000100000000000011000001000000000000110000010000000000001100001000000000000011000010000000000000011001000000000000000110110000000000000001111000000000000000000000000000000000000000000000000
0000000000000000000000000000011000000000000000011101100000000000001100000100000000000010000000100000000001100000001000000000011000000001000000000110000000010000000000100000000100000000001100000000100000000011000000011000000000110000000100000000001100000011000000000001000000100000000000010000010000000000000110011000000000000001101100000000000000011100000000000000000000000000000000000000000000000000
0000000000000000000000000011111000000000000001000011000000000000010000011000000000000100000010000000000001000000100000000000010000001000000000000100000010000000000001000000100000000000010000001000000000000100000010000000000001000000100000000000010000011000000000000100000100000000000001000011000000000000010001100000000000000100110000000000000001111000000000000000001000000000000000000000000000000000
0000011000000000000000000101111000000000000001000011100000000000110000001100000000001000000001100000000011000000001100000000010000000001000000000100000000010000000001000000000100000000010000000001000000000100000000110000000001000000001000000000010000000110000000000100000011000000000001000001100000000000010000110000000000000100010000000000000001011000000000000000011100000000000000001100000000000000
0000000000000000000000000111111100000000000001000000100000000000010000000100000000000100000001000000000001000000011000000000010000000010000000000100000000100000000001000000001000000000010000000110000000000100000001000000000001000000010000000000010000000100000000000100000010000000000000100001100000000000001000110000000000000010111000000000000001111000000000000000011100000000000000000100000000000000
0000000000000000000000000011100000000000000001001110000000000000010000110000000000000100000110000000000001000000110000000000010000000100000000000100000001100000000001000000001000000000010000000010000000000100000000100000000001000000001000000000010000000110000000000100000001000000000001000000110000000000010000011000000000000100001100000000000001000110000000000000011110000000000000000100000000000000
0000000000000000000000001111000000000000000010011100000000000000100001100000000000001000001100000000000010000001000000000000100000010000000000001000000010000000000010000000100000000000100000001000000000001000000010000000000010000000100000000000100000011000000000001000000100000000000010000011000000000000100000100000000000001000011000000000000010001100000000000000111100000000000000001100000000000000
0000011000000000000000001111110000000000000010000011000000000000100000011000000000001000000011000000000010000000010000000000100000000100000000001000000001100000000010000000001000000000100000000010000000001000000000100000000010000000001000000000100000000110000000001000000001000000000010000001100000000000100000110000000000001000110000000000000010111000000000000000111000000000000000001000000000000000
0000000110000000000000000011011100000000000000100001100000000000001000001100000000000010000001000000000000100000001000000000001000000011000000000010000000010000000000100000000100000000001000000001000000000010000000010000000000100000000100000000001000000001000000000010000000010000000000100000001000000000001000000110000000000010000011000000000000100001100000000000001011100000000000000011100000000000
0000000000000000000000000000000000000000000000111110000000000000001000011000000000000010000001100000000000100000001000000000001000000011000000000010000000010000000000100000000010000000001000000000100000000010000000001000000000100000000010000000001000000001100000000010000000010000000000100000001100000000001000001110000000000010000110000000000000100110000000000000001111000000000000000011000000000000
0000011111000000000000000100001110000000000001000000110000000000100000000110000000001000000000110000000010000000000100000000010000000000100000000100000000001000000001000000000010000000010000000000100000000100000000001000000001000000000010000000010000000000100000000100000000001000000001000000000100000000010000000011000000000100000001100000000001000001100000000000010011100000000000000111100000000000
0000000000000000000000111111100000000000011000001110000000000100000000011100000001000000000001110000010000000000000010000110000000000000010001100000000000000100011100000000000001000011000000000000100000110000000000001000001110000000000100000010100000000010000000011000000001000000000111000000110000000000110000011000000000001100001100000000000001100100000000000000001011000000000000000011000000000000
0000000000000000000000000000000000000000000000000000000000000000000000000000000000000000000000000000000000000000000000000000000000000000000000000000000000000000000000000000000000000000000000000000000000000000000000000000000000000000000000000000000000000000000000000000000000000000000000000000000000000000000000000000000000000000000000000000000000000000000000000000000000000000000000000000000000000000
0000000000000000000000000111111000000000000111000001100000000001100000001100000000001000000001100000000010000000001000000000100000000001000000001100000000010000000011000000000010000000110000000000100000001100000000001000000011000000000110000000110000000001000000001100000000110000000011000000011000000000010000011000000000000100011000000000000001111000000000000000000000000000000000000000000000000000
0000000000000000000000000000000000000000000001111111000000000000110000011100000000001000000001100000000110000000001100000001100000000001000000001000000000011000000010000000000010000000100000000000100000001100000000011000000011000000000100000000110000000001000000001100000000100000000001000000110000000000010000011000000000000100011000000000000001011100000000000000011100000000000000000000000000000000
0000000000000000000000000111111000000000000011000011000000000001100000001100000000010000000001100000000100000000001000000011000000000010000000101000000000010000001010000000000100000010100000000001100000101000000000001000000111000000000010000001010000000000100000010100000000001000000101000000000110000001010000000011000000001100000111100000000011111111000000000000000000000000000000000000000000000000
0000000000000000000000000000000000000000000000111111110000000011111000000110000000010000000000100000000100000000001100000001000000000001000000010000000000010000000110000000000100000000100000000001000000001000000000010000000010000000000100000000100000000001000000001000000000110000000010000000001000000000010000001100000000000100001110000000000000111110000000000000000000000000000000000000000000000000
0000000000000000000000011000000000000000000111111000000000000010000011100000000000100000001100000000001000000000110000000010000000000100000000100000000000100000001000000000001100000010000000000001000000100000000000110000001000000000001000000010000000000110000000100000000011000000001000000011100000000010000011100000000000100111000000000000011110000000000000000000000000000000000000000000000000000000
0000000000000000000000001100000000000000010110111100000000000110000001110000000000100000000010000000001000000000011000000011000000000010000000110000000000110000001100000000000100000011000000000001000000110000000000010000001100000000000100000011000000000011000000110000000000100000001100000000010000000001000000011000000000010000011100000000000111111100000000000001000000000000000000000000000000000000
0000000000000000000000000000000000000000000000000000000000000000011111110000000000001100000111000000000011000000011000000000110000000011000000000100000000010000000001000000000110000000010000000000100000000100000000001000000001000000000010000000010000000001100000000100000000010000000001000000001000000000010000001100000000000100000110000000000001001110000000000000011110000000000000000000000000000000
0000000000000000000000000000000000000000000011111000000000000000110001110000000000001100000011100000000011000000001100000000110000000001100000001100000000001000000011000000000010000000010000000000100000000100000000011000000001000000001100000000010000000110000000000100000011000000000001000011000000000000010011100000000000000111000000000000000000000000000000000000000000000000000000000000000000000000
0000000000000000000000000000000000000000000000111000000000000000011011000000000000000100001100000000000011000001100000000000110000000110000000001100000000110000000011000000000010000000110000000000100000001100000000001000000011000000000110000000010000000011000000000100000011000000000001000001100000000000010011100000000000000111100000000000000001000000000000000000000000000000000000000000000000000000