0000000000000000000000000000000000000000000000000000000000000000000000000000000000001111111111111000000010000000000000000000100000000000000000001000000000000000000010000000000000000000100000000000000000001011111111111000000010000000000000000000100000000000000000001000000000000000000010000000000000000000110000000000000000000110000000011000000000111111111100000000000000000000000000000000000000000000
0000000000000000000000000000000000000000000000000000000000000000000000000000000000000000111111110000000001111000000000000000010000000000000000001000000000000000000010000000000000000000100000000000000000001000001111110000000011111100000000000000100000000000000000000100000000000000000001000000000000000000010000000000000000000011000000000000000000011000011100000000000001111100000000000000000000000000
0000000000000000000000000000000000000000000000001111000000000000011100001110000000000100000000000000000001000000000000000000110000000000000000001000000000000000000010000000000000000000100000011100000000001011111100000000000010000000000000000000100000000000000000001000000000000000000001000000000000000000010000000011100000000111111111000000000000000000000000000000000000000000000000000000000000000000
0000000000000000000000000000000000000000000000000000000000000000000000111111110000000011110000000000000000100000000000000000001000000000000000000010000000000000000001000000000000000000010000111111100000000111110000000000000001000000000000000000010000000000000000000100000000000000000001000000000000000000001000000001110000000011111111100000000000000000000000000000000000000000000000000000000000000000
0000000000000000000000000000000000000000000000000000111110000000000011110000000000000011000000000000000001000000000000000000010000000000000000001000000000000000000010000000001000000000100000011100000000001011111000000000000011100000000000000000100000000000000000001000000000000000000010000000000000000000100000000001100000001000000001110000000011001111100000000000011100000000000000000000000000000000
0000000000000000000000000000000000000000000000000000000000000000000000000000000000001111111111110000000011000000000000000000100000000000000000001000000000000000000010000000000000000000100000011110000000001111111100000000000010000000000000000000100000000000000000001000000000000000000010000000000000000000100000000000000000001100000000010000000001111111111100000000000000000000000000000000000000000000
0000000000000000000000000000000000000000000000000000000000000000000001111111110000000011110000000000000001000000000000000000010000000000000000000100000000000000000001000000000000000000110000000000000000001000111111100000000011110000000000000000100000000000000000001000000000000000000010000000000000000000110000000000000000000100000000011000000001111111111000000000000000000000000000000000000000000000
0000000000000000000000000000000000000000000000000000000000000000000011111100000000001011100000000000000010000000000000000000100000000000000000010000000000000000000100000001000000000001000111100000000000010110000000000000000100000000000000000001000000000000000000010000000000000000000100000000000000000001100000000000000000001000000000000000000011100000000000000000001111111110000000000000000000000000
0000000000000000000010011111111111110000111100000000000000001000000000000000000010000000000000000000100000000000000000001000000000000000000010000000000000000000100000000000000000001000000000000100000001000011111111000000011111000000000000000100000000000000000001000000000000000000011000000000000000000010000000000000000000100000000000000000000100000000000000000001100000000001100000000111111111110000
0000000000000000000000000000111111000000000001110000000000000000100000000000000000001000000000000000000010000000000000000000100000000000000000001000000000011000000010000011111100000000101111000000000000010110000000000000000100000000000000000001000000000000000000001000000000000000000010000000000000000000100000000000000000001100000000011000000001110011111100000000000111000000000000000000000000000000
0000000000000000000000000000000000000000000001111111111100000000010000000000000000000100000000000000000001000000000000000000010000000000000000000100000000000000000001000000000000000000010000000000000000000101111100000000000001000000000000000000010000000000000000000100000000000000000001000000000000000000010000000000000000000100000000000000000001000011111100000000011111100000000000000000000000000000
0000000000000000000000000000000000000000000000000000000000000000000000000000000000000101111111000000000001000000011000000000010000000000000000000100000000000000000001000000000000000000010000000000000000000100000000000000000001111111111000000000011000000000000000000100000000000000000001000000000000000000010000000000000000000100000000000000000001000111000000000000011110001110000000000000000000000000
0000000000000000000000000001100000000000000011101111111111000001100000000000000000010000000000000000000100000000000000000001000000000000000000010000000000000000000100000000000000000001000000000000000000010000000000000000000101111111000000000001110000000000000000010000000000000000000100000000000000000001000000000000000000010000000000000000000100000000000000000001001111111100000000011100000000000000
0000000000000000000000000000000000000000000000001111111100000000011100000000000000000100000000000000000001000000000000000000010000000000000000000100000000000000000001000000000000000000010000000000000000000100000000000000000001111111100000000000010000000000000000000100000000000000000001000000000000000000010000000000000000000100000000000000000001000011111100000000011111100000000000000000000000000000
0000000000000000000000000000000000000000000001111111111110000000010000000000100000000100000000000000000001000000000000000000010000000000000000000100000000000000000001000000000000000000010000001000000000000111111110000000000001000000000000000000010000000000000000000100000000000000000001000000000000000000010000000000000000000100000000000000000001111111111110000000011000000000000000000000000000000000
0000000000000000000000000000000000000000000011111111111100000000100000000000000000001000000000000000000010000000000000000000100000000000000000001000000000000000000010000000000000000000100111111000000000001111000000000000000010000000000000000000100000000000000000000100000000000000000001000000000000000000010000000000000000000100000000000000000001000111000000000000011111001111000000000000000000000000
0000000000000000000000000000000000000000000001111111111111100000010000000000000000000100000000000000000001000000000000000000010000000000000000000100000000000000000001000000000000000000010000011110000000000111111100100000000001000000000000000000010000000000000000000100000000000000000001000000000000000000010000000000000000000100000000000000000001000011111111000000011111100000000000000000000000000000
0000000000000000000000000000000000000000000000000000000000000000000000000000000000000000000000000000000000000000000000000000000000000000000000000000000000000000000000000000000000000000000000000000000000000000000000000000000000000000000000000000000000000000000000000000000000000000000000000000000000000000000000000000000000000000000000000000000000000000000000000000000000000000000000000000000000000000
0000000000000000000000000000000000000000000001111111111111100000110000000000001000001000000000000000000010000000000000000000100000000000000000001000000000000000000010000000000000000000100000000000000000001000111100000000000011111001111000000000100000000000000000001000000000000000000010000000000000000000100000000000000000001000000000000000000010000111111111000000111111000000000000000000000000000000
0000000000000000000000000000000000000000000001011111111100000000010000000000000000001100000000000000000010000000000000000000100000000000000000001000000000000000000010000000000000000000100000000000000000001001111111000000000011110000000000000000100000000000000000001000000000000000000011000000000000000000010000000000000000000100000000000000000001000000000000000000011111111111110000000000000000001100
0000000000000000000000000000000000000000000011111111000000000001100000000000000000010000000000000000000100000000000000000001000000000000000000010000000000000000000010000000000000000000100000000000000000001111110000000000000010000111000000000000100000000000000000001000000000000000000010000000000000000000100000000000000000001000000000000000000010000000000000000000111111111110000000000000000000000000
0000000000000000000000000000000000000000000111111111110000000011000000000000000000110000000000000000000100000000000000000001000000000000000000010000000000000000000100000000000000000001000000000000000000011110000000000000000100111111111110000001000000000000000000010000000000000000000100000000000000000001100000000000000000001000000000000000000010000000000000000000111111111111000000000000000000000000
0000000000000000000000000000000000000000001111111111111110000010000000000000000000110000000000000000000100000000000000000001000000000000000000010000000000000000000100000000000000000001000000000000000000011111000000110000000100001111111000000001000000000000000000010000000000000000000100000000000000000001000000000000000000010000000000000000000100000000000000000001111111100010000000000000001111000000
0000000000000000000000000000000000000000001111111111111110000010000000000000000000110000000000000000000100000000000000000001000000000000000000010000000000000000000100000000000000000001000000000000000000011111110000000000000100000011111110000001000000000000000000010000000000000000000100000000000000000001000000000000000000010000000000000000000100000000000000000001111111000110000000000000011111000000
0000000000000000000000000000000000000000000011111111111111000000100000000000000000001000000000000000000010000000000000000000100000000000000000001000000000000000000010000000000000000000100000000000000000001111111111000100000010000000001111000000100000000000000000001000000000000000000010000000000000000000100000000000000000001000000000000000000010000000000000000000111111111111000000000000000000011100
0000000000000000000000000000000000000000000111111111111110000011000000000000000000100000000000000000001000000000000000000010000000000000000000100000000000000000001000000000000000000010000000000000000000100000000000000000001111110000000000000010000111111111111000100000000000000000001000000000000000000010000000000000000000100000000000000000001000000000000000000010000000000111000000111111111110000000
0000000000000000000000000000000000000000000001111111111100000000100000000000000000001000000000000000000010000000000000000000100000000000000000001000000000000000000010000000000000000000111111111100000000001000000000111111000010000000000000000000100000000000000000001000000000000000000010000000000000000000100000000000000000001000000000000000000010000000000100000000111111111110000000000000000000000000
0000000000000000000000000000000000000000000111111111111000000010000000000000000000100000000000000000001000000000000000000010000000000000000000110000000000000000000100000000000000000001000000000000000000011111111000000000000100000011111111000001000000000000000000010000000000000000000100000000000000000001000000000000000000010000000000000000000110000000000000000000111111111111100000000000000000000000
0000000000000000000000111111111111110000001000000000000000000010000000000000000000100000000000000000001000000000000000000010000000000000000000100000000000000000001000000000000000000010000000000000000000111111110000000000001000000011111100000010000000000000000000100000000000000000001000000000000000000010000000000000000000100000000000000000001000000000000000000011000111111110000000011110000000000000
0000000000000000000000000011111111100000111111000000000000001000000000000000000010000000000000000000100000000000000000001100000000000000000001000000000000000000010000000000000000000100000000000000000001111111100000000000010000000111111110000100000000000000000001000000000000000000010000000000000000000110000000000000000000100000000000000000001100000000000000000001111111111110000000000000000000111000
0000000000000000000000000000000000000000000000000000000000000000000000000000000000000000001110000000000000011110000000000000000110000000000000000000100000000000000000001000000000000000000010111000000000000000011100000000000000000100000000000000000001000000000000000000010000000000000000000100110000000000000011111000000000000000000000000000000000000000000000000000000000000000000000000000000000000000
0000000000000000000000000000000000000000000000000000000000000000000000000000000000000000000010000000000000111111100000000000001000000000000000000011000000000000000000010000000000000000000100000000000000000001110000000000000000011000000000000000000010000000000000000000100000000000000000001000000000000000000011110000000000000000110000000000000000000000000000000000000000000000000000000000000000000000
0000000000000000000000000000000000000000000000000000000000000000000000000000000000000000000000000000000000000000000000000000000011111110000000000000100000000000000000001000000000000000000010000000000000000000100000000000000000001000000000000000000011110000000000000000010000000000000000000100000000000000000001000000000000000000110000000000000000001111111100000000000010000000000000000000000000000000
0000000000000000000000000000000000000000000000000000000000000000000000000000000000000000000011000000000000000111100000000000001110000000000000000011000000000000000000010000000000000000000100000000000000000001000000000000000000010000000000000000000011100000000000000000100000000000000000001000000000000000000010000000000000000000100000000000000000001111110000000000000000000000000000000000000000000000
0000000000000000000000000000000000000000000000000000000000000000000000000000000000000000001110000000000001111110000000000000010000000000000000000110000000000000000000100000000000000000001000000000000000000010000000000000000000111000000000000000001100000000000000000010000000000000000000100000000000000000001000001000000000000011111110000000000000000000000000000000000000000000000000000000000000000000
0000000000000000000000000000000000000000000000000000000000000000000000000000000000000000000000000000000000000001100000000000000111100000000000000001000000000000000000010000000000000000000100000000000000000001000000000000000000010000000000000000000111000000000000000001000000000000000000100000000000000000001000000000000000000010011111000000000000111000000000000000000000000000000000000000000000000000
0000000000000000000000000000000000000000000000000000000000000000000000000000000000000000011100000000000000111100000000000000001000000000000000000010000000000000000000100000000000000000001000000000000000000010000000000000000000111000000000000000001000000000000000000010000000000000000000100000000000000000001011100000000000000011100000000000000000010000000000000000000000000000000000000000000000000000
0000000000000000000000000000000000000000000000000000000000000000000000000000000000000011111110000000000001100000000000000000001000000000000000000010000000000000000000100000000000000000001000000000000000000010100000000000000000110000000000000000001000000000000000000010000000000000000000100000000000000000001001110000000000000011110000000000000000000000000000000000000000000000000000000000000000000000
0000000000000000000000000000000000000000000000000000000000000000000000000000000000000000000010000000000001111111000000000000010000000000000000000100000000000000000001000000000000000000010000000000000000000100000000000000000000111000000000000000001000000000000000000010000000000000000000100000000000000000001011110000000000000111000000000000000000000000000000000000000000000000000000000000000000000000
0000000000000000000000000000000000000000000000000000000000000000000000000000000000000000000000000000000000011110000000000000011000000000000000000100000000000000000001100000000000000000001000000000000000000010000000000000000000100000000000000000001110000000000000000010000000000000000000100000000000000000001000000000000000000011111110000000000000110000000000000000000000000000000000000000000000000000
0000000000000000000000000011011111110000000001111100000100000000010000000000000000000100000000000000000001000000000000000000010000000000000000000110000000000000000000100000000000000000001000000000000000000011110000000000000000100000000000000000001000000000000000000010000000000000000000100000000000000000001000000000000000000110000000000000000001111111111000000000010000000000000000000000000000000000
0000000000000000000000000111111111100000000001000000001110000000010000000000000000000100000000000000000001000000000000000000010000000000000000000100000000000000000001000000000000000000010000000000000000000111111000000000000001000000000000000000010000000000000000000100000000000000000001000000000000000000010000000000000000000101111111000000000001110000001100000000000000000000000000000000000000000000
0000000000000000000000001111111000000000000100000011110000000001000000000000000000011000000000000000000010000000000000000000100000000000000000001000000000000000000010000000000000000000101110000000000000001110000000000000000010000000000000000000100000000000000000001000000000000000000010000000000000000001100000000010000000011111111111100000000110000000000000000000000000000000000000000000000000000000
0000000000000000000000000011111111100000000001100000000000000000010000000000000000000100000000000000000001000000000000000000010000000000000000000100000000000000000001000000000000000000010011110000000000000111100000000000000001000000000000000000010000000000000000000100000000000000000001000000000000000000110111111111000000001011000000000000000000000000000000000000000000000000000000000000000000000000
0000000000000000000000000111111111110000000001000000000000000000010000000000000000000100000000000000000001000000000000000000010000000000000000000100000000000000000001000000000000000000011111100000000000000100001000000000000001000000000000000000010000000000000000000100000000000000000001000000000000000000010000000000000000000100001111111000000001111110000000000000000000000000000000000000000000000000
0000000000000000000000001111111100000000000010000001111110000000100000000000000000001000000000000000000010000000000000000000110000000000000000000100000000000000000001000000000000000000010000000000000000000111110000000000000001000000000000000000010000000000000000000100000000000000000001000000000000000000010000000000000000000100000000001000000010111111111110000000111000000000000000000000000000000000
0000000000000000000000000010000111000000000001111111011100000000010000000000000000000100000000000000000001000000000000000000010000000000000000000100000000000000000001000000000000000000010000000000000000000101100000000000000001111110000000000000010000000000000000000100000000000000000001000000000000000000010000000000000000000100000000011000000001111111111100000000001000000000000000000000000000000000
0000000000000000000000000000000000000000000000000000000000000000111111111100000000001000000000000000000011000000000000000000010000000000000000000100000000000000000001000000000000000000010000000000000000000111111000000000000001000000000000000000010000000000000000001000000000000000000010000000000000000000100000000100000000001000111111000000000011111000000000000000000000000000000000000000000000000000
0000000000000000000000000011111000000000000001100001100000000000010000000000000000000100000000000000000010000000000000000000100000000000000000001000000000000000000010000000000000000000101111000000000000001100000000000000000010000000000000000000100000000000000000001000000000000000000010000000000000000000111111111100000000000000000001110000000000000000000000000000000000000000000000000000000000000000
0000000000000000000000000000000000000000000001111111100000000000010000000000000000000100000000000000000001000000000000000000010000000000000000000100000000000000000001000000000000000000010000000000000000000111110000000000000001000000000000000000010000000000000000000100000000000000000001000000000000000000010000000000000000000111111111100000000000000000000000000000000000000000000000000000000000000000
0000000000000000000000001110000011000000000010111111100000000000100000000000000000001000000000000000000110000000000000000001000000000000000000010000000000000000000100000000000000000001011110000000000000010000000000000000000100000000000000000000100000000000000000001000000000000000000010000000000000000000100000000000000000001000010000000000000011111011110000000000000000000000000000000000000000000000
0000000000000000000000000000000000000000000111111111111110000000100000000000100000001000000000000000000010000000000000000000100000000000000000001000000000000000000010000000000000000000111111111000000000001100000000000000000010000000000000000000100000000000000000001000000000000000000010000000000000000000100000000000000000001000000000000000000111111111110000000001000000000000000000000000000000000000
0011111111111111110000100000000000000000001100000000000000000001000000000000000000010000000000000000000100000000000000000001000000000000000000010000000000000000000100000000000000000001111111111000000000010000000000000000000100000000000000000001000000000000000000010000000000000000000100000000000000000001000000000000000000010000000000000000000111111111111111100000000000000000000000000000000000000000
0000000000000000000000000000000000000000000000000001100000000000000111100000000000001111000000000000000110000000000000000001000000000000000000010000000000000000000100000000000000000011111111100000000000110000000000000000001000000000000000000010000000000000000000100000000000000000001000000000000000000010000000000000000000110000000001100000000111111111110000000000000000000000000000000000000000000000
0000000000000000000000000000000000000000000000011111111000000001111000000000000000110000000000000000001100000000000000000001000000000000000000010000000000000000000110000000000000000000111111000000000000001100011111100000000010000000000000000000100000000000000000000100000000000000000001000000000000000000010000000000000000000100000000000000000001111111111110000000000000000000000000000000000000000000
0000000000000100000000000000111111000000011111111000000000000100000000000000000001000000000000000000001000000000000000000010000000000000000000100000000000000000001000000000000000000011111110000000000000100000111100000000001000000000000000000010000000000000000000100000000000000000001000000000000000000010000000000000000000100000000000000000001111111111111110000000000000000000000000000000000000000000
0000000001111110000000011111110000111100011100000000000000000100000000000000000001000000000000000000010000000000000000000100000000000000000001000000000000000000011111111111000000000010000000000000000000100000000000000000001000000000000000000010000000000000000000100000000000000000011000000000000000000100000000000000000001000000000000111100011111111111110000000000000000000000000000000000000000000000
0000000000000000000000000000000000000000000000111111111110000000010000000000010000001000000000000000000010000000000000000000100000000000000000001000000000000000000010000000000000000000111111111000000000001000000000000000000010000000000000000000100000000000000000001000000000000000000010000000000000000000100000100000000000001111110000000000000000000000000000000000000000000000000000000000000000000000
0000000000000000000000000000000000000000000000000000000000000001111111111111100000000100000000000000000001000000000000000000110000000000000000001000000000000000000010000000000000000000100011110000000000001111100000000000000010000000000000000000100000000000000000001000000000000000000100000000000000000001000000000000000000010000000000000000000100111110000000000001111000111100000000011000000000000000
0000000000000000000000000000000000000000000000000000000000000000011111111111100000000100000000000000000001000000000000000000010000000000000000000100000000000000000001000000000000000000010000000000000000000111111000000000000001000000000000000000010000000000000000000100000000000000000001000000000000000000010000000000000000000100000001000000000001111111100000000000000000000000000000000000000000000000
0000000111111111110000000001000000000000000000010000000000000000000100000000000000000001000000000000000000010000000000000000001100000000000000000010000000000000000000100000000000000000001111111110000000000010000000000000000000100000000000000000001000000000000000000010000000000000000000100000000000000000001000000000000000000010000000000000000000100000001110000000001011111110000000000011100000000000
0000000000000000111000000111111111110010000001000000000000000000010000000000000000000100000000000000000001000000000000000000010000000000000000000100000000000000000001100000000000000000011111111100000000000100000000000000000001000000000000000000010000000000000000000100000000000000000001000000000000000000010000000000000000000010000000000000000000100000000000000000001000011111110000000011111100000000
0000000000001110000000000000001110000000000000001110000000000000000110000000000000000011000000000000000000100000000000000000010000000000000000000100000000000000000001000000000000000000011000000000000000000001111111000000000000011100000000000000001100000000000000000010000000000000000001100000000000000000011000000000000000000011100000111000000000001111110000000000000000000000000000000000000000000000
0000000000011100000000000000111000000000000000110000000000000000011000000000000000001100000000000000000010000000000000000000100000000000000000001000000000000000000011000000000000000000011000011000000000000011111110000000000001111000000000000000110000000000000000011000000000000000000100000000000000000001000000000000000000010000000000000100000011000000000011000000011111000111100000000000011111000000
0000000000000000000000000110000000000000000001111111111111000000010000000000000000000100000000000000000001000000000000000000010000000000000000000100000000000000000001000000000000000000010000000000000000000111110000000000000001000000000000000000010000000000000000000100000000000000000001000000000000000000010000000000000000000100000000010000000001000111111100000000011111000000000000000100000000000000
0000000000000000000000000111111111111110000001000000000000000000010000000000000000000100000000000000000001000000000000000000011000000000000000000010000000000000000000100000000000000000001000000000000000000011110000000000000000100000000000000000001000000000000000000010000000000000000000100000000000000000001000000000000000000010000000000000000000100000001111000000001011111100000000000011100000000000
0000000001111110011100000111110000111101000001000000000000000000010000000000000000000100000000000000000001000000000000000000010000000000000000000100000000000000000001000000000000000000011111110000000000000100000000000000000001000000000000000000010000000000000000000100000000000000000011000000000000000000100000000000000000001000000000000110000010001111111111000000011110000000000000000000000000000000
0000000000111100000000000000111000000000000000110000000000000000011000000000000000001000000000000000000110000000000000000001000000000000000000010000000000000000000100000000000000000000111000000000000000000001111110000000000000111000000000000000011000000000000000000100000000000000000001000000000000000000010000000000000000000110000000000000000000111000000110000000000011111111000000000000000000000000
0000000000000000000000000000111111000000000000011000000000000000011000000000000000000100000000000000000010000000000000000000100000000000000000001000000000000000000010000000000000000000011000110000000000000011111000000000000000010000000000000000001000000000000000000100000000000000000001000000000000000000010000000000000000000100000001000000000001111111110000000000000000000000000000000000000000000000
0000000000000000000000000011111111111110000000100000000000000000001000000000000000000010000000000000000000100000000000000000001000000000000000000010000000000000000000100000000000000000001111111000000000000010000000000000000000100000000000000000001000000000000000000100000000000000000001000000000000000000010000000000000000000100000000000000000000100000001110000000001111111110000000000011000000000000