0000000000000000000000000000000000000000000000000111111110000000011111000001000000010000000000000000000100000000000000000001000000000000000000010000000011111100000100011111000000000001011000000000000000010000000000000000000100000000000000000001000000000000000000010000000000000000000100000000000000000001000000000000000000010000000000000000000110000000000000000000000000000000000000000000000000000000
0000000000000000000000000000000000000000000000001111111110000000011110000000000000001000000000000000000010000000000000000000100000000000000000001000000001111000000010011111110000000000101000000000000000001000000000000000000010000000000000000000100000000000000000001000000000000000000010000000000000000000100000000000000000001000000000000000000000000000000000000000000000000000000000000000000000000000
0000000000000000000000000000000000000000000001111111111111100000110000000000000000001000000000000000000010000000000000000000100000000000000000001000000000000000000010000000110000000000111111110000000000001000000000000000000010000000000000000000100000000000000000001000000000000000000010000000000000000000100000000000000000001000000000000000000010000000000000000000000000000000000000000000000000000000
0000000000000000000000000000000000000000000000000000000000000000000000000000000000001111111111111110000010000000000000000000100000000000000000001000000000000000000010000000000000000000100000000000000000001011111110000000000010000000000000000000100000000000000000001000000000000000000010000000000000000000100000000000000000001000000000000000000000000000000000000000000000000000000000000000000000000000
0000000000000000100000000000001111110000000011111100000000000001100000000000000000010000000000000000000100000000000000000000100000000000000000001000000011110000000010000111000000000000100110000000000000000100000000000000000001000000000000000000010000000000000000000010000000000000000000100000000000000000001000000000000000000010000000000000000000100000000000000000000000000000000000000000000000000000
0000000000011000000000000011111001111000000001100000000011000000110000000000000000001000000000000000000110000000000000000001000000000000000000010000000000000000000101111111111000000001000000000000000000010000000000000000000100000000000000000001000000000000000000010000000000000000000100000000000000000000100000000000000000010000000000000000000100000000000000000000000000000000000000000000000000000000
0000000000000000000000000000000000000000000011110000000000000000100111111111000000001000000000000000000010000000000000000000100000000000000000010000000000000000000111111111111100000001000000000000000000010000000000000000000100000000000000000001000000000000000000010000000000000000000100000000000000000001100000000000000000001000000000000000000000000000000000000000000000000000000000000000000000000000
0000011111111111100000011000000000000110000100000000000000000010000000000000000000100000000000000000010000000000000000000100000000000000000001000000000000000000010000000000111000001111111111110000000010000000000000000000100000000000000000001000000000000000000010000000000000000000100000000000000000001000000000000000000010000000000000000000100000000000000000001000000000000000000000000000000000000000
0000000000000000000000000000000000000000000000000000000000000000000111111111100000000001000000000000000000010000000000000000000100000000000000000001000000000000000000010000000000000000000100111111100000000001111000000000000000010000000000000000000100000000000000000001000000000000000000010000000000000000000100000000000000000001000000000000000000010000000000000000000000000000000000000000000000000000
0000000000000000000000000000000000000000000000000000000000000000011111111111110000000100000000000000000010000000000000000000100000000000000000001000000000000000000010000000000000000000100001111110000000001011110000000000000010000000000000000000100000000000000000001000000000000000000010000000000000000000100000000000000000001000000000000000000000000000000000000000000000000000000000000000000000000000
0000000000000000000000000111111000000000000001000011111111000000010000000000000000000100000000000000000001000000000000000000010000000000000000000100000000000000000001000000000000000000010000000000000000000111111111000000000001000000000000000000010000000000000000000100000000000000000001000000000000000000010000000000000000000100000000000000000001000000000000000000010000000000000000000000000000000000
0000000000000000000000000000000000000000000000000110000000000000001110111110000000000010000000000000000001000000000000000000010000000000000000000100000000000000000001000000000000000000010000000000000000000100000000000000000001111111110000000000010000000000000000000100000000000000000001000000000000000000010000000000000000000100000000000000000001000000000000000000010000000000000000000000000000000000
0000000000000000000000000000000000000000000001111111111110000000010000000000000000000100000000000000000001000000000000000000010000000000000000000100000000000000000001000000000000000000010000000000000000000111110000000000000001000011000000000000010000000000000000000100000000000000000001000000000000000000010000000000000000000100000000000000000001000000000000000000010000000000000000000000000000000000
0000000000000000000000000000000000000000000011111111111000000000100000000000000000001000000000000000000010000000000000000000100000000000000000001000000000000000000010000000000000000000100000000000000000001001111100000000000011110001110000000000010000000000000000000100000000000000000001000000000000000000010000000000000000000100000000000000000001000000000000000000010000000000000000000100000000000000
0000000000000000000000000000000000000000000000110111000000000000010111001111110000000100000000000000000001000000000000000000010000000000000000000100000000000000000001000000000000000000010000000000000000000101111110000000000001110000000000000000010000000000000000000100000000000000000001000000000000000000010000000000000000000100000000000000000001000000000000000000011000000000000000000000000000000000
0000000000000000000000000000000000000000000001111111111111000000010000000000010000000100000000000000000001000000000000000000010000000000000000000100000000000000000001000000000000000000010000000000000000000100000000000000000001111111111000000000010000000000000000000100000000000000000001000000000000000000010000000000000000000100000000000000000001000000000000000000010000000000000000000100000000000000
0000000000000000000000000000000000000000000000000000000000000000000011111111100000000010000000000000000000100000000000000000001000000000000000000010000000000000000000100000000000000000001000000000000000000010001110000000000000111110111110000000001000000000000000000010000000000000000000100000000000000000001000000000000000000010000000000000000000100000000000000000001000000000000000000000000000000000
0000000000000000000000000011111111111000000000100000000000000000001000000000000000000010000000000000000000100000000000000000001000000000000000000010000000000000000000100000000000000000001000111110000000000010111000000000000000100000000000000000001000000000000000000010000000000000000000100000000000000000001000000000000000000010000000000000000000100000000000000000000000000000000000000000000000000000
0000000000000000000000000000000000000000000000000000111000000000001111111001000000000010000000000000000000100000000000000000001000000000000000000010000000000000000000100000000000000000001000000000000000000010000000000000000000111111111000000000001000000000000000000010000000000000000000100000000000000000001000000000000000000010000000000000000000100000000000000000001000000000000000000010000000000000
0000000000000000000000000000000111111000000000111110000000000000001000000000000000000010000000000000000000100000000000000000001000000000000000000010000000000000000000100000000000000000001000000000000000000011111001100000000000100011110000000000001000000000000000000010000000000000000000100000000000000000001000000000000000000010000000000000000000100000000000000000001000000000000000000000000000000000
0000000000000000000000111111111111000000011000000000000000000100000000000000000001000000000000000000011000000000000000000010000000000000000000100000000000000000001000000000000000000011111100000000000000100000000000000000001000000000000000000011000000000000000000110000000000000000000100000000000000000001000000000000000000010000000000000000000100000000000000000001000000000000000000010000000000000000
0000000000000000000000001111111000000000011100000011111111000100000000000000000001000000000000000000010000000000000000000100000000000000000001100000000000000000001000000000000000000011100000000000000000101111111100000000001000000000000000000010000000000000000000100000000000000000001000000000000000000011000000000000000000010000000000000000000100000000000000000001000000000000000000000000000000000000
0000000000000000000000011111111111111100000100000000000000000001000000000000000000010000000000000000000100000000000000000001000000000000000000010000000000000000000100000000000000000001000000000000000000011111111111000000000100000000000000000001000000000000000000010000000000000000000100000000000000000001000000000000000000010000000000000000000100000000000000000001100000000000000000000000000000000000
0000000000000000000000111111111111111100001000000000000000000010000000000000000000100000000000000000001000000000000000000011000000000000000000010000000000000000000100000000000000000001000000000000000000011111110000000000000100000000000000000001000000000000000000010000000000000000000100000000000000000001000000000000000000010000000000000000000100000000000000000001000000000000000000000000000000000000
0000000000000000000000001111111111110000011110000000000000000100000000000000000001000000000000000000010000000000000000000100000000000000000001000000000000000000010000000000000000000100000000000000000001111110000000000000010000000000000000000010000000000000000000100000000000000000001000000000000000000010000000000000000000100000000000000000001000000000000000000010000000000000000000100000000000000000
0000000000000000000000000000000000000000001111111111111111000010000000000000000000100000000000000000000100000000000000000001000000000000000000010000000000000000000100000000000000000001000000000000000000010000000000000000000100000000000000000001111000000000000000010000000000000000000100000000000000000001000000000000000000010000000000000000000100000000000000000001000000000000000000010000000000000000
0000000000000000000000000000000000000000000000000000000000000000000000000000000000000000000000000000000000000000000000000000000000000000000000000000000000000000000000000000000000000000000000000000000000000000000000000000000000000000000000000000000000000000000000000000000000000000000000000000000000000000000000000000000000000000000000000000000000000000000000000000000000000000000000000000000000000000
0000000000000000000000000000000000000000000000000000000000000111111111111111100001000000000000000000010000000000000000000100000000000000000001000000000000000000010000000000000000000100000000000000000001000000000000000000011111111110000000000100000000000000000001000000000000000000010000000000000000000100000000000000000001000000000000000000010000000000000000000100000000000000000001100000000000000000
0000000000000000000000111111111111100000001000000000001111000010000000000000000000100000000000000000001000000000000000000010000000000000000000100000000000000000001100000000000000000001111111100000000000010000001000000000000100000000000000000001000000000000000000010000000000000000000100000000000000000001000000000000000000010000000000000000000100000000000000000001000000000000000000000000000000000000
0000000000000000000000111111111111111000001000000000000011000010000000000000000000100000000000000000001000000000000000000010000000000000000000100000000000000000001000000000000000000011111111000000000000100000011100000000001000000000000000000010000000000000000000100000000000000000001000000000000000000010000000000000000000110000000000000000000100000000000000000001000000000000000000010000000000000000
0000000000000000000000000000000000000000000000000000000000000000000000000000000000000000111111000000000000111000000000000000000100000000000000000001000000000000000000011000000000000000000010000000000000000000110000000000000000001000000000000000000010000000000000000000100000000000000000001000000000000000000010000000000000000000000000000000000000000000000000000000000000000000000000000000000000000000
0000000000000000000000000000000000000000000000000000000000000000000000000000000000000000000011100000000000011111000000000000000100000000000000000001100000000000000000001000000000000000000011000000000000000000011110000000000000000100000000000000000001000000000000000000010000000000000000000100000000000000000001000000000000000000010000000000000000000100000000000000000000000000000000000000000000000000
0000000000000000000000000000000000000000000000000000000000000000000000000000000000000001111111000000000000010000000000000000000100000000000000000001100000000000000000001000000000000000000010000000000000000000111000000000000000001100000000000000000010000000000000000000100000000000000000001000000000000000000010000000000000000000100000000000000000000000000000000000000000000000000000000000000000000000
0000000000000000000000000000000000000000000000000000000000000000000000000000000000000000000011100000000000011111100000000000000010000000000000000000100000000000000000001000000000000000000010000000000000000000100000000000000000001110000000000000000010000000000000000000100000000000000000001000000000000000000010000000000000000000100000000000000000000000000000000000000000000000000000000000000000000000
0000000000000000000000000000000000000000000000000000000000000000000000000000000000000000000000000000000001111111110000000000010000000000000000000100000000000000000000100000000000000000001000000000000000000010000000000000000000111000000000000000001100000000000000000001000000000000000000010000000000000000000100000000000000000001000000000000000000000000000000000000000000000000000000000000000000000000
0000000000000000000000000000000000000000000000000000000000000000000000000000000000000000000000000000000000000000000000000000000000000000000000000000000000000000000000000000000000000000000000000000000000000000000000000000000000000000000000000000000000000000000000000000000000000000000000000000000000000000000000000000000000000000000000000000000000000000000000000000000000000000000000000000000000000000
0000000000000000000000000000000000000000000000000000000000000000001110000000000000000010111100000000000000110000000000000000000100000000000000000001000000000000000000010000000000000000000100000000000000000000100000000000000000001100000000000000000010000000000000000001000000000000000000010000000000000000000100000000000000000001000000000000000000010000000000000000000000000000000000000000000000000000
0000000000000000000000000000000000000000000000000000000000000000000000000000000000000011111111000000000000010000000000000000000100000000000000000001000000000000000000010000000000000000000100000000000000000001111000000000000000010000000000000000000100000000000000000001000000000000000000011000000000000000000000000000000000000000000000000000000000000000000000000000000000000000000000000000000000000000
0000000000000000000000000000000000000000000000000000000000000000000000000000000000000110000000000000000001111111100000000000011000000000000000000010000000000000000000100000000000000000001000000000000000000010010000000000000000111100000000000000001000000000000000000010000000000000000000100000000000000000001000000000000000000010000000000000000000000000000000000000000000000000000000000000000000000000
0000000000000000000000000000000000000000000000000000000000000000000000000000000000000000000000000000000001111111100000000000001000000000000000000010000000000000000000100000000000000000001000000000000000000011100000000000000000100000000000000000001000000000000000000010000000000000000000100000000000000000001000000000000000000000000000000000000000000000000000000000000000000000000000000000000000000000
0000000000000000000000000000000000000000000001111111100000000000010000000000000000000100000000000000000001000000000000000000010000000000000000000100000000000000000001000000000000000000010000000000000000000111111000000000000001000000000000000000010000000000000000000100000000000000000001000000000000000000010000000000000000001100000000000000000010000000000000000000000000000000000000000000000000000000
0000000000000000000000000000000000000000000000011111111000000000001000000000000000000010000000000000000000100000000000000000001000000000000000000010000000000000000000100000000000000000001000000000000000000010000000000000000000111111000000000000001000000000000000000010000000000000000000100000000000000000001000000000000000000010000000000000000000100000000000000000001000000000000000000000000000000000
0000000000000000000000000000111100000000000000111000000000000000001000000000000000000010000000000000000000100000000000000000001000000000000000000010000000000000000000100000000000000000001001100000000000000011110000000000000000100000000000000000001000000000000000000010000000000000000000100000000000000000001000000000000000000010000000000000000000000000000000000000000000000000000000000000000000000000
0000000000000000000000000000000000000000000001111111100000000000010000000000000000000100000000000000000001100000000000000000001000000000000000000010000000000000000000100000000000000000001111100000000000000010000000000000000000100000000000000000011000000000000000000100000000000000000001000000000000000000010000000000000000000100000000000000000000000000000000000000000000000000000000000000000000000000
0000000000000000000000000000001110000000000000111100110000000000001000000000000000000010000000000000000000100000000000000000001000000000000000000010000000000000000000101100000000000000001101110000000000000011000000000000000000010000000000000000000100000000000000000001000000000000000000100000000000000000001000000000000000000010000000000000000000000000000000000000000000000000000000000000000000000000
0000000000000000000000000011000000000000000001101111110000000000011000000000000000000010000000000000000000100000000000000000001000000000000000000010000000000000000000100000000000000000001000000000000000000010000000000000000000111110000000000000001000000000000000000010000000000000000000100000000000000000001000000000000000000110000000000000000000000000000000000000000000000000000000000000000000000000
0000000000000000000000000000000000000000000000111111110000000000001000000000000000000010000000000000000000100000000000000000001000000000000000000010000000000000000000100000000000000000001000000000000000000011110000000000000000100000000000000000001000000000000000000010000000000000000000100000000000000000001000000000000000000010000000000000000000000000000000000000000000000000000000000000000000000000
0000000000000000000000000000000000000000000000000000000000000000001111111100000000000010000000000000000000100000000000000000001000000000000000000010000000000000000000100000000000000000001111100000000000000010000000000000000000100000000000000000001000000000000000000010000000000000000000100000000000000000010000000000000000000000000000000000000000000000000000000000000000000000000000000000000000000000
0000000000000000000000000001111110000000000000100000000000000000001000000000000000000010000000000000000000100000000000000000001000000000000000000010000000000000000001111110000000000000010000000000000000000100000000000000000001000000000000000000010000000000000000000100000000000000000001000000000000000000010000000000000000000100000000000000000000000000000000000000000000000000000000000000000000000000
0000000000000000000000000000000000000000000000111111110000000000011000000000000000000010000000000000000000100000000000000000001000000000000000000010000000000000000000100000000000000000001011100000000000000011000000000000000000100000000000000000001000000000000000000010000000000000000000100000000000000000001000000000000000000010000000000000000000000000000000000000000000000000000000000000000000000000
0000000000000000000000000000000000000000000000000000000000000000010000000000000000001011111111110000000010000000000000000000100000000000000000001000000000000000000010000000000000000000100000000000000000001011110000000000000010000000000000000000100000000000000000001000000000000000000010000000000000000000100000000000000000001000000000000000000000000000000000000000000000000000000000000000000000000000
0000000000000000000000000000000000000000000000000000000000000000001100000000000000000011111110000000000001000000000000000000010000000000000000000100000000000000000001000000000000000000010000000000000000000100000000000000000010111100000000000000100000000000000000001000000000000000000010000000000000000000100000000000000000001000000000000000000010000000000000000000000000000000000000000000000000000000
0000000000000000000000001000000000000000001111111111111000000010000000000011110000100000000000000000001000000000000000000010000000000000000000100000000000000000001000000000000000000010000000000000000000111111111110000000001100000000000000000010000000000000000000100000000000000000001000000000000000000010000000000000000000100000000000000000001000000000000000000010000000000000000000000000000000000000
0000000000000000000000000011111100000000000001100001111000000000100000000001100000010000000000000000000100000000000000000010000000000000000000100000000000000000001000000000000000000010000001111100000000111111100000000000010000000000000000000100000000000000000001000000000000000000010000000000000000000100000000000000000001000000000000000000010000000000000000000100000000000000000001000000000000000000
0000000000000000000000000000000000000000000011111111111100000001000000000000000000010000000000000000001100000000000000000010000000000000000000100000000000000000001000000000000000000011111111000000000000110000000000000000011000000000000000000100000000000000000001000000000000000000010000000000000000000100000000000000000001000000000000000000010000000000000000000100000000000000000001000000000000000000
0000000000000000000000000001111100000000000001110000111100000000110000000000000000010000000000000000001000000000000000000010000000000000000000100000000000000000010111111000000000000110000000000000000001000000000000000000010000000000000000000100000000000000000001000000000000000000011000000000000000000010000000000000000000100000000000000000001000000000000000000010000000000000000000100000000000000000
0000000000000000000000000000000011100000000000001111100000000000001110000000000000000110000000000000000010000000000000000000100000000000000000011000000000000000000100000000000000000001000000000000000000010011111000000000000111100000000000000001100000000000000000001000000000000000000010000000000000000000100000000000000000001000000000000000000010000000000000000000100000000000000000000000000000000000
0000000000000000000000000000000011110000001111111111000000000010000000000000000000100000000000000000001000000000000000000010000000000000000000100000000110000000001000111111000000000011111000000000000000100000000000000000001000000000000000000010000000000000000000100000000000000000001000000000000000000010000000000000000000100000000000000000001000000000000000000010000000000000000000000000000000000000
0000000000000000000000000000000000000000000000000000000000000000000000000000000000000000000000000000000000000000000000000000000000000000000000000000000000000000000000000000000000000000000000000000000000000000000000000000000000000000000000000000000000000000000000000000000000000000000000000000000000000000000000000000000000000000000000000000000000000000000000000000000000000000000000000000000000000000
0000000000000000000000000000000000000000011111111111111000000100000000000000000001000000000000000000001000000000000000000010000000000000000000100000000000000000001000011000000000000011111100000000000000100000000000000000001000000000000000000010000000000000000000110000000000000000000100000000000000000001000000000000000000010000000000000000000100000000000000000001000000000000000000000000000000000000
0000000000011110000000000001111100000000000011110000000000000011100000000000000000110000000000000000000110000000000000000000100000000000000000001000000000000000000010000000000000000000100001100000000000001111110000000000000010000000000000000000100000000000000000001000000000000000000010000000000000000000100000000000000000010000000000000000000100000000000000000001000000000000000000010000000000000000
0000000000000000000000000000000111100000000000001111000000000000001110000000000000000110000000000000000001000000000000000000010000000000000000000100000000000000000001000000000000000000010000000000000000000100111000000000000001110000000000000000010000000000000000001100000000000000000010000000000000000000100000000000000000001000000000000000000010000000000000000000100000000000000000001000000000000000
0000000000000000000000000000000000000000000000111111111111000000001000000000000000000010000000000000000000100000000000000000001000000000000000000010000000000000000000100000110000000000001111111100000000000010000000000000000000100000000000000000001000000000000000000010000000000000000000100000000000000000001000000000000000000100000000000000000001000000000000000000010000000000000000000100000000000000
0000000000000000000000000000000000000000000001111111111110000000010000000000000000000100000000000000000001000000000000000000010000000000000000000100000000000000000001000000000000000000010000000000000000000111111111110000000001000000000000000000010000000000000000000100000000000000000001000000000000000000010000000000000000000100000000000000000001000000000000000000010000000000000000000100000000000000
0000000000000000000000000000000000001000000000000001111110000000011111110000000000001000000000000000000010000000000000000000100000000000000000001000000000000000000010000000000000000000100000000000000000001100111100000000000010111001000000000000100000000000000000001000000000000000000010000000000000000000100000000000000000001000000000000000000100000000000000000001000000000000000000010000000000000000
0000000000000000000000000000000001110000000000001111110000000000001110000000000000001100000000000000000010000000000000000000100000000000000000001000000000000000000010000000000000000000110000000000000000000100000000000000000001000000000000000000010000001000000000000111111110000000000010000000000000000000100000000000000000001000000000000000000010000000000000000000100000000000000000001000000000000000
0000000011111110000000001111100000000000000010000000000000000000100000000000000000001000000000000000000010000000000000000000100000000000000000001111111100000000000010000000000000000000100000000000000000001000000000000000000010000000000000000001000000000000000000010000000000000000000100000000000000000001000000000000000000010000000000000000000100000000000000000001000000000000000000010000000000000000
0000000111111111110000000011111100000000000000100000000000000000001000000000000000000010000000000000000000100000000000000000001000000000000000000010000000000000000000100000000000000000001111111111000000000110000000000000000001000000000000000000010000000000000000000100000000000000000001000000000000000000010000000000000000000100000000000000000001000000000000000000010000000000000000000100000000000000
0000000111011111110000000001011100000000000000010000000000000000000100000000000000000001000000000000000000100000000000000000001000000000000000000010000000000000000000111111100000000000001000000000000000000010000000000000000000100000000000000000001000000000000000000010000000000000000000100000000000000000001000000000000000000010000000000000000000100000000000000000001000000000000000000010000000000000
0000001111111111111000000010000000000000000000100000000000000000001000000000000000000010000000000000000000100000000000000000001000000000000000000010000000000000000000100000000000000000001111111111000000000010000000000000000000100000000000000000001000000000000000000010000000000000000000100000000000000000001000000000000000000010000000000000000000100000000000000000001000000000000000000010000000000000