0000000000000000000000000000000000000000000000000000000000000000000111111110000000000110000000100000000010000000000000000001000000000000000000010000000000000000000100000000000000000001000000000000000000010000001111111110000100000000000000100001000000000000010000011000000000001000000010000000001100000000100000000110000000000100000110000000000001111110000000000000000000000000000000000000000000000000
0000000000000000000000000000000000000000000000000111111000000000000110000010000000000110000000000000000011000000000000000000100000000000000000010000000000000000000100000000000000000001000000000000000000010000001111111100000100000000000001000001000000000000110000001000000000011000000011000000001100000000010000000110000000000011000111000000000000011110000000000000000000000000000000000000000000000000
0000000000000000000000000000000000000000000000000001111000000000000000110000000000000000110000000000000000011000000000000000001100000000000000000010000000000000000001100000000000000000010000000000000000000100000111111100000001000000000001000000010000000000010000000100000000001100000001000000000110000000011000000001000000000011000000100000000000011000110000000000000001110000000000000000000000000000
0000000000000000000000000000000000000000000000000111110000000000000110000000000000000010000000000000000011000000000000000001100000000000000000010000000000000000001000000011111110000010000000100000110000100000000000000010001000000000000000100001000000000000011000011000000000000100000010000000000010000000011000000001000000000011000001100000000000011111100000000000000000000000000000000000000000000000
0000000000000000000000000000000000000000000000000000000000000000000000000000000000000000000000000000000000000000000000000000000000000000000000000000000000000000000000000000000000000000000000000000000000000000000000000000000000000000000000000000000000000000000000000000000000000000000000000000000000000000000000000000000000000000000000000000000000000000000000000000000000000000000000000000000000000000
0000000000000000000000000000000000000000000000000011110000000000000011100011000000000001100000011000000000110000000000000000001000000000000000000100000000000000000001000000000000000000100000000000000000001000001111111000000010000000000010000001000000000001100000010000000000110000000110000000011000000000100000011100000000000111111100000000000000000000000000000000000000000000000000000000000000000000
0000000000000000000000000000000000000000000000001111100000000000000110001110000000000010000000110000000001100000000000000000010000000000000000000100000000000000000010000000000000000000100000000000000000001000000000000000000010000111111110000000100000000000100000001000000000001000000010000000000100000000010000000011000000000110000011000000000000111111000000000000000000000000000000000000000000000000
0000000000000000000000000000000000000000000000111111100000000001110000001100000000110000000000000000011000000000000000000100000000000000000011000000000000000000100000000000000000001000000000000000000010000000000000000000110000000000001111000100000000000011011001100000000000000010001100000000000000100001110000000000001000000111100000000110000000001111111111000000000000000000000000000000000000000000
0000000000000000000000000000000000000000000000001111100000000000001110001000000000001100000000000000000110000000000000000010000000000000000001100000000000000000010000000000000000000100000000001111110001000000000110000110010000000000000000110010000000000000000100100000000000000001001000000000000000010010000000000000000100010000000000000011000100000000000001100001100000000001110000001111111111111000
0000000000000000000000000000000000000000000000000000000000000000000011111110000000000001100000000000000000110000000000000000001000000000000000000010000000000000000001000000000000000000010000000000000000000100001111111110000001000010000000100000010000000000001000000100000000000110000001000000000001000000010000000000100000000010000000110000000000110000111000000000000111110000000000000000000000000000
0000000000000000000000000000000000000000000000000111100000000000000010000000000000000001000000000000000000110000000000000000001000000000000000000010000000000000000001000000000000000000010000000000000000000100000000000000000001000011111100000000010000000100000000000100000001000000000001100000110000000000001000001000000000000011000110000000000000001111000000000000000000000000000000000000000000000000
0000000000000000000000000000000110000000000000000111110000000000000011000000000000000001100000000000000000010000000000000000001100000000000000000010000000000000000000100000000000000000001000000111110000000010000000010000000000100000000100000000001000000010000000000010000000100000000000100000011000000000000100000100000000000001100011000000000000001111100000000000000000000000000000000000000000000000
0000000000000000000000000000000000000000000000000111110000000000000010000110000000000001100000000000000000010000000000000000001100000000000000000010000000000000000000100000000000000000001000000000000000000010000000000000000000100000111110000000001000000010000000000010000000100000000000100000001000000000001100000110000000000001100011000000000000001111100000000000000000000000000000000000000000000000
0000000000000000000000000000001110000000000000001110110000000000000010000100000000000001100000000000000000010000000000000000001100000000000000000010000000000000000000100000000000000000001000000000000000000010000000000000000000100000001111000000001000000001000000000010000000110000000000100000001000000000001100000010000000000001100001000000000000001111110000000000000000000000000000000000000000000000
0000000000000000000000000001111100000000000000110001110000000000001000000110000000000100000000100000000001000000000000000000010000000000000000000100000000000000000010000000000000000000100000000000000000001000000000000000000011000000111110000000010000000010000000000100000000100000000001100000011000000000001000000100000000000011000001000000000000011000110000000000000001111000000000000000000000000000
0000000000000000000000000000011110000000000000011000011000000000001100000010000000000010000000000000000001100000000000000000010000000000000000000100000000000000000001000000000000000000010000000000000000000100000001111100000001100000000100000000001000000011000000000010000000100000000000010000001000000000000110000110000000000000110111000000000000000111000000000000000000000000000000000000000000000000
0000000000000000000000000000111111000000000000011000011000000000001100000011000000000010000000000000000000100000000000000000010000000000000000000100000000000000000001000000000000000000010000000000000000000100000000000000000001000001111110000000010000000010000000000100000000100000000000100000010000000000001100001100000000000001100110000000000000001111000000000000000000000000000000000000000000000000
0000000000000000000000000000111110000000000000011000110000000000001100000010000000000010000000110000000001000000000000000000010000000000000000000100000000000000000010000000000000000000100000000000000000001000000000000000000010000000000000000000110000000111110000000100000000010000000001000000001100000000011000000010000000000011000001100000000000011000110000000000000011111000000000000000000000000000
0000000000000000000000000000111110000000000000011000011000000000001100000010000000000010000000000000000001000000000000000000010000000000000000000100000000000000000010000000000000000000100000000000000000001000000111111000000001000000011010000000010000000100000000000100000001000000000001100000010000000000001100001100000000000000111110000000000000000000000000000000000000000000000000000000000000000000
0000000000000000000000000000111110000000000000011000110000000000001100000100000000000110000000000000000001000000000000000000110000000000000000001000000000000000000010000000000000000000100000000000000000001000000000000000000010000000000000000000100000011111100000001000000001100000000001000000010000000000011000000100000000000011000011000000000000001111100000000000000000000000000000000000000000000000
0000000000000000000000000000011000000000000000001111100000000000000110011000000000000001000010000000000000110000000000000000001000000000000000000110000000000000000001000000000000000000010000000000000000000100000000000000000001011111111100000000110000011000000000001000000011000000000011000000010000000000010000000100000000000100000011000000000001110111100000000000000011000000000000000000000000000000
0000000000000000000000000000011110000000000000011100111000000000000100000010000000000010000000100000000001000000001000000000010000000000000000001000000000000000000010000000000000000000100000000000000000001000000000000000000110000000000000000000100011111111110000001000000000100000000010000000001000000000110000000010000000000100000001000000000000110001100000000000000111110000000000000000000000000000
0000000000000000000000000000000111100000000000000111001100000000000011000011000000000001100000110000000000010000001000000000001000000000000000000010000000000000000001100000000000000000010000000000000000000100000000000000000001000111111111000000010000000110110000000100000000100000000001100000001100000000001000000011000000000001000000100000000000001100111000000000000001111000000000000000000000000000
0000000000000000000000000000001110000000000000001110111000000000000110000010000000000010000000100000000001100000001000000000010000000000000000001100000000000000000010000000000000000000100000000000000000001000000000000000000010001111110000000000100011111111110000001000000000010000000010000000000100000000110000000001000000000110000000010000000000110000001100000000000111100110000000000000001110000000
0000000000000000000000000000000110000000000000000011010000000000000001000110000000000000100001100000000000011000000000000000001100000000000000000010000000000000000000100000000000000000010000000000000000000100111111100000000001000000111111000000010000000001000000000100000000010000000001100000000100000000001100000010000000000001100001100000000000001111110000000000000000000000000000000000000000000000
0000000000000000000000000000011110000000000000001100010000000000000100000100000000000010000001000000000001100000000000000000010000000000000000001000000000000000000010000000000000000001000000000000000000010000111110000000000100000011111110000001000000000110000000010000000000100000000100000000001000000001000000000010000000001000000001100000000011000001110000000000001111110000000000000000000000000000
0000000000000000000000000000011111000000000000001100011000000000000100000010000000000010000000100000000001100000000000000000010000000000000000000100000000000000000011000000000000000000100000000000000000001000011111100100000010000000011111000000100000000011000000001000000000010000000010000000000100000000010000000010000000000100000001100000000000100000110000000000001111111000000000000000000000000000
0000000000000000000000000000001110000000000000000110110000000000000011000100000000000000100001000000000000011000000000000000000100000000000000000001000000000000000000110000000000000000001000000000000000000010000000000000000000100000000000000000010001111111000000000100000010000000000001000000110000000000001000001100000000000011000010000000000000011001100000000000000011100000000000000000000000000000
0000000000000000000000000000001111000000000000000110011000000000000011000010000000000000100000100000000000010000000000000000000100000000000000000010000000000000000000100000000000000000001000000000000000000110000000000000000001000111111110000000010000001100000000000100000001000000000001000000011000000000010000000110000000000100000001000000000001100000110000000000001000110000000000000001111000000000
0000000000000000000000000000111100000000000000010001100000000000001000001000000000000110000010000000000001000000000000000000100000000000000000001000000000000000000010000000000000000001000000000000000000010000000000000000000100011111111100000001000000001000000000010000000011000000000100000000010000000001100000001100000000001000000010000000000011100011100000000000001111100000000000000000000000000000
0000000000000000000000000000000000000000000000000000000000000000000000000000000000000000111100000000000000011000000000000000000100000000000000000010000000000000000000100000000000000000011000000000000000000100000000000000000001000001110000000000001000000110000000000010000000100000000000110000011000000000000011111100000000000000000000000000000000000000000000000000000000000000000000000000000000000000
0000000000000000000000000000000000000000000000000000000000000000000000000000000000000000011100000000000000001100000000000000000110000000000000000011000000000000000000100000000000000000001000000000000000000010000000000000000000100001000000000000001000011100000000000010000001000000000000100000110000000000001100011000000000000001111100000000000000000000000000000000000000000000000000000000000000000000
0000000000000000000000000000000000000000000000000000000000000000000000000000000000000000111100000000000000011000000000000000001100000000000000000010000000000000000000100000000000000000001000000000000000000010000000000000000000100001110000000000001000000010000000000011000001100000000000011000110000000000000011111000000000000000000000000000000000000000000000000000000000000000000000000000000000000000
0000000000000000000000000000000000000000000000000000000000000000000000000000000000000000000000000000000000000111110000000000000011000000000000000000100000000000000000010000000000000000000100000000000000000001000000000000000000010001110000000000000010000110000000000000110000100000000000000110011000000000000000111100000000000000000000000000000000000000000000000000000000000000000000000000000000000000
0000000000000000000000000000000000000000000000000000000000000000000000000000000000000000000000000000000000011111000000000000001100000000000000000010000000000000000000100000000000000000001000000000000000000010000000000000000000100011100000000000001000001100000000000001000011000000000000011000100000000000000011110000000000000000000000000000000000000000000000000000000000000000000000000000000000000000
0000000000000000000000000000000000000000000000000000000000000000000000000000000000000000000000000000000000011110000000000000000100110000000000000011000000000000000000100000000000000000001000000000000000000010000000000000000000100001100000000000001100111000000000000001000010000000000000011000100000000000000011111000000000000000000000000000000000000000000000000000000000000000000000000000000000000000
0000000000000000000000000000000000000000000000000000000000000000000000000000000000000000000000000000000000001100000000000000000111100000000000000011000000000000000000100000000000000000010000000000000000000100000000000000000001000000000000000000010001111000000000000100000010000000000001100000100000000000001000011000000000000011001100000000000000001110000000000000000000000000000000000000000000000000
0000000000000000000000000000000000000000000000000000000000000000000000110000000000000000111111000000000000011000000000000000000100000000000000000001000000000000000000100000000000000000001000000000000000000010000111000000000000100000010000000000001100000100000000000001000011000000000000011001100000000000000011110000000000000000000000000000000000000000000000000000000000000000000000000000000000000000
0000000000000000000000000000000000000000000000000000000000000000000000000000000000000000000000000000000000000000000000000000000011110000000000000001100000000000000000010000000000000000000100000000000000000001000000000000000000010001110000000000000100000100000000000001100001000000000000001000110000000000000001111000000000000000000000000000000000000000000000000000000000000000000000000000000000000000
0000000000000000000000000000000000000000000000000000000000000000000000000000000000000011100000000000000001101110000000000000010000100000000000001000000000000000000010000000000000000000100000000000000000000100000000000000000001000000000000000000010001111000000000000010000010000000000000110000100000000000000111110000000000000000011000000000000000000000000000000000000000000000000000000000000000000000
0000000000000000000000000000000000000000000000111111000000000000001000011000000000000100000000000000000011000000000000000000100000000000000000001000000000000000000110000000000000000001000000000000000000010000000000000000000100011111100000000001000000001100000000010000000001000000000110000000110000000000100000001100000000000110001100100000000000111110001100000000000000000000000000000000000000000000
0000000000000000000000000000000000000000000000011111000000000000011100001100000000000100000000000000000010000000000000000000100000000000000000010000000000000000000100000000000000000001000000000000000000010000000000000000000100011111000000000001000100011100000000010000000000100000000110000000001000000000100000000111000000000110000001011000000000111011100000000000000011100000000000000000000000000000
0000000000000000000000000001111110000000000000110000110000000000011000000000000000000100000000000000000001000000000000000000100000000000000000001000000000000000000010000000000000000000100000000000000000001000000000000000000010001111111000000000100000000011000000001000000000010000000010000000000110000000100000000001100000001100000000111000000001100000111001000000000111110000001000000000000000000000
0000000000000000000000000000001000000000000000011111110000000000000100000110000000000010000000100000000001100000000000000000010000000000000000001100000000000000000010000000000000000001100000000000000000010000111111000000000100000000010000000001000000000100000000010000000001000000000100000000111000000001100000011010000000001111111000110000000000000000000000000000000000000000000000000000000000000000
0000000000000000000000000000011110000000000000011000110000000000001100000110000000000110000000100000000001000000000000000000110000000000000000001000000000000000000110000000000000000001000000000000000000010001111111000000001000000000010000000010000000000010000000100000000001100000001100000000111000000001100000011001000000001111111100011000000000000000000000000000000000000000000000000000000000000000
0000000000000000000000000000000000000000000000000111110000000000000010000110000000000001000000100000000000110000000000000000001000000000000000000100000000000000000001000000000000000000110011110000000000001000110111000000000010000000010000000000100000000110000000001000000001100000000010000000011000000000110000001010000000000111011100110000000000011100000110000000000000000000000000000000000000000000
0000000000000000000000000001111100000000000000110001110000000000010000000110000000000100000000100000000010000000001000000000100000000000000000001000000000000000000100000000000000000001000000000000000000010000000000000000000100000111110000000001000011001110000000010000000000100000000100000000001100000001000000000011000000010000000000100000000110000000011100000000111000011100110000000011111100000000
0000000000000000000000000000111100000000000000011001110000000000011000000100000000000100000000000000000010000000000000000000100000000000000000001000000000000000000100000000000000000001000000000000000000010000000000000000000100011111100000000001000000001100000000010000000001100000000100000000001000000000100000000110000000001100000011110000000001100011100110000000000111000000100000000000000000000000
0000000000000000000000000000000000000000000000001110000000000000001100011000000000000010000010000000000001000000010000000000100000000000000000001000000000000000000100000000000000000001000000000000000000010000000000000000000100111111000000000001000000011000000000010000000011000000000100000000010000000001000000000100000000011000000001100000000011000000111100000000011111111000000000000000000000000000
0000000000000000000000000000000000000000000000001111000000000000001100001100000000000110000001000000000011000000000000000000100000000000000000001000000000000000000110000000000000000001000000000000000000010000000000000000000100000000000000000001001111111000000000010000000011000000000100000000010000000001000000000100000000010000000001100000000010000000111100000000110000111001100000000011111000000000
0000000000000000000000000000000000000000000000001111111000000000001100000011000000000010000000000000000001000000000000000000110000000000000000001000000000000000000100000000000000000001000000000000000000010000000000000000000100000011000000000001000001111100000000010000000001000000000100000000110000000000100000011000000000001100000101000000000001110110010000000000000111000000000000000000000000000000
0000000000000000000000000000011110000000000000111100111000000000011000000000000000000100000000000000000011000000000000000000100000000000000000001000000000000000000100000000000000000001000000000000000000010000011000000000001100000011101000000010000000000010000000110000000000100000000100000000011000000001000000000110000000001000000011100000000001100001100000000000001111110000000000000000000000000000
0000000000000000000000000111111111110000000011000000000111000000100000000000000000011000000000000000000100000000000000000011000000000000000000100000000000000000001000000000000000000010000000001111000000100000001110010000011000000000000100000100000000000011000001000000000000110000010000000000001100000100000000000011000000100000000001110000001100000000010100000001111110011001000000000000111100000000
0000000000000000000000000000001111000000000000001110001100000000001110000001000000000010000000010000000001100000000000000000010000000000000000001100000000000000000010000000000000000000100000000000000000001000000000000000000010000011100000000000100000101110000000011000000001000000000100000000010000000001100000000100000000001000000001000000000011000000110000000000011111111100000000000000000000000000
0000000011111000000000000011100011000000000001100000001000000000110000000000000000011000000000000000000100000000000000000010000000000000000000100000000000000000011000000000000000000100000000000000000001000000001111100000010000000000001000000100000000000010000001000000000001100000010000000000010000000010000000000100000000111000000011000000000011000001111100000000011101100011000000000001110000000000
0000000111000000000000000111011110000000000111000000111000000001000000000011000000010000000000011000000100000000000010000011000000000000100000100000000000001000001000000000000000000010000000000000000000100000000000000000011000000000000000000100000000000011100001000000000000001000010000000000000010000110000000000000100000110000000000011000000100000000001110000001111111001110110000000000011110000000
0000000000000000000000000000000000000000000000111111111110000000011000000000100000001100000000000000000010000000000000000000100000000000000000011000000000000000000100000000000000000001000000000000000000010000000000000000000100000000000000000001100000111100000000001000001001000000000010000000110000000000010000001100000000000010000111100000000000111011000000000000000011100000000000000000000000000000
0000000000000000000000000000000000000000000000001111110000000000001100000100000000001100000000000000000010000000000000000001100000000000000000010000000000000000000100000000000000000001000000000000000000100000000000000000001000000111111100000010000000000001000000110000000000010000000100000000000100000000100000000001000000000111000000110000000000011110111100000000000000111001000000000000000000000000
0000000000000000000000000000000000000000000000001111100000000000001110000110000000000110000000110000000011000000000000000001100000000000000000010000000000000000001100000000000000000010000000000000000000100000000000000000001000000000000000000010000000011111000000100000000000110000000100000000001100000001000000000001000000011000000000110000000011000000011110000000011111111100000000000000000000000000
0000001111000000000000011110011111000000001100000000011110000010000000000000000001100000000000000000010000000000000000001100000000000000000010000000000000000000100000000000000000001000000000000000000010000000000011100000100000000011101000001100000001110010000001000000000000100000010000000000001000000110000000000010000000100000000001100000001100000000111100000001110000011001100000000111111100000000
0000000000011100000000000000011000000000000000001100000000000000000010000000000000000001000000000000000000100000000000000000001000000000000000000110000000000000000001000000011100000000010000111111000000000100001000011000000001000000000010000000010000000000100000000110000000001000000000100000000110000000001100000010000000000001110111000000000000000111000000000000000000000000000000000000000000000000
0000000000000110000000000000001110000000000000001100000000000000000100000000000000000010000000000000000001000000000000000000010000000000000000001000000000000000000110000000011110000001000000011111000000010000011000011000000100000000000010000001000000000000100000011000000000001000000010000000000100000000010000000010000000000011000011000000000000011111000000000000000000000000000000000000000000000000
0000000000001110000000000000001110000000000000001100000000000000000110000000000000000011000000000000000000100000000000000000011000000000000000000100000000000000000001000000000000000000010000000110000000000100011111100000000001001100001000000000010000000010000000000100000000100000000001000000001000000000010000000010000000000100000000100000000001000001111000000000011111100000000000000000000000000000
0000000000000000000000000000000111000000000000001110000000000000000100000000000000000110000000000000000011000000000000000000100000000000000000010000000000000000000100000000000000000001000000000100000000010000000011100000000100011111101000000001000100000010000000010000000000100000000100000000001000000001000000000010000000001000000000100000000011000001111000000000011111110000000000000000000000000000
0000000000000000000000000000000111000000000000000011000000000000000011000000000000000001000000000000000000100000000000000000011000000000000000000100000000000000000010000000000000000000100000001111000000011000001110011000000100000000000010000001100000000000100000001000000000001000000010000000000110000000110000000001000000000100000000110000000001110000011000000000000111111000000000000000000000000000
0000000000001111100000000000001110000000000000001110000000000000001100000000000000001100000000000000000110000000000000000001000000000000000000110000000000000000001000000000000000000010000000111111000000100000001000010000010000000000000110000100000000000000100001100000000000010000001000000000000100000010000000000001000000110000000000100000000110000000011000000000110000011100000000000011111100000000
0000000000000000000000000000000110000000000000000111000000000000000110000000000000000011000000000000000001100000000000000000110000000000000000001000000000000000000010000000000000000001000000000000000000010000001111111000000100000110000010000001000000000000100000010000000000011000000010000000000100000000100000000011000000001100000001100000000001100000110000000000001111111000000000000000000000000000
0000000000011110000000000000011000000000000000001100000000000000000110000000000000000001000000000000000000100000000000000000001000000000000000000100000000000000000001000000111000000000010000111000000000001100000001100000000010000000000100000000100000000001100000001000000000011000000001000000000100000000010000000001000000000110000000110000000000110000011000000000000011111000000000000000000000000000
0000000000001100000000000000001100000000000000001100000000000000000110000000000000000001000000000000000000100000000000000000010000000000000000000100000000000000000010000000000000000000100000000111110000001000011111110000000010000000000100000000100000000001100000001000000000011000000010000000000100000000100000000011000000000100000001100000000001100000110000000000001111110000000000000000000000000000
0000000000011110000000000000001100000000000000001100000000000000000110000000000000000011000000000000000000100000000000000000010000000000000000001100000000000000000010000000000000000000100000000111100000001000011110001000000010000000000010000000100000000000100000001000000000001000000010000000000010000000010000000000100000000100000000001000000000100000000110000000001110000111000000000000111111000000
0000000000000000000000000000000000000000000000000000000000000000000011111000000000000001000010000000000000100000000000000000010000011100000000001100011001000000000010000100001000000000100000000010000000001000000000100000000010000000001000000000100000000010000000001100000000100000000001000000011000000000001000000100000000000001111110000000000000000000000000000000000000000000000000000000000000000000
0000000000000000000000000000111110000000000000011000100000000000001100001000000000000010000010000000000001000000000000000000010000000000000000001000000000000000000010000000111000000000100000111010000000001000000000100000000010000000001000000000100000000010000000000100000000100000000001100000010000000000001100001100000000000001111110000000000000000000000000000000000000000000000000000000000000000000
0000000000000000000000000000000000000000000000011111110000000000001100000100000000000110000001100000000011000000000000000001100000000000000000010000000000000000000100000000010000000001000001111011000000010000000000010000000110000000000100000000100000000010000000000100000000100000000000110000011000000000000011111100000000000000000000000000000000000000000000000000000000000000000000000000000000000000
0000000000000000000000000000000000000000000000001111100000000000001100000100000000000110000001100000000001000000001000000000010000000000000000000100000000000000000011000000011000000000100000111110000000001000000000100000000010000000001000000000100000000010000000001100000000100000000001000000001000000000001000000110000000000001111111000000000000000110000000000000000000000000000000000000000000000000
0000000000000000000000000000000000000000000000000010000000000000000111011100000000000010000001100000000011000000001000000000100000000000000000010000000000000000000100000000001100000001000000111101100000010000011000010000000100000000000100000001000000000001000000011000000000100000000010000000001000000000110000000010000000000011000001000000000000011000110000000000000001110000000000000000000000000000
0000000000000000000000000000000000000000000000000000000000000000000011110000000000000001100110000000000000010000100000000000001000001000000000000010000000000000000001100000000000000000010000011111000000000100001000010000000001000000000100000000010000000001000000000100000000010000000001000000001100000000011000000010000000000011000001100000000000001111110000000000000000000000000000000000000000000000
0000000000000000000000000000000000000000000000000111000000000000000111011100000000000001000001000000000000100000001100000000001000000000000000000100000000000000000001000000111110000000010000000000100000000100000000011000000001000000000100000000001000000001000000000010000000010000000000110000001100000000000110000010000000000000110011000000000000000111100000000000000000000000000000000000000000000000
0000000000000000000000000000000000000000000000000111110000000000000111000010000000000001000000000000000000110000000000000000001000000000000000000010000000000000000000100000001111000000001000000000010000000001000000000100000000010000000001000000000010000000010000000000100000001100000000000100000010000000000000110001100000000000000111110000000000000000000000000000000000000000000000000000000000000000
0000000000000000000000000000000000000000000000000000000000000000000000011100000000000000011001100000000000001100001000000000000110000000000000000001000001110000000000010000110100000000000100000001000000000001000000010000000000010000000100000000000100000001000000000001100000010000000000001000000100000000000010000010000000000000010001100000000000000111110000000000000000000000000000000000000000000000
0000000000000000000000000000000000000000000000000000000000000000000000000000000000000000111110000000000000011000110000000000000100000000000000000011000000000000000000100000000000000000001000000000000000000010000001110000000000100000000100000000001100000001000000000001000000010000000000011000001100000000000010000110000000000000011110000000000000000000000000000000000000000000000000000000000000000000
0000000000000000000000000011111100000000000001100000000000000000100000000000000000011000000000000000000100000000000000000001000000000000000000010000000000000000000100000000000000000001000000000000000000010000000000000000000100000111110000000001000001000000000000011000011000000000000010000011000000000000010000010000000000000110000100000000000000111011000000000000000001000000000000000000000000000000
0000000000000000000000000000000000000000000000000000000000000000000000000000000000000000000000000000000000000000000000000000000000000000000000000000000000000000000000000000000000000000000000000000000000000000000000000000000000000000000000000000000000000000000000000000000000000000000000000000000000000000000000000000000000000000000000000000000000000000000000000000000000000000000000000000000000000000
0000000000000000000000000011111100000000000001100000000000000000110000000000000000001000000000000000000100000000000000000001000000000000000000010000000000000000000100000011000000000001000001011111100000010000001000000000000100000010000000000001000000010000000000010000000100000000000110000001000000000000110000010000000000000111001100000000000000011110000000000000000000000000000000000000000000000000
0000000000000000000000000111111000000000000111000000000000000011000000000000000000100000000000000000001000000000000000000110000000000000000001000000000000000000010000000000000000000100000000000000000001000000000000000000010000000111111110000010000001000000000000100000011000000000001000000010000000000001000000100000000000011000001000000000000011000010000000000000011000100000000000000011111000000000
0000000000000000000000000111111110000000000001000000000000000000100000000000000000001000000000000000000100000000000000000001000000000000000000010000000000000000000100000000000000000001000000000000000000010000011111110000000100000100000110000001000001000000000000010000010000000000000100000110000000000000100000100000000000001100001000000000000001110110000000000000000111000000000000000000000000000000
0000000000000000000000000000011100000000000000011100000000000000001100000000000000000110000000000000000001000000000000000000110000000000000000001000000000000000000010000000000000000000100000000011000000001000001111100000000010000011000000000000100000010000000000001100000100000000000001000001000000000000001000110000000000000011111000000000000000000000000000000000000000000000000000000000000000000000
0000000000000000000000000000000000000000000001111111000000000001100000011000000000110000000011000000001000000000010000000110000000000110000001000000000000000000010000000000000000000100000000000000000001000000011100000000001000000010000000000010000000100000000000010000001000000000000110000110000000000000011111000000000000000000000000000000000000000000000000000000000000000000000000000000000000000000
0000000000000000000000000000000000000000000000011111110000000000011100000000000000001100000000000000000110000000000000000011000000000000000000100000000000000000011000000000000000000100000000000000000001100000000110000000001000000001000000000010000000010000000000110000000100000000000110000001000000000000111000110000000000000011111000000000000000000000000000000000000000000000000000000000000000000000
0000000000000000000000000000000000000000000000001111000000000000011110011000000000011000000000000000001100000000000000000010000000000000000000100000000000000000001000000000000000000010000000000000000000100000111110000000001000001100000000000010000001000000000000010000010000000000000110000010000000000000011111100000000000000000000000000000000000000000000000000000000000000000000000000000000000000000
0000000000000000000000000000011111000000000000111100011000000000011000000000000000001100000000000000000110000000000000000001000000000000000000010000000000000000001100000000000000000010000000000000000000100000000000000000001000000001111100000010000000010000000000110000000100000000000100000001000000000001100000010000000000001111011100000000000000001000000000000000000000000000000000000000000000000000
0000000000110000000000000001110110000000000000110000000000000000011000000000000000001100000000000000000110000000000000000011000000000000000000100000000000000000001000000000000000000100000000111111110001000000001101100100010000000000001101000010000000000001010000100000000000010100001100000000001101000001100000000110010000000111111111000100000000000000000001000000000000000000000000000000000000000000
0000000011100000000000000011000111000000000001000000000000000000100000000000000000001000000000000000000100000000000000000001000000000000000000010000000000000000000100000000110110000001000000111110010000010000000000100100000100000000001001000000100000000010110000001000000001101000000001000000010010000000001100000100100000000000111110001000000000000000000000000000000000000000000000000000000000000000
0000000000000000000000000000011110000000000000011100000000000000001000000000000000000100000000000000000010000000000000000000100000000000000000011000000000000000000100000000000000000001000000000000000000010000000111111100000100000000001101000001100000000001010000001000000000010100000001000000000101000000001100000010010000000001111111000100000000000000000000000000000000000000000000000000000000000000
0000000000000000000000000000001110000000000000111100000000000000011000000000000000011000000000000000001100000000000000000010000000000000000000100000000000000000010000000000000000000100000000011111100001000000000001101000011000000000001010000010000000000010100000110000000000101000000110000000001010000000011100000100100000000000111110001100000000000000000000000000000000000000000000000000000000000000
0000000000000000000000000000011110000000000000111000000000000001110000000000000000100000000000000000010000000000000000001000000000000000000010000000000000000000100000000000000000001000000000000000000010000000011111111000100000000000100010001000000000001000100011000000000010001000011000000001100110000011000011100001000000011111100000000000000000000000000000000000000000000000000000000000000000000000
0000000000000000000000000000111000000000000000111000000000000000011000000000000000001000000000000000000110000000000000000001000000000000000000110000000000000000001000000000000000000010000000000000000000100000000000111100001000000011110000100010000000000100001000100000000000100110001000000000001001000001000000000100010000011000000001000000000011100000110000000000001111110000000000000000000000000000
0000000000000000000000000000001110000000000000011110000000000000001100000000000000000100000000000000000010000000000000000000100000000000000000010000000000000000000100000000000000000001000000000000000000010000000000111100000010000000111001100000100000000011001000001000000000010010000001000000000101000000011000000001010000000011000000010100000000011000001101000000000001111110000000000000000000000000
0000000000000000000000000000000100000000000000000110000000000000000110000000000000000110000000000000000111000000000000000011000000000000000000100000000000000000010000000000000000001100000000000000000010000000000111111100100000000000001001001000000000000001010001000000000000010100010000000000000101000010000000000011010000110000000001100100000111001111100001000000011110000000000000000000000000000000
0000000000000000000000000000001100000000000000111110000000000000011000000000000000000100000000000000000010000000000000000000100000000000000000010000000000000000000100000000000000000001000000000000000000010000000000111000000100000000011001000001100000000011010000001000000000010100000011000000000101000000011000000001010000000011000000110100000000001111110000000000000000000000000000000000000000000000
0000000000000000000000000000001110000000000000001110000000000000000110000000000000000110000000000000000011000000000000000001100000000000000000100000000000000000001000000000000110000110000000000011100000100000000011001000001000000011100010000001000000001000100000011000000010001000000001100001100010000000001111110000100000000000000000001000000000000000000000000000000000000000000000000000000000000000