0000000000000000000000000000000000000000000000000000000000000010000000000000000000100000000010000000001000000000100000000010000000001000000000100000000010000000001000000000100000000010000000001100000000111111111110000000001000000000100000000010000000001000000000100000000010000000001000000000100000000010000000001000000000100000000010000000001000000000110000000010000000000100000000000000000000000000
0000000000000000000000000000000000000000000000000000000000000000000000000000000000001000000100000000000010000001000000000000100000010000000000001000000100000000000010000001000000000000100000010000000000001000000100000000000011111111111000000000100000010000000000001000000100000000000010000001000000000000100000010000000000001000000010000000000010000000100000000000100000001000000000000100000000000000
0000000000000000000000000000000000000000000000000000000000000000000000000000000000000000000000000000000001000000000000000000010000000010000000000100000000100000000001000000001000000000010000000010000000000100000000100000000001000000001000000000011111111110000000001000000000100000000010000000001000000000100000000010000000001000000000100000000010000000001000000000100000000010000000001000000000100000
0000000000000000000000000000000000000000000001000000000110000000010000000000100000000100000000001000000001000000000100000000010000000001000000000100000000010000000001000000000100000000010000000001000000000101111111111000000001000000000100000000100000000001000000001000000000010000000010000000000100000000100000000001000000001000000000010000000011000000000110000000010000000000100000000000000000000000
0000000000000000000000000000000000000000000000000000000000000000010000000010000000000100000000100000000001000000001000000000010000000010000000000100000000100000000001000000001000000000001000000001000000000011111111110000000000100000000100000000001000000001000000000010000000010000000000100000000100000000001000000001000000000011000000010000000000010000000100000000000000000000000000000000000000000000
0000001000000001000000000010000000010000000000100000001000000000001000000010000000000010000000100000000001000000001000000000010000000010000000000100000000010000000001000000000100000000011111111101000000000101110111110000000001000000000100000000010000000001000000000010000000010000000000100000000100000000001000000001000000000010000000010000000000100000000110000000001000000000100000000000000000001000
0000000000000000000000000000000000000000000000000000000100000000000000000001000000110000000000010000001000000000000100000010000000000001000000100000000000010000001000000000000100000100000000000001000001000011111111110000010111000000001110000100000000000001000001000000000000001000010000000000000010000100000000000000100001000000000000001100010000000000000000000100000000000000000000000000000000000000
0000000000000000000000000000000000000000000000000000000000000000000000000000000000000010000000000000000000100000000000000000001000000100000000000010000001000000000000100000010000000000001000000010000000000010111111110000000000100000001000000000001000000010000000000010000000100000000000100000001000000000001000000010000000000010000000100000000000100000000100000000000000000001000000000000000000010000
0000000000000000000000000000000000000000000000000000000000000000100000000000000000001000000000000000000010000001000000000000100000010000000000001000000100000000000010000001000000000000111111111100000000001000000110000000000010000000100000000000100000001000000000001000000010000000000010000000100000000000100000001000000000001100000011000000000000000000010000000000000000000000000000000000000000000000
0000000000000000000000000000000000000000000000000000000000000010000000000000000000100000000000000010001000000000000000100010000000000000001000100000000000000010001000000000000000100010000000000001111100111111111111110010001000000000000000100010000000000000001000100000000000000010001000000000000000110010000000000000000100100000000000000001001000000000000000010011000000000000000100000000000000000001
0000000000000000000000000000000000000000000000000000000000000000010000000010000000000100000000100000000001000000001000000000010000000010000000000100000000100000000001000000001000000000010000000010000000000111111111110000000001000000001000000000010000000010000000000100000000110000000001000000000100000000010000000001000000000100000000010000000001000000001100000000010000000010000000000000000000000000
0000000000000000000000000000000000000000000000100000000000000000001000000000000000000010000000100000000000100000001000000000001000000010000000000010000000100000000000111111111000000000001000000010000000000010000000100000000000100000001000000000001000000010000000000010000000100000000000100000001000000000000100000010000000000011000000100000000000110000001000000000000000000010000000000000000000000000
0000000000000000000000000000000000000000000000010000000000000000000100000000000000000001000000001000000000010000000010000000000100000001000000000001000000010000000000010000000100000000000100000001000000000001011111111000000000010000001110000000000100000001000000000001000000010000000000010000000100000000000100000001000000000001000000010000000000010000000100000000000000000001000000000000000000000000
0000000000000000000000000000000000000000000000100000000000000000001000000000000000000010000001000000000000110000011000000000000100000010000000000001000000100000000000010000001000000000000100000010000000000001111111100000000000010000001000000000000110000010000000000000100000100000000000001000001000000000000010000010000000000000100000100000000000000000000000000000000000000000000000000000000000000000
0000000000000000000000000000000000000000000000000000000000000000000000000000000000000001000000000000000000010000000000000000000100000010000000000001000000100000000000010000001000000000000100000010000000000000111111100000000000001000001000000000000010000010000000000000100000100000000000001000001000000000000010000010000000000000100000100000000000001000001000000000000000000000000000000000000000000000
0000000000000000000000000000000000000000000000000000000000000000000100000000000000000011000000100000000000100000001000000000001000000010000000000010000000100000000000010000001000000000000100000010000000000001111111100000000000010000001000000000000100000010000000000001000000110000000000010000000100000000000100000001000000000001000000010000000000010000000100000000000000000000000000000000000000000000
0000000000000000000000000000000000000000000010000000000000000000100000000100000000001000000001000000000010000000010000000000100000000100000000001000000001000000000010000000010000000000111111111100000000001000000001000000000010000000010000000000100000000100000000001000000001000000000011000000010000000000010000000100000000000100000001000000000001000000010000000000000000000000000000000000000000000000
0000000000000000000000000000000000000000000000000000000000000000010000000000000000000100000000010000000001000000000100000000001000000001000000000010000000010000000000100000000100000000001000000001000000000011111111110000000000100000000100000000001100000001000000000001000000010000000000010000000100000000000100000001000000000001000000010000000000010000000100000000000100000001000000000000000000000000
0000000000000000000000000100000000000000000001000000000000000000010000000010000000000110000000100000000000100000001000000000001000000010000000000010000000100000000000100000001000000000001111111110000000000010000000100000000000100000001000000000001100000010000000000001000000100000000000010000000100000000000100000001000000000001000000010000000000010000000100000000000100000001000000000000000000000000
0000000000000000000000000000000000000000000001000000000000000000010000000010000000000010000000100000000000100000001000000000001000000010000000000010000000100000000000100000001100000000001111111111000000000010000000010000000000100000000100000000001000000001000000000011000000010000000000010000000100000000000100000001000000000001000000010000000000010000000100000000000100000011000000000000000000000000
0000000000000000000000000000000000000000000001000000000000000000011000000000000000000010000000100000000000100000001000000000001000000010000000000010000000100000000000100000001000000000001000000010000000000010000000100000000001111111111000000000001000000010000000000010000000100000000000100000001000000000001000000010000000000010000000100000000000100000001000000000000000000010000000000000000000000000
0000000000000000000000000000000000000000000001000000000000000000010000000000000000000100000000000000000001000000000100000000010000000001000000000100000000010000000001000000000100000000010000000001000000001111111111110000000001000000000100000000010000000001000000000100000000010000000001000000000100000000010000000001000000000100000000010000000001000000000100000000010000000001000000000100000000000000
0000000000000000000000000000000000000000000000000000000000000000010000000000000000000100000000010000000001000000000100000000010000000001000000000100000000010000000001000000000100000000010000000001000000000111111111110000000001000000000100000000010000000001000000000100000000010000000001000000000100000000010000000001000000000010000000010000000000100000000100000000001000000001000000000000000000000000
0010000000000000000000100000000000000000001000000000000000000010000000000000100000100000000000000000001000000000000010000010000000000000100000100000000000010000001000000000000100000011111111110001000000100000000111110000001000000000000100000001000000000001000000010000000000010000000100000000000100000001000000000001000000010000000000010000000100000000000100000000000000000000000000000000000000000000
0000000000000000000000000000000000000000000001000000000000000000010000000000010000000100000000000100000001000000000010000000010000000000100000000100000000001000000001000000000010000000010000000001000000001111111110010000000001000000011100000000010000000001000000000100000000010000000001000000000100000000010000000001000000000100000000010000000001000000000100000000000000000011000000000000000000100000
0000000000000000000000000000000000000000000000000000000000000001000000000000000000010000000000001000000100000000000100000010000000000001000000100000000000010000001000000000001100000010000000000010000000111111111100100000001000000001101000000010000000000010000000100000000000100000001000000000001000000010000000000010000000100000000001000000001000000000010000000010000000000100000000000000000000000000
0000000000000000000000010000000000000000000100000000000000000001000000000000100000100000000000001000001000000000000010000010000000000000100000100000000000010000001000000000000100000010000000000001000000100000000000010000001111111111111100000010000000000001000000100000000000010000001000000000000100000010000000000001000000100000000000010000001000000000000100000010000000000011000000000000000000100000
0000000000000000000000000000000000000000000001000000000100000000010000000001000000000100000000010000000001000000000100000000010000000001000000000100000000010000000001000000000100000000010000000001000000000111111111110000000001000000000100000000010000000001000000000100000000010000000001000000000100000000010000000001000000000100000000010000000001000000000100000000000000000001000000000000000000010000
0000000000000000000000000000000000000000000010000000000000000000100000000000100000001000000000001000000010000000000010000000100000000001000000001000000000010000000010000000000100000111111111111001000001001000000001110000000010000000000100000000100000000001000000001000000000010000000010000000000100000000100000000001000000001000000000010000000010000000001100000000000000000000000000000000000000000000
0000000000000000000000000000000000000000000001000000000000000000010000000001000000000100000000010000000001000000000100000000010000000001000000000100000000010000000001000000000100000000010000000001000000000111111111110000000001000000000100000000010000000001000000000100000000010000000001000000000100000000001000000001000000000010000000010000000000100000000100000000001000000001000000000000000000010000
0000000000000000000000000000000000000000000000000000000000000000000000000000000000000001000000000000000000010000010000000000000110000100000000000000100001100000000000001000011000000000000010000110000000000000111111100000000000001000011000000000000010000110000000000000100001100000000000001000011000000000000010000110000000000000000000000000000000000000000000000000000000000000000000000000000000000000
0000000000000000000000000000000000000000000000000000000000000000000000000000000000000000000000000000000000010000000000000000000100000000000000000001000010000000000000010000100000000000000010001000000000000000100010000000000000001000100000000000000011000100000000000000111101000000000000001000010000000000000010000100000000000000110001000000000000000100000000000000000001000000000000000000000000000000
0000000000000000000000000000000000000000000000000000000000000000000000000000000000000001000000000000000000010000000000000000000100000000000000000001000001000000000000011000010000000000000010000100000000000000100001000000000000011111010000000000000010000100000000000000100001000000000000001000010000000000000011000010000000000000010000000000000000000000000000000000000000000000000000000000000000000000
0000000000000000000000000000000000000000000000000000000000000000000000000000000000000000100000000000000000001000000000000000000010000000000000000000100001000000000000001000010000000000000010000100000000000000100001000000000000001111110000000000000001000010000000000000010000100000000000000100001000000000000001000010000000000000000000000000000000000000000000000000000000000000000000000000000000000000
0000000000000000000000000000000000000000000000000000000000000000000000000000000000000000000000000000000000000000100000000000000010011000000000000000100100000000000000001001000000000000000010011000000000000000100010000000000000000110100000000000000001001000000000000000010010000000000000000100100000000000000000001000000000000000000000000000000000000000000000000000000000000000000000000000000000000000
0000000000000000000000000000000000000000000000000000000000000000000000000000000000000001000010000000000000010001100000000000000100010000000000000001000110000000000000010000100000000000000110001000000000000000111110000000000000001000100000000000000010001000000000000000100011000000000000001100010000000000000001000000000000000000000000000000000000000000000000000000000000000000000000000000000000000000
0000000000000000000000000000000000000000000000000000000000000000000000000000000000000000000000000000000000000000000000000000000100010000000000000001000100000000000000010001000000000000000100011000000000000001111110000000000000010000100000000000000010001000000000000000100010000000000000001000110000000000000000000100000000000000000000000000000000000000000000000000000000000000000000000000000000000000
0000000000000000000000000000000000000000000000000000000000000000000000000000000000000000000000000000000000100001000000000000001000010000000000000010000100000000000000100001000000000000001000010000000000000010000100000000000000110000100000000000000111111000000000000001000010000000000000010000100000000000000100001000000000000001000010000000000000010000100000000000000100000000000000000001000000000000
0000000000000000000000000000000000000000000000000000000000000000000010000000000000000000100000000000000000001100010000000000000001000100000000000000010001000000000000000100010000000000000001000100000000000000011111000000000000000100011000000000000001000010000000000000100000100000000000001000001000000000000011000010000000000000010000100000000000000100001000000000000000000000000000000000000000000000
0000000000000000000000000000000000000000000000000000000000000000000000000000000000000010000000000000000000110000100000000000000100001000000000000001000010000000000000010000100000000000000100001000000000000001000010000000000000011111100000000000000100001000000000000001000010000000000000010000100000000000000100000100000000000001000001000000000000010000010000000000000000000000000000000000000000000000
0000000000000000000000000000000000000000000000100000000000000000001000000100000000000010000000100000000000100000001000000000001000000010000000000010000000100000000000100000001000000000001000000010000000000010000000100000000001111111111000000000001000000010000000000010000000100000000001100000001000000000010000000100000000000100000001000000000001000000010000000000010000000100000000001100000001000000
0000000000000000000000000000000000000000000000010000000000000000000100000001000000000001000000010000000000010000000100000000000100000001000000000001000000010000000000010000000100000000000100000001000000000001000111110000000000011110000100000000000100000001000000000001000000010000000000010000000100000000000100000001000000000001000000010000000000010000000100000000001000000001000000000010000000000000
0000000000000000000000000000000000000000000000100000001000000000001000000010000000000010000000100000000000100000001000000000001000000010000000000010000000100000000000010000001000000000000100000010000000000001011111100000000000011100001000000000000100000010000000000001000000100000000000010000001000000000000100000010000000000001000000100000000000110000001000000000001000000011000000000010000000010000
0000000000000000000000001000000000110000000010000000000100000000100000000001000000000100000000010000000001000000000100000000010000000001000000000100000000010000000001000000000100000000011111111101000000001100000000010000000001000000000100000000010000000001000000000100000000010000000001000000000100000000010000000001100000000100000000001000000001000000000010000000010000000000100000000100000000001000
0000000000000000000000000000000000000000000001000000000100000000010000000011000000000100000000100000000001000000001000000000010000000010000000000100000000100000000001000000001100000000010000000001000000000100011111110000000000111100000100000000001000000001000000000010000000010000000000100000000100000000001000000001000000000010000000010000000000100000000010000000001000000000000000000000000000000000
0000000000000000000000000010000000000000000000100000000100000000001000000001000000000010000000010000000000100000000100000000001000000001000000000010000000010000000000010000000100000000000100000001000000000001111111010000000000011000000100000000000100000001000000000001000000011000000000010000000010000000000100000000100000000001000000001000000000010000000011000000001100000000110000000010000000000000
0000100000000000000000001000000001000000000010000000010000000000100000000100000000001000000001000000000011000000010000000000010000000100000000000100000001000000000001000000010000000000010011111100000000000111000001000000000001000000010000000000010000000100000000000100000001000000000001000000001000000000010000000010000000000100000000100000000001000000001000000000010000000110000000000100000001000000
0000000000000000000000000000000000000000000001000000001000000000010000000010000000000100000000100000000001000000001000000000001000000010000000000010000000100000000000100000001000000000011111111110000000000110000000100000000000100000001000000000001000000010000000000010000000110000000000100000000100000000001000000001000000000010000000010000000000100000000100000000001000000000000000000010000000000000
0000000000000000000000000010000000100000000000100000001000000000001000000010000000000010000000100000000000100000001000000000001000000010000000000010000000100000000000100000001000000000011111111110000000000110000000110000000000100000000100000000001000000001000000000010000000010000000000100000000100000000001000000001000000000010000000010000000000100000000100000000001000000001000000000010000000010000
0000000000000000000000000010000000100000000000100000001000000000001000000010000000000010000000100000000000100000001000000000001000000010000000000010000000110000000000100000000100000000001000000001000000000010111111110000000000110000000100000000001000000001000000000010000000010000000000100000000100000000001000000001000000000010000000010000000000100000000100000000001000000001000000000010000000000000
0000000000000000000000000000000000000000000000000000000000000000000000000100000000001000000001000000000001000000100000000000010000001000000000000100000010000000000001000000100000000000010000001000000000000100000010000000000001011110100000000000010000001000000000000100000010000000000001000000100000000000010000001000000000000100000010000000000001000000000000000000010000000000000000000000000000000000
0000000000000000000000000100000000000000000001000000000100000000010000000001000000000100000000010000000001000000000100000000010000000001000000000100000000010000000010000010000100000000111111011111100000001000000000111000000010000000001000000000100000000010000000001000000000100000000010000000001000000001100000000010000000010000000000100000000100000000011000000001000000000100000000000000000000000000
0000000000000001000000001000000000000000000010000000000100000000100000000001000000001000000000110000000010000000001000000000100000000010000000001000000000100000000010000000001000000000111111111111000000001000000000110000000010000000001000000000100000000000000000001000000001000000000110000000010000000001000000000100000000010000000001000000000100000000010000000000000000000000000000000000000000000000
0000000000000000000000001000000000000000000010000000010000000000100000000100000000001000000001000000000010000000010000000000100000000100000000001000000001000000000010000000110000000001100000011000000000011111111010000000000100000000100000000001000000001000000000010000000010000000000100000000100000000001000000001000000000010000000010000000000100000000100000000001000000001000000000000000000010000000
0000000000000000000000000000000000000000000000000000010000000000000000000100000000001000000001000000000010000000010000000000100000001100000000001000000010000000000010000000100000000001100000001000000000010000000010000000000100011111100000000001111000001000000000010000000010000000000100000000100000000001000000001000000000010000000010000000000100000000100000000001000000001000000000000000000000000000
0000000000000000000000000000000100000000000000100001000000000000001000010000000000000010000110000000000000100000100000000000001000001000000000000010000010000000000000100000100000000000001000001000000000000011111110000000000000100000100000000000001000001000000000000100000010000000000001000000100000000000010000001000000000000100000010000000000000000000100000000000000000000000000000000000000000000000
0000000000000000000000001100001000000000000010000010000000000000100000100000000000001100001000000000000010000010000000000000100001100000000000001000010000000000000010000100000000000000100001000000000000011111110000000000000010100100000000000000100001000000000000001000010000000000000010000100000000000000100001000000000000001000010000000000000000000110000000000000000000000000000000000000000000000000
0000000000000000000000000000000000000000000000000000010000000000010000000100000000000100000001000000000001000000010000000000010000000100000000000100000011000000000001000000100000000000010001111100000000000111110010000000000001000000000000000000010000001000000000001100000010000000000010000000100000000000100000001000000000001000000010000000000000000000000000000000000000000000000000000000000000000000
0000000000000000000000000000000000100000000000000000001000000001000000000010000000010000000000100000000100000000001000000001000000000010000000010000000000100000000100000000001000000001111110000010000000010000111111100000000100000000001000000001000000000100000000001000000001000000000010000000010000000000100000000100000000001000000001000000000010000000010000000000000000000100000000000000000000000000
0000000000000000000000000000000000000000000000000000100000000000000000000100000000000100000001000000000001000000010000000000001000000100000000000010000001000000000000100000010000000000001111111100000000000010000001000000000000100000010000000000001000000100000000000010000010000000000000100000100000000000001000001000000000000000000000000000000000000000000000000000000000000000000000000000000000000000
0000000000000000000000000000000000000000000000100000010000000000001000000100000000000010000001000000000000100000010000000000001000000100000000000010000001000000000000100000010000000000001111111111000000000010000000100000000000100000001000000000001000000010000000000010000000100000000000100000001000000000001000000100000000000010000001000000000000100000010000000000000000000100000000000000000000000000
0000000000000000000000000011000000000000000000010000001000000000000100000010000000000010000000100000000000100000001000000000001000000010000000000010000000100000000000100000001000000000001111111110000000000010000000100000000000100000001000000000001000000010000000000010000000100000000000100000001000000000001000000010000000000010000000100000000000010000001000000000000100000010000000000000000000000000
0000001000000001000000000010000000010000000000100000000100000000001000000001000000000010000000010000000000100000000100000000001000000001000000000010000000010000000000100000000100000000001111111111000000000010000000010000000000100000000100000000011000000001000000000100000000010000000001000000000100000000011000000001000000000010000000010000000000100000001100000000001000000010000000000010000000100000
0000000000000000000000000010000000000000000000100000000010000000001000000000100000000010000000001000000000100000000010000000001000000000100000000010000000011000000000100000000100000000001000000001000000000010000000010000000000100000000100000000001111111111000000000110000000010000000001000000000100000000010000000001000000000100000000010000000001000000000100000000010000000001000000000100000000000000
0000001000000000100000000010000000001000000000100000000010000000001000000000100000000010000000001000000000100000000010000000001000000000100000000010000000001000000000100000000010000000001000000000100000000010000000001000000000100111111110000000001110000000100000000010000000001000000000100000000010000000001000000000100000000010000000011000000001100000000100000000011000000001100000000000000000000000
0000000000000000000000000010000000000000000000100000000000000000001000000100000000000010000001000000000000100000010000000000001000000100000000000010000001000000000000100000001000000000001000111110000000000011110000100000000000100000001000000000001000000010000000000010000000100000000000100000001000000000001000000010000000000010000000100000000000100000011000000000001000000100000000000000000000000000
0000000000000000000000000000000000000000000001000000000000000000010000000010000000000100000000100000000001000000001000000000010000000010000000000100000000100000000001000000001000000000011111111110000000000100000000100000000001000000001000000000010000000010000000000100000000100000000001000000001000000000010000000010000000000100000000100000000001000000000000000000010000000000000000000100000000000000
0000000000000000000000000001000000000000000000010000000000000000000100000010000000000001000000100000000000010000001000000000000100000010000000000001000000100000000000010000001000000000000100000011000000000001111111110000000000010000000100000000000100000001000000000001000000010000000000010000001100000000000100000010000000000001000000100000000000010000001000000000000100000010000000000001000000100000
0000000000000000000000000000000000000000000001000000000110000000011000000000100000000010000000011000000000100000000100000000001000000001000000000010000000010000000000100000000100000000001000001111000000000010111110010000000000111000000100000000001000000001000000000010000000010000000000100000000100000000001000000001000000000010000000010000000000100000000100000000001100000000000000000000000000000000
0000000000000000000000000000000000000000000000100000000010000000001000000000100000000010000000001000000000100000000010000000001000000000100000000010000000001000000000100000000010000000000100000000100000000001000000011000000000011111111110000000000100000000100000000001000000001000000000010000000010000000000100000000100000000001000000001000000000010000000010000000000100000000100000000001000000000000