0000000000000000000000000000000011111111001111111111000000000000000000010000000000000000000100000000000000000000100000000000000000001000000000000000000010000000000000000000100000000000000000001000000000000000000010000000000000000000100000000000010000001000000000000100000010000000000001100000100000000000001100001000000000000000111110000000000000000000000000000000000000000000000000000000000000000000
0000000000000000000001111111111111111111000000000010000000000000000000100000000000000000001000000000000000000010000000000000000000100000000000000000001000000000000000000010000000000000000000100000000000001000001000000000000010000010000000000000100000100000000000001000001100000000000010000001000000000000110000010000000000000100001100000000000000111110000000000000000110000000000000000000000000000000
0000000000000000000000011111111111111110011100000010000000000000000000100000000000000000001000000000000000000010000000000000000000100000000000000000001000000000000000000010000000000000000000110000000000000000000100000000000000000001000000000000000000010000000000001000000100000000000010000001000000000000110000010000000000000110000100000000000000110001000000000000000111110000000000000000000000000000
0000000000000000000001111111111111111100000000000001000000000000000000010000000000000000000100000000000000000001000000000000000000010000000000000000000100000000000000000000100000000000000000001000000000010000000010000000000100000000100000000000100000001000000000001000000010000000000001000000100000000000011000011000000000000001111100000000000000000000000000000000000000000000000000000000000000000000
0000000000000000000000000000000000000000000111111111111111100000000000010000000000000000000100000000000000000001000000000000000000010000000000000000000100000000000000000001000000000000000000010000000000000000000100000000000000000001000000000000000000010000000000000000000100000000000010000001000000000000111000010000000000000011000100000000000000011001000000000000000001110000000000000000000000000000
0000000000000000000000000011111000000000011111000001111111100000000000010000000000000000000100000000000000000001000000000000000000010000000000000000000100000000000000000000100000000000000000001000000000000000000010000000000000000000100000000000000000001000000000100000000010000000001000000000100000000011000000010000000000010000000100000000000011000011000000000000011111100000000000000000000000000000
0000000000000000000000000000000000000000000000011111111111110001111000000000000000000000000100000000000000000001000000000000000000010000000000000000000100000000000000000001000000000000000000010000000000000000000100000000000000000001000000000000000000010000000001000000001000000000010000000010000000000010000000100000000000110000011000000000000110001100000000000000111110000000000000000000000000000000
0000000000000000000000000000000000000000000000000111111111000011111110000000000000000000001000000000000000000010000000000000000000100000000000000000001100000000000000000001000000000000000000010000000000000000000100000000000000000001000000000000000000010000000000001000000100000000000010000001000000000000100000010000000000001100001000000000000001111110000000000000000110000000000000000000000000000000
0000000000000000000000000000000000000000000000111111111100000011110000000000111000000000001000000000000000000010000000000000000000100000000000000000001000000000000000000010000000000000000000100000000000000000001000000000000000000010000000000000100000100000000000001000001000000000000010000010000000000000110000100000000000000110001000000000000000011110000000000000000000000000000000000000000000000000
0000000000000000000000000000000000000000000000000000000000000001111111111111111100000000000110000000000000000000100000000000000000001000000000000000000010000000000000000000100000000000000000001000000000000000000010000000000000000000100000000001000000001000000000010000000100000000000010000001000000000000100000010000000000001100001000000000000001111100000000000000000000000000000000000000000000000000
0000000000000000000000000000000000000000000000000000000000000000000000001000000000000000000010000000000000000000100000000000000000001000000000000000000011000000000000000000010000000000000000000100000000000000000001000000000000000000010000000000000000000100000000000001000010000000000000010000100000000000000110001000000000000000111100000000000000000000000000000000000000000000000000000000000000000000
0000000000000000000000000000000000000000000000000000000000000000000001111111100000000000000000000000000000000000010000000000000000000100000000000000000001000000000000000000010000000000000000000100000000000000000001000000000000000000010000000000000000000100000000000000000001000000000000010000100000000000000110001000000000000000111110000000000000000000000000000000000000000000000000000000000000000000
0000000000000000000000000000000000000000000000000000000000000000000000000000000000000000001111111100000000000000010000000000000000000100000000000000000001000000000000000000010000000000000000000100000000000000000001000000000000000000010000000000000000000100000000000000000011000000000000010001100000000000000011110000000000000000000000000000000000000000000000000000000000000000000000000000000000000000
0000000000000000000000000000000000000000000000011111111110000000000000001000000000000000000010000000000000000000100000000000000000001000000000000000000010000000000000000000100000000000000000001000000000000000000010000000000000000000100000000000000000001000000000000000000010000000000000100001100000000000001000010000000000000011000100000000000000010011000000000000000011100000000000000000000000000000
0000000000000000000000000000000000000000000000000000000000000000000111111111100000000000000000000000000000000000100000000000000000001000000000000000000010000000000000000000100000000000000000001000000000000000000010000000000000000000100000000000000000001000000000000010000010000000000000100001000000000000000100010000000000000001111100000000000000000000000000000000000000000000000000000000000000000000
0000000000000000000000000000000000000000000000000000000000000000000111111111000000000000000000000000000000000001000000000000000000010000000000000000000100000000000000000001000000000000000000010000000000000000000100000000000000000001000000000000000000010000000000000000000100000000000000100001000000000000001100010000000000000001001100000000000000011110000000000000000000000000000000000000000000000000
0000000000000000000000001111111100000000000000000001111111000000000000001000000000000000000100000000000000000001000000000000000000010000000000000000000100000000000000000001000000000000000000010000000000000000000100000000000000000001000000000000001000010000000000000010000100000000000000100001000000000000001100010000000000000001111000000000000000000000000000000000000000000000000000000000000000000000
0000000000000000000000000000000000000000000000000000000000000000000111111111110000000000000000000000000000000000100000000000000000001000000000000000000010000000000000000000100000000000000000001000000000000000000010000000000000000000100000000000000000001000000000001000000010000000000010000001000000000000110000010000000000000110011000000000000000011100000000000000000000000000000000000000000000000000
0000000000000000000000000000000000000000000000001111111111000000000000000100010000000000000001000000000000000000010000000000000000000100000000000000000001000000000000000000010000000000000000000100000000000000000001000000000000000000010000000000000000000100000000000001000001000000000000010000010000000000000110000100000000000000111011000000000000000011000000000000000000000000000000000000000000000000
0000000000000000000000000000000000000000000000000000000000000000000011111111110000000000000000000000000000000000010000000000000000000100000000000000000001000000000000000000010000000000000000000100000000000000000001000000000000000000010000000000001000001000000000000010000010000000000000100000100000000000001100011000000000000001111100000000000000000000000000000000000000000000000000000000000000000000
0000000000000000000000000011111111110000001111100100000000000000000001000000000000000000010000000000000000000100000000000000000001000000000000000000010000000000000000000100000000000000000001000000000000000000010000000000000000000100000000000000000001000000000000010000010000000000000110000100000000000000100001000000000000001100110000000000000001101000000000000000001110000000000000000000000000000000
0000000000000000000000000000000111110000000111111110000011000000000000000000000000000000000100000000000000000010000000000000000000100000000000000000001000000000000000000010000000000000000000100000000000001000001000000000000010000010000000000000100000100000000000001000001000000000000010000010000000000000110000100000000000000100011000000000000000110100000000000000000111000000000000000000000000000000
0000000000000000000000000000000000001110000111111111111110000000000000010000000000000000000100000000000000000001000000000000000000010000000000000000000100000000000000000001000000000000000000010000000000000000000100000000000000000001000000000000100000010000000000001000000100000000000010000010000000000000100000100000000000001100001000000000000001000110000000000000011111000000000000000001000000000000
0000000000000000000000111111111111111100000000000001000001100000000000010000000000000000000100000000000000000001000000000000000000010000000000000000000100000000000000000001000000000000000000010000000000000000000100000000000010000010000000000000100000100000000000001000001000000000000010000010000000000000100000100000000000000100001000000000000001100010000000000000001101000000000000000000100000000000
0000000000000000000001111111111111111100000000000001000000000000000000010000000000000000000100000000000000000001000000000000000000010000000000000000001100000000000000000010000000000000000000100000000000000000001000000000001000000010000000000011000000100000000000010000010000000000000100000100000000000000100011000000000000001100100000000000000001111000000000000000001100000000000000000000000000000000
0000000000000000000000000011111111111000001111000001000000000000000000010000000000000000000100000000000000000001000000000000000000010000000000000000001100000000000000000010000000000000000000100000000000000000001000000000000000000010000000000010000000100000000000110000001000000000000100000110000000000001000001000000000000001000010000000000000001001100000000000000011110000000000000000000000000000000
0000000000000000000000111111111111111000000000000010000000000000000000100000000000000000001000000000000000000010000000000000000000100000000000000000001000000000000000000010000000000000000000100000000000000000001000000000000000000010000000000010000000100000000000100000001000000000001000000010000000000011000000100000000000010000011000000000000110000100000000000000110001000000000000000011100000000000
0000000000000000000001111111111111111110000000000001000000000000000000010000000000000000000110000000000000000001000000000000000000010000000000000000000100000000000000000001000000000000000000010000000000000000000100000000000000000001000000000000100000010000000000001000000100000000000010000001000000000000110000110000000000000100001000000000000001100010000000000000001101000000000000000001100000000000
0000000000000000000001111111100000000000000000000111111111110000000000010000000000000000000100000000000000000001000000000000000000010000000000000000000100000000000000000001000000000000000000010000000000011000000100000000000100000001000000000001000000010000000000010000000100000000000010000001000000000000100000010000000000000100001100000000000001100010000000000000001111100000000000000000000000000000
0000000000000000000000111111111111100000000000000010000111000000000000100000000000000000001000000000000000000010000000000000000000010000000000000000000100000000000000000001000000000001000000010000000000010000000100000000000100000010000000000001000000100000000000010000001000000000000010000010000000000000100000100000000000000100010000000000000001111100000000000000000000000000000000000000000000000000
0000000000000000000000000000000000000000000000000000000000000000000000000000000000000000000000000000000000011111100000000000000000110000000000000000000100000000000000000001000000000000000000001000000000000000000010000000000000000000100000000000000000001100000000000000000001000000000000001000100000000000000011011000000000000000001100000000000000000000000000000000000000000000000000000000000000000000
0000000000000000000000000000000000000000000000000000000000000000000000000000000000000001111111100000000000000011000000000000000000011000000000000000000010000000000000000000110000000000000000000100000000000000000001000000000000000000011000000000000000000010000000000001000001100000000000001111110000000000000000010000000000000000000000000000000000000000000000000000000000000000000000000000000000000000
0000000000000000000000000000000000000000000000000000000000000000001111111111000000000000000100000000000000000000100000000000000000001000000000000000000010000000000000000000010000000000000000000100000000000000000001000000000000000000010000000000000000000100000000000010000001000000000000011000110000000000000011111000000000000000000000000000000000000000000000000000000000000000000000000000000000000000
0000000000000000000000000000000000000000000000000000000000000000001100011100000000000011111000000000000000000001000000000000000000011000000000000000000010000000000000000000100000000000000000000100000000000000000001000000000000000000010000000000000000000100000000000000000001000000000000100000010000000000000100000100000000000000111111000000000000000000000000000000000000000000000000000000000000000000
0000000000000000000000000000000000000000000000000000000000000000000000000000000000000000000000000000000000000000000000000000000000000000000000000000000000000000000000000000000000000000000000000000000000000000000000000000000000000000000000000000000000000000000000000000000000000000000000000000000000000000000000000000000000000000000000000000000000000000000000000000000000000000000000000000000000000000
0000000000000000000000000000000000000000000000000000000000000000000000000000000000000011111111000000000000000110000000000000000000110000000000000000000100000000000000000001100000000000000000001000000000000000000010000000000000000000100000000000000000001000000000000011100010000000000000001111000000000000000000000000000000000000000000000000000000000000000000000000000000000000000000000000000000000000
0000000000000000000000000000000000000000000000000000000000000000011111111110000000000000001000000000000000000011000000000000000000010000000000000000000110000000000000000000100000000000000000001000000000000000000011000000000000000000010000000000000000000100000000000001100110000000000000001111000000000000000000000000000000000000000000000000000000000000000000000000000000000000000000000000000000000000
0000000000000000000000000000000000000000000000000000000000000000000111110000000000000000000111000000000000000001000000000000000000010000000000000000000010000000000000000000100000000000000000001000000000000000000001000000000000000000010000000000000000000100000000000001000011000000000000011001100000000000000011110000000000000000000000000000000000000000000000000000000000000000000000000000000000000000
0000000000000000000000000000000000000000000000000000000000000000000111111111000000000000000100000000000000000001000000000000000000011000000000000000000010000000000000000000100000000000000000000100000000000000000001000000000000000000011000000000000000000010000000000011000000100000000000011000011000000000000011111100000000000000000000000000000000000000000000000000000000000000000000000000000000000000
0000000000000000000000000000000000000000000000000000000000000000000000000000000000000001111111110000000000000001000000000000000000010000000000000000000010000000000000000000100000000000000000001100000000000000000001000000000000000000010000000000000000000110000000000000000000100000000000100000010000000000001100001100000000000001111110000000000000000000000000000000000000000000000000000000000000000000
0000000000000000000000000111111111110000000111000010000100000000000000100000000000000000001000000000000000000010000000000000000000110000000000000000000100000000000000000001000000000000000000010000000000000000000100000000000000000001100000000000001000001000000000000100000010000000000001100000110000000000001000000100000000000010000011000000000000010000100000000000000011111000000000000000000000000000
0000000000000000000000000000000000000000000000111111110000000000111000100111000000000000001000000000000000000010000000000000000000100000000000000000001100000000000000000001000000000000000000010000000000000000000100000000000000000001100000000000000110001000000000000001000010000000000000110000110000000000001000000100000000000001000011000000000000011000100000000000000011110000000000000000000000000000
0000000000000000000000000000000000000000000011111111111100000001100000100000000000000000001000000000000000000010000000000000000000100000000000000000001100000000000000000001000000000000000000010000000000000000000100000000000000000001000000000000000000001000000000000011000010000000000001000000100000000000010000001000000000000110000010000000000000110000100000000000000110110000000000000000111000000000
0000000000000000000000000000000000000000000111111111111100000000000000101001000000000000001000000000000000000010000000000000000000100000000000000000001000000000000000000010000000000000000000100000000000000000001100000000000001100001000000000000110000010000000000001000000100000000000010000001000000000000110000001000000000000100000010000000000000110001100000000000000111110000000000000000000000000000
0000000000000000000000000000000000000000000000000000000000000000001111111110000000001110001000100000000000000010000000000000000000100000000000000000001000000000000000000010000000000000000000100000000000000000001000000000000000000010000000000000100000010000000000011000000100000000000100000001000000000000100000010000000000001100000100000000000001100011000000000000001111100000000000000000000000000000
0000000000000000000000000000000000000000000000111111111100000000111000100000000000000000001000000000000000000010000000000000000000100000000000000000001000000000000000000010000000000000000000100000000000000000001000000000000000000011000000000000001000010000000000000010000100000000000001100001000000000000010000010000000000000110000100000000000000110011000000000000000111100000000000000000000000000000
0000000000000000000000000000000000000000000000111011111110000000011001010000000000000000000100000000000000000001000000000000000000010000000000000000000100000000000000000001000000000000000000010000000000000000000100000000000000000001000000000000001100001000000000000011000010000000000001000000100000000000010000001000000000000100000110000000000000110001000000000000000111110000000000000000000000000000
0000000000000000000000000000000000000000000000111111111110000000111000100000000000000000001000000000000000000010000000000000000000100000000000000000001000000000000000000010000000000000000000110000000000000000000100000000000000000001000000000000000000010000000000000011000010000000000000100000100000000000001000001000000000000011000100000000000000011011000000000000000011100000000000000000000000000000
0000000000000000000000000000000000000000000000000000000000000000000000001111100000001111111100001100000000000010000000000000000000100000000000000000001000000000000000000010000000000000000000100000000000000000000100000000000000000001000000000000000000010000000000000110000100000000000001000001100000000000010000011000000000000100000100000000000001100011000000000000001111000000000000000000000000000000
0000000000000000000000000000000000000000000000000000000000000000000000000000000000000011111111111000000000000001000010000000000000010000000000000000000100000000000000000001000000000000000000010000000000000000000100000000000000000001000000000000010000001000000000000100000010000000000001000000100000000000010000001000000000000110000110000000000000011111000000000000000000000000000000000000000000000000
0000000000000000000000000000111111100000000000111001000000000000000000010000000000000000000100000000000000000001000000000000000000110000000000000000001000000000000000000010000000000000000000100000000000000000001000000000000000000100000000000000000001000000000000000000110000000000000000001000000000000001000110000000000000011111000000000000000001000000000000000000000000000000000000000000000000000000
0000000000000000000000000000000000000000000000000000000000000000000000000000000000000000000000000000000000000000000000000000000000000000000000000000000000000000000000000000000000000000000000000000000000000000000000000000000000000000000000000000000000000000000000000000000000000000000000000000000000000000000000000000000000000000000000000000000000000000000000000000000000000000000000000000000000000000
0000000000000000000000000000000000000000000000011111111100000000000000000000000000000000000100000000000000000001000000000000000000010000000000000000000010000000000000000000100000000000000000001000000000000000000110000000000000000001000000000000000000010000000000000000000100000000000000000001000000000000000000110000000000001000011000000000000010001100000000000000111110000000000000000000000000000000
0000000000000000000000000001100000110000000000001111110000000000000000010000000000000000000100000000000000000000100000000000000000001000000000000000000010000000000000000000100000000000000000001000000000000000000110000000000000000001000000000000000000010000000000000000000100000000000000000011000000000000100000100000000000001111110000000000000000100000000000000000000000000000000000000000000000000000
0000000000000000000000000000000000111110000000111111110000000000000000000010000000000000000000100000000000000000001000000000000000000010000000000000000000100000000000000000001000000000000000000010000000000000000001000000000010000000010000000000110000000100000000000110000010000000000000110001100000000000000111110000000000000000000000000000000000000000000000000000000000000000000000000000000000000000
0000000000000000000000000000000000000000000000000000000000000000001111111111000000000000000100000000000000000001000000000000000000010000000000000000000100000000000000000001000000000000000000010000000000000000000100000000000000000001000000000000000000010000000000000000000100000000000000000011000000000000000000100000000000001000011000000000000011111100000000000000000000000000000000000000000000000000
0000000000000000000000000000000000000000000000000000000000000000000000000000100000000001111111111000000000000000000000000000000000000000000000000000000100000000000000000001000000000000000000010000000000000000000100000000000000000001000000000000000000010000000000000000000100000000000000000001000000000000100000110000000000010000001000000000000100001100000000000001111110000000000000000000000000000000
0000000000000000000000000000000000000000000000111111111110000000000000000000000000000000000000000000000000000000100000000000000000001000000000000000000010000000000000000000100000000000000000001000000000000000000010000000000000000000100000000000000000010000000000000000000100000000000000000001000000000000000000100000000000011000001000000000000100000100000000000001100110000000000000001111000000000000
0000000000000000000000000111111111111111000000000001000000000000000000011000000000000000000010000000000000000000100000000000000000001000000000000000000010000000000000000000100000000000000000001000000000000000000010000000000000000000100000000000000000001000000000000100000010000000000011000000100000000000001110111000000000000000111000000000000000000000000000000000000000000000000000000000000000000000
0000000000000000000000000001111111111100000011100000100000000000000000001000000000000000000010000000000000000001100000000000000000010000000000000000000100000000000000000001000000000000000000010000000000000000000100000000000000000001000000000000000000010000000000000000001100000000000010000010000000000000110011000000000000000111100000000000000000000000000000000000000000000000000000000000000000000000
0000000000000000000000000000001000000000000000000010000000000000000000110000000000000000000100000000000000000001000000000000000000010000000000000000000100000000000000000001000000000000000000010000000000000000000100000000000000000001000000000000100000010000000000001000000100000000000010000001000000000000100000010000000000001100001100000000000001110010000000000000000111000000000000000000000000000000
0000000000000000000000000000000000000000000000000001000000000000000000010000000000000000000100000000000000000001000000000000000000010000000000000000000100000000000000000001000000000000000000010000000000000000000100000000000001100001000000000000010000010000000000000100000100000000000001000001000000000000010000010000000000000110000100000000000000100011000000000000000110100000000000000000111000000000
0000000000000000000000000000000010000000000000000000100000000000000000001000000000000000000010000000000000000000100000000000000000001000000000000000000010000000000000000000100000000000011000010000000000000100000100000000000001000001000000000000010000010000000000000100000100000000000001000001000000000000010000010000000000000100000100000000000001000001000000000000011111110000000000000000000000000000
0000000000001000000000000000000011000000000000000000010000000000000000001000000000000000000010000000000000000000100000000000000000001000000000000000000010000000000001000000100000000000010000001000000000000100000010000000000001000000100000000000010000001000000000000100000010000000000001000000100000000000010000001000000000000100000010000000000001000000100000000000011111111000000000000000000000000000
0000000000001000000000000000000010000000000000000000100000000000000000001000000000000000000010000000000000000000100000000000000000001000000000000000000010000000000000000000100000000000010000001000000000000100000010000000000001000000100000000000010000001000000000000100000010000000000001000000100000000000010000001000000000000100000010000000000001000000100000000000010011111000000000000111100000000000
0000000000000000000000000000001000000000000000000010000000000000000000010000000000000000000100000000000000000001000000000000000000010000000000000000000100000000000000000000100000000000000000001000000000000000000010000000000010000000100000000000100000001000000000001000000010000000000010000000100000000000110000001000000000000110000110000000000000110001000000000000000111110000000000000000000000000000
0000000000001000000000000000000010000000000000000000100000000000000000001000000000000000000010000000000000000000100000000000001100001000000000000010000010000000000000100000100000000000001000001000000000000010000010000000000000100000100000000000001000001000000000000010000010000000000000100000100000000000001000001000000000000011000010000000000000010000100000000000000011011000000000000000011100000000
0000000000000000000000000000000010000000000000000000100000000000000000001000000000000000000010000000000000000000100000000000000000001000000000000010000010000000000000100000100000000000001000001000000000000010000010000000000000100000100000000000001000001000000000000010000010000000000000100000100000000000001000001000000000000011000010000000000000010001100000000000000110010000000000000000111000000000
0000000000000000000000000000000001000000000000000000010000000000000000000100000000000000000001000000000000000000010000000000000000000100000000000000000001000000000000000000010000000000000000000100000000000000000001000000000000000000010000000000000000000100000000000001000001000000000000010000010000000000000100000100000000000001000001000000000000001000110000000000000011111000000000000000000000000000
0000000000000000000000000000000000000000000000000000000000000000000000001100000000000000000001000000000000000000010000000000000000000100000000000000000001000000000000000000010000000000000000000100000000000000000001000000000000000000010000000000010000000100000000000100000001000000000001000000110000000000010000001000000000000110000010000000000000110000100000000000000111110000000000000000000000000000
0000000000000000100000000000011111111000000001111000000000000000000000000000000000000000000011000000000000000000010000000000000000000100000000000000000001000000000000000000010000000000000000000100000000000000000001000000000000000000010000000000000110001000000000000011000010000000000000100000100000000000001000011000000000000010000100000000000000110011000000000000000111100000000000000000000000000000
0000000000000000000000000000000000000000000000111111111111110000000000000000000000000000000000100000000000000000001000000000000000000010000000000000000000100000000000000000001000000000000000000010000000000000000000100000000000001100001000000000000110000010000000000001000000100000000000010000001000000000000100000100000000000001100011000000000000001111100000000000000000000000000000000000000000000000
0000000000000000000000000000000000000000000000000000000000000000000001111111111100000000000000000000000000000000000000000000000000000001000000000000000000010000000000000000001000000000000000000010000000000000000000100000000000000000001000000000000111110010000000000011000000100000000000100000001000000000010000000010000000000100000001000000000001100000010000000000001100000100000000000000111110000000
0000000000000000000000000000000000000000000000000000000000110000000111111111110000000000000000000000000000000000010000000000000000000100000000000000000001000000000000000000010000000000000000000100000000000001110001000000000000110000010000000000011000000100000000000100000010000000000001000000100000000000010000011000000000000110000100000000000000011110000000000000000000000000000000000000000000000000
0000000000000000000000000000000000000010000000001111111111100000111100000000000000000000000000000000000000000001000000000000000000010000000000000000000100000000000000000001000000000000000000010000000000000000000100000000000011110001000000000000100000010000000000001000000100000000000010000001000000000000010000010000000000000011001000000000000000011110000000000000000000000000000000000000000000000000
0000000000000000000000000000000000000000000000000000000001100000000001111111110000000011100000000000000000000000000000000000000000000100000000000000000001000000000000000000010000000000000000000100000000000000110001000000000000011000010000000000001100000100000000000010000001000000000000100000110000000000000100001000000000000001100010000000000000001111100000000000000000000000000000000000000000000000
0000000000000000000000000000000000000000000000000000000011000000001111111111000000000000000000000000000000000000010000000000000000000100000000000000000001100000000000000000001000000000000000000010000000000001100000100000000000110100001000000000001000000100000000000010000001000000000000100000010000000000001100000100000000000001100010000000000000000111000000000000000000000000000000000000000000000000
0000000000000000000000000000000001111100000001111111100000000000000000001000000000000000000010000000000000000000100000000000000000001100000000000000000010000000000001111100100000000000010000001000000000001100000010000000000010000000100000000000100000011000000000001000000100000000000001000011000000000000010000100000000000000011110000000000000000000000000000000000000000000000000000000000000000000000
0000000000000000000000000000000000000000000000000000000000000000001111111111111000000000000000000000000000000000000000000000000000000000000000000000000001000000000000000000010000000000000111100100000000000010000001000000000001100000100000000000010000001000000000000100000110000000000000100001000000000000001000100000000000000011110000000000000000000000000000000000000000000000000000000000000000000000
0000000000000000000000000000000000000000000000000000000000000000000000000011111100000011111111100000000000000000000000000000000000001000000000000000000010000000000000001100100000000000000110001000000000000010000010000000000001000000100000000000010000001000000000000100000010000000000001000000100000000000011000011000000000000011001100000000000000001110000000000000000000000000000000000000000000000000
0000000000000000000000000111111111111000000111000010000000000000000000100000000000000000001000000000000000000010000000000000000000100000000000000000001000000000000000000010000000000000000000100000000000000000001000000000000000000010000000000000000000100000000000000000010000000000001000000100000000000001000010000000000000011011000000000000000011100000000000000000000000000000000000000000000000000000
0000000000000000000000011111111111111100000000000001000000000000000000010000000000000000000100000000000000000001000000000000000000010000000000000000000100000000000000000001000000000000000000010000000000000000000100000000000000000001000000000000000000010000000000000000001000000000000000000010000000000000000001100000000000011000010000000000000011001100000000000000001110000000000000000000000000000000
0000000000000000000000011111111111100000000000000000101111100000000000001000000000000000000010000000000000000000100000000000000000001000000000000000000010000000000000000001100000000000000000010000000000000000000100000000000000000001000000000000000000100000000000010000011000000000000110001100000000000000011110000000000000000000000000000000000000000000000000000000000000000000000000000000000000000000
0000000000000000000000000000000000000000000011111111111111110000000000010000000000000000000100000000000000000001000000000000000000010000000000000000000010000000000000000000100000000000000000001000000000000000000110000000000000000001000000000010000000010000000000110000001000000000000100000110000000000001110011000000000000000111100000000000000000000000000000000000000000000000000000000000000000000000
0000000000000000000000011100000000000000000001111111111111000000000000011000000000000000000010000000000000000000100000000000000000001000000000000000000010000000000000000000100000000000000000001000000000000000000100000000000000000001000000000000000000010000000000000100000100000000000001100011000000000000001111100000000000000000000000000000000000000000000000000000000000000000000000000000000000000000
0000000000000000000000000000000000000000000011111111111110000011100000001000010000000000000010000000000000000000100000000000000000001000000000000000000010000000000000000000100000000000000000011000000000000000000100000000000000000001000000000000000000010000000000000000000100000000100000000011000000001100000001100000000001100001110000000000000111110000000000000000000000000000000000000000000000000000
0000000000000000000000000000001111111000011111111101000001100000000000011000000000000000000010000000000000000000100000000000000000001000000000000000000010000000000000000000100000000000000000001000000000000000000010000000000000000000100000000000000000001000000000000000000110000000000010000011000000000000111011100000000000000011100000000000000000000000000000000000000000000000000000000000000000000000
0000000000000000000000000000000000000000000000000000111110000111111111111000111100000000000010000000000000000000100000000000000000001000000000000000000001000000000000000000010000000000000000000100000000000000000001000000000000000000100000000000000000001000000000000000000010000000000000000001100000000000000000010000000000000000001000000000000100001110000000000000111110000000000000000000000000000000
0000000000000000000000000000000000000000000000000000000000000000111111111111111100000000000010000000000000000000100000000000000000001000000000000000000010000000000000000000100000000000000000010000000000000000000100000000000000000001000000000000000000010000000000000000000100000000000000000011000000000000010000100000000000000110011000000000000000111100000000000000000000000000000000000000000000000000
0000000000000000000000000000000000000000011111111111111111000000000001000000010000000000010000000000000000000110000000000000000000100000000000000000001000000000000000000010000000000000000000100000000000000000001000000000000000000010000000000000000000100000000000000000001000000000000000000010000000000000000000100000000000000000011000000000000000000100000000000011000010000000000000011111000000000000
0000000000000000000000000000000000000000000000000000000000000000000011111110000000000111110000000000000000000010000000000000000000100000000000000000001000000000000000000010000000000000000000100000000000000000001000000000000000000010000000000000000000100000000000000000001000000000000000000110000000000000000001000000000000100000100000000000001111110000000000000000000000000000000000000000000000000000
0000000000000000000000000000000000000000000000000000000000000000000000000000000000000000000000000000000000000000000000000000000000000000000000000000000000000000000000000000000000000000000000000000000000000000000000000000000000000000000000000000000000000000000000000000000000000000000000000000000000000000000000000000000000000000000000000000000000000000000000000000000000000000000000000000000000000000
0000000000000000000000000000000000000000000000000000000000000000000000000111100000000111111111000000000000000001000000000000000000010000000000000000000100000000000000000001000000000000000000010000000000000000000100000000000000000001000000000000000000010000000000000000000100000000011000000001000000000011100000100000000000001111110000000000000000000000000000000000000000000000000000000000000000000000
0000000000000000000000000000000000000000000000000000000000000000011111111111000000000000000100000000000000000001000000000000000000001000000000000000000010000000000000000000100000000000000000001100000000000000000001000000000000000000010000000000000000000100000000100000000001000000001100000000010000000001100000011000000000000111111000000000000000000000000000000000000000000000000000000000000000000000
0000000000000000000000000000000000000000000000000000000000000000000000000000000000000111111111110000000000000001000000000000000000011000000000000000000010000000000000000000100000000000000000001000000000000000000001000000000000000000010000000000000000000100000000000000000001000000000100000000010000000001100000001000000000001110001110000000000000111100000000000000000000000000000000000000000000000000
0000000000000000000000000000000000000000000000000000000000000000000000000000000000001111111111110000000000000001000000000000000000010000000000000000000100000000000000000001100000000000000000001000000000000000000010000000000000000000100000000000000000001000000000000000000001000000000100000000110000000001100000011000000000001100111100000000000000111000000000000000000000000000000000000000000000000000
0000000000000000000000000000000000000000000000000000000000000000001000000010000000011101111111100000000000000011000000000000000000010000000000000000000110000000000000000000100000000000000000001000000000000000000010000000000000000000100000000000000000001000000000010000000010000000000100000001100000000000100000110000000000000110011000000000000000111100000000000000000000000000000000000000000000000000
0000000000000000000000000000000000000000000000000000000000000000000000000000000000000111111111110000000000000011000000000000000000010000000000000000000100000000000000000001000000000000000000110000000000000000001000000000000000000010000000000000000000100000000000010000001000000000000110000110000000000000111111000000000000000000000000000000000000000000000000000000000000000000000000000000000000000000
0000000000000000000000000000000000000000000000000000000000000000000000000000000000001111111111110000001100000001000000000000000000010000000000000000000100000000000000000001000000000000000000010000000000000000000100000000000000000001000000000000000000010000000000100000001100000000001100000010000000000001100001100000000000000111110000000000000000000000000000000000000000000000000000000000000000000000
0000000000000000000000011110000000000000000000011111110000000000000000010011111000000000000110000000000000000000100000000000000000001000000000000000000010000000000000000000100000000000000000001000000000000000000010000000000000000000100000001000000000001000000011000000000100000000010000000001000000000011000000100000000000011000110000000000000001111000000000000000000000000000000000000000000000000000