0000000000000000000000000000000000000000000000000000000100000000000000000001000000110000000000010000011110000000000100000100110000000001000001000100000000010000010001000000000000000100001000000010000001000011000000100000010000010000001000000100000010000010000001000000010000000000010000000110001000000100000000110010000001000000000100100000010000000000110000000000000000001100000000000000000000000000
0000000000000000000000000000000000000000000000000000000100000000111000000001000000001011000000010000000010010000000010000000100010000000100000001000010000001000000010000010000010000001000000110000100000010000000100001000000100000000100010000001000000001100100000010000000001001000000100000000001010000001000000000001010000010000000000011100000000000000000011000000000000000000000000000000000000000000
0000000000000000000000000000000000000000000000000000000000000000000000000001000000000110000000010000000011100000000100000000100100000001000000001001100000010000000010001000000100000000100001000001000000001000011000011000000010000010000010000000100000010000100000001000000110001000000010000000110010000000100000000110100000000000000000111000000000000000000100000000000000000000000000000000000000000000
0000000000000000000000000000000000010000110000000000001100001110000000000011000010100000000000010000101100000000000100001011000000000001100010001000000000001000100011000000000010001000011000000000100010000011000000001000100000001100000010001000000001110000010010000000000110000100100000000000011001001000000000000011010010000000000000011100100000000000000011100000000000000000011000000000000000000000
0000000000000000000000011000000000011000000101000000000100000010001000000001000000100001000000001000001000011000000010000010000001000000100000100000011000001000000100000010000010000001000000010000100000010000000010001000000100000000110010000001000000000100100000010000000001101000000100000000001110000001000000000001100000000000000000011000000000000000000000000000000000000000000000000000000000000000
0000000000000000000000000000000000000000000000000000000010000000110000000000100000011110000000001000000100100000000010000001000100000000100000010000100000000100000100001000000001000001000001000000010000010000011000000100000100000010000001000001000000010000010000010000000100000100000100000000100001000001000000001100010000010000000001100100000100000000001001000000000000000001110000000000000000000000
0000000000000000000000001000000000000000000111000000000010000001011000000000100000010011000000001000000100010000000010000001000010000000100000010000110000001000000100000100000010000001000000100000100000010000001000000100000100000001000001000001000000001000100000010000000011001000000100000000010010000001000000000010100000010000000000010000000000000000000000000000000000000000000000000000000000000000
0000000000000000000000110000000000000000001010000000000000000010010000000001000000100010000000010000001000010000000110000010000100000000100000100000100000001000010000001100000010000100000001000000100001000000001000001000010000000010000010000100000000010000100001000000000110001000010000000000100010000100000000001100100000000000000001101000000000000000001100000000000000000000000000000000000000000000
0000000000000000000000000000000000000000000000000000000000000001100000000000100000010100000000001000001001100000000010000010001000000000100000100001000000001000001000011000000010000010000010000000100000100000010000000000001000000110000010000010000000100000100000100000000100001000001000000000100010000010000000001100100000100000000001001000000000000000001010000000000000000001100000000000000000000000
0000000000000000000000000000000000001000000001000000000100000000101000000001000000001010000000010000000010010000000100000000100100000001000000001001100000010000000010001000000000000001000001000000100000010000010000001000000000000100000010000001000000100000100000010000001000001000000100000001000010000001000000010000100000010000000010001000000000000000100010000000000000000101000000000000000000110000
0000000000000000000000000000000000000000000001000000100000000000011000001000000000000110000010000000000011110000100000000000100100001000000000001001000010000000000010001000100000000000100010010000000000001000010100000000000010000101000000000000100001110000000000001000001100000000000010000011000000000000100000010000000000001000000110000000000010000001100000000000000000000000000000000000000000000000
0000000000000000000000001000000000000000000011000000001000000000110000000010000000001010000000100000000010110000011000000000100100000100000000001000100001000000000010000100010000000000100001100100000000001000001001000000000010000011010000000000100000010100000000001000000011000000000010000000111000000000100000000110000000001000000000100000000000000000000000000000000000000000000000000000000000000000
0000000000000000000000000000000000000000000010000000001000000000110000000010000000001110000001100000000001110000010000000000010100000100000000000100100001000000000001000100010000000000010001100100000000000100001001000000000001000011010000000000010000010100000000000100000111000000000001000000110000000000010000001110000000000100000001100000000000000000001000000000000000000000000000000000000000000000
0000000000000000000000000100000000000000000001000000001000000000111000000010000000001011000000100000000010011000001000000000100010000010000000001000110000100000000010000110001000000000100000100010000000001000000100110000000010000001100100000000100000001101000000001000000001010000000010000000001100000000100000000011000000001000000000011000000010000000000000000000000000000000000000000000000000000000
0000000000000000000000000100000000000000000001000000001000000000011000000010000000000110000000100000000001110000001000000000010010000010000000000100110000100000000001000110001000000000010000110010000000000100000100100000000001000000101000000000010000001110000000000100000001110000000001000000001100000000010000000011000000001100000000011000000010000000000000000000000000000000000000000000000000000000
0000000000000000000000000000000001000000000110000000010000000001100000000100000000001100000001000000000011000000010000000000101000000100000000001011000001000000000010010000010000000000100010000100000000001000110001000000000010000100010000000000100001100100000000001000001101000000000010000001010000000000100000011100000000001000000011100000000010000000011000000000000000000000000000000000000000000000
0000000000000000000000000000000000000000000011000000000000000000110000000100000000001110000001000000000010110000010000000000100100000010000000001000100000100000000010000100001000000000100001000010000000001000001000100000000010000011001000000000100000010010000000001000000010100000000010000000111000000000100000000111000000001000000000110000000010000000000100000000000000000000000000000000000000000000
0000000000000000000000000000000000000000000110000000001000000001100000000010000000010100000000100000000101100000001000000001001100000010000000010001100000100000000100001000001000000001000001000010000000010000011000100000000100000011001000000001000000011010000000010000000011100000000100000000011000000001000000000110000000010000000000110000000100000000000100000000000000000000000000000000000000000000
0000000000000000000000001100000000000000000011000000010000000000111000000100000000000110000001000000000001110000010000000000010100000100000000000100100001000000000001001100010000000000010001000100000000000100001001000000000001000010010000000000100000010110000000001000000110100000000010000000101000000000100000001110000000001000000001100000000010000000001000000000000000000000000000000000000000000000
0000000000000000000000000000000000000000000011000000000000000000110000000100000000001110000001000000000010100000010000000000100100000100000000001001100001000000000010001100010000000000100001100100000000001000001001000000000010000011010000000000100000011010000000001000000010100000000010000000011000000000100000000110000000001000000000100000000010000000000100000000000000000000000000000000000000000000
0000000000000000000000110000000010000000001100000000100000000011100000011000000000101100000100000000001001000001000000000010011000010000000000100011000100000000001000010001000000000010000110010000000000100000100110000000001000000100100000000010000001001000000000100000001010000000001000000011100000000010000000011000000000100000000110000000001000000000000000000000000000000000000000000000000000000000
0011000000000000000000111000000000001000001011000000000010000010011000000000100000100010000000001000001000010000000010000010000110000000100000100000010000001000001000000010000010000010000000110000100000100000000100001000001000000000100010000010000000000101100000100000000001111000001000000000001110000010000000000001100000100000000000011000001000000000000010000000000000000000000000000000000000000000
0001000000000000100000011000000000001000000111000000000010000001010000000000100000010010000000001000001100010000000010000010000110000000100000100000110000001000001000000100000010000010000000100000100000100000000100001000001000000001100010000010000000001100100000100000000001101000001000000000001010000010000000000011100000100000000000011100001000000000000011000010000000000000000000000000000000000000
0000000000000000000000010000000000001000000110000000000010000001110000000000100000010100000000001000000100100000000010000001001100000001000000100001100000010000001000001100000100000010000001000001000000100000001000010000001000000001000100000010000000011001000000100000000010010000001000000000010110000010000000000110100000100000000000111000001000000000000110000010000000000000100000000000000000000000
0110000000000001000000110000000000010000001100000000000100000010100000000001000000101100000000010000001001100000000100000010001000000001000000100001000000010000001000001000000100000010000011000001000000100000011000010000001000000011000100000010000000010001000000100000000010010000001000000000010100000010000000000111000001100000000000110000010000000000000100000100000000000000000000000000000000000000
0010000000000000100000110000000000001000001110000000000010000010110000000000100000100110000000001000001000100000000010000010000100000000100000100000100000001000001000000100000010000010000000100000100000100000000100001000001000000000100010000010000000001100100000100000000001101000001000000000001110000010000000000001100000100000000000001000001000000000000000000000000000000000000000000000000000000000
0010000000000001000000110000000000010000001110000000000100000010110000000001000000100100000000010000001001100000001100000010001100000010000000100001000000100000001000001000000100000010000001000001000000100000011000010000001000000010000100000010000000010001000000100000000010010000001000000000110100000110000000000101000001000000000000110000010000000000001100000100000000000000000000000000000000000000
0010000000000000100000110000000000001000001110000000000010000110110000000000100001000110000000001000010000100000000010000100000100000000100001000000100000001000010000000100000010000100000000100000100001000000000100001000010000000001100010000100000000001000100001000000000001001000010000000000001010000100000000000011100001000000000000011000010000000000000010000100000000000000000000000000000000000000
0011000000000001000000110000000000010000001110000000000100000010100000000001000000100100000000010000001000100000000100000010001100000001000000100001000000010000001000001000000100000010000001000001000000100000001000010000001000000011000100000010000000011001100000100000000010001000001000000000010010000010000000000110100000100000000000111000001000000000000111000010000000000000110000000000000000000000
0011000000000000100000111000000000001000001011000000000010000010010000000000100000100010000000001000001000010000000010000010000110000001100000100000100000010000001000000100000100000010000001100001000000100000001100010000001000000001000100000010000000001000100000100000000001001000001000000000011010000010000000000011100000100000000000011000001000000000000011000010000000000000110000000000000000000000
0000000000000000000000000000000000000000000001000000000100000000111000000001000000001111000000010000000010010000000100000000100010000001000000001000110000010000000011000100000100000000110001100001000000001100001000010000000011000011000100000000110000010001000000001100000010010000000001000000110100000000010000000101000000000100000001110000000001000000001100000000000000000000000000000000000000000000
0000000000000000000000000000000000000000000000000000000000000000011000000100000000000110000001000000000011110000010000000000110100000100000000001100100001000000000011001000010000000000010001000100000000000100010001000000000001000110001000000000010000100010000000000100000100100000000001000001001000000000010000011010000000000100000011100000000001000000010000000000010000000000000000000100000000000000
0000000000000000000000000000000000000000000000000000100000000000001100001000000000000011000010000000000000111000100000000000001010001000000000000010110010000000000000100100100000000000001001101000000000000010001011000000000000100001010000000000001000011100000000000010000011000000000000100000110000000000000000000000000000000000000000000000000000000000000000000000000000000000000000000000000000000000
0000000000000000000000000000000000011000000000100000000010000000001100000000100000000110100000001000000001101000000010000000011001000000100000000100001000001000000001000010000010000000010000010000100000000100000010001000000001000000100010000000010000000100100000000100000001101000000001000000001010000000010000000011010000000100000000011100000001000000000011000000010000000000000000000000000000000000
0000000000000000000000000000000000010000000000000000000100000000010000000001000000001110000000010000000011110000000100000000110110000001000000001100110000010000000011000100000100000000110001100001000000001100001000010000000011000001000100000000010000001001000000000100000010010000000001000000010100000000010000000111000000000100000000110000000000000000000100000000000000000000000000000000000000000000
0000000000000000000000000000000000100000000000000000001000000000001100000010000000000111000000100000000001101000001000000000011010000001000000000110010000010000000001100110000100000000011000100001000000000110001100010000000001100001000100000000001000001001000000000010000011010000000000100000011100000000001000000011000000000010000000010000000000000000000000000000000000000000000000000000000000000000
0000000000000000000000000000000000000000000011100000000100000000111100000001000000001101100000010000000011001000000100000000110011000001000000000100010000010000000001000010000100000000010000100001000000000100000100010000000001000000100100000000010000001001000000000100000001010000000001000000010100000000010000000011000000000100000000110000000001000000000100000000000000000000000000000000000000000000
0000000000000000000000000000000000000000000000100000000000000000001100000001000000000011100000010000000000111100000100000000000101000001000000000001010000010000000000010010000100000000000100010001000000000011000100010000000000110000100100000000001100001001000000000011000001010000000000010000010100000000000100000011100000000001000000101000000000010000000110000000000100000000000000000000000000000000
0000000000000000000000000000000000010000000000110000000100000000011110000001000000000011100000010000000000111100000100000000001101000001000000000011011000010000000000110010000100000000001100010001000000000011000100010000000000110000100100000000001000001001000000000010000001010000000000100000010100000000001000000011000000000010000000110000000000000000000100000000000000000000000000000000000000000000
0000000010000000000000000000100000011000000000001000000010000000000110000000100000000001010000001000000000010100000010000000000101000000100000000001010000001000000000010100000010000000000101000000100000000001010000001000000000000010000010000000000100100001000000000001001000010000000000110010001000000000001000110010000000000000000101100000000000000001110000000000000000000000000000000000000000000000
0000000000000000000000000000000000000000000000100000000100000000001100000001000000000011000000010000000000101000000110000000001011000000100000000010010000001000000000100110000010000000001000100000100000000001001100001000000000010001100010000000000100001000100000000011000011001000000000100000010010000000001000000010100000000010000000111000000000100000000110000000000000000000000000000000000000000000
0000000000000000000000001100000000000000000011100000001000000000101000000010000000001011000000100000000010010000001000000000100110000110000000001000100001000000000010001100010000000000100001000100000000001000011001100000000010000010010000000000100000110100000000011000000101000000000100000000110000000001000000001100000000010000000001000000000100000000000000000000000000000000000000000000000000000000
0000000000000000000000000100000000000000000001100000001000000000011100000010000000001101000000100000000010010000001000000000100110000010000000001000100000100000000010000100001000000000100001000010000000001000001000100000000010000010001000000000100000010010000000001000000110100000000010000000101000000000100000000110000000001000000001100000000100000000001000000001000000000000000000000000000000000000
0000000000000000000000000000000000000000000001000000000000000000011000000000100000000111000000001000000001010000000010000000010110000000100000000100100000001000000001001100000010000000010001100000100000000100001000001000000001000011000010000000010000010001000000000100000110010000000001000000100100000000010000000101000000000100000001111000000010000000001110000000100000000001100000000000000000000000
0000000000000000000000000000000000000000000000000000000100000000011000000001000000000110000000010000000001110000000100000000110100000001000000001001100000010000000010001000000100000000100001000001000000001000011000010000000010000010000100000000100000110001000000001000000110010000000010000000100100000000100000001101000000001000000001110000000010000000001100000000100000000000000000000000000000000000
0000000000000000000000000000000000000000000110000000001000000001110000000010000000010100000000100000000101100000001000000001001100000010000000010001000000100000000100011000001000000001000011000010000000010000010000100000000100000110001000000001000000110010000000010000000100100000000100000000101000000001100000001110000000001000000001100000000110000000001000000000000000000000000000000000000000000000
0000000000000000000000000000000000000000000001100000000100000000011000000001000000000111000000010000000001010000000100000000100010000001000000001000110000010000000010000100000100000000100001100001000000001000001000010000000010000001000100000000100000011001000000001000000010010000000010000000110100000000100000000101000000001000000000110000000010000000001100000000100000000001100000000000000000000000
0000000000000000000000001000000000000000000011000000000100000000110000000001000000001010000000010000000010110000000100000000100100000001000000001001100000010000000010001000000100000000100001000001000000001000011000010000000010000010000100000000100000010001000000001000000110010000000010000000100100000000100000000101000000001000000001110000000010000000001100000000100000000001000000000000000000000000
0001000000000000000000011000000000010000000110000000000100000001110000000001000000010110000000010000000100100000000100000001000100000001000000010001100000010000000100001000000110000001000011000000100000010000011000011000000100000010000100000001000000010001000000010000000110010000000100000000110100000001000000000111000000010000000000110000000100000000001100000001000000000000000000000000000000000000
0000000000000000000000001100000000001000000011000000000010000000111000000001100000001010000000010000000010110000000100000000100100000001000000001000100000010000000010001100000100000000100001100001100000001000001000001000000010000001000010000000100000011000100000001000000011001000000010000000010010000000100000000010100000001000000000111000000010000000000110000000000000000000000000000000000000000000
0000000000000000000000000000000000000000000000000000000000000000000000000000000000000000000000000000000011000000000000000001101000001000000000010001000010000000000100011000100000000001000010001000000000010000110010000000000100000100100000000001000001001000000000100000011010000000001000000011100000000010000000110000000000100000000100000000000000000000000000000000000000000000000000000000000000000000
0000001100000001000000000011000000110000000001010000001000000000010010000010000000000100110000100000000011000100000000000000100001000010000000001000001000100000000010000010001000000000100000100010000000001000000100100000000110000001001000000001000000011110000000010000000011000000000100000000110000000001000000001100000000000000000001000000000000000000000000000000000000000000000000000000000000000000
0000000000000000000000000000000000010000000001100000000100000000011000000001000000000111000000010000000010010000000100000000100100000001000000001001000000010000000010001000001000000001000010000010000000010000100000100000000100000100001000000001000001000010000000110000001001100000001000000011010000000010000000010100000000100000000011000000001000000000000000000000000000000000000000000000000000000000
0000000000000000000000000000000000000000000000000000000000000000000000001000000000010000000011000000001110000000010000000010110000000100000000100100000001000000001000100000010000000010001100000100000000100001000011000000010000011000100000000100000011001000000001000000010010000000010000000110100000000100000000111000000001000000000000000000010000000000000000000100000000000000000000000000000000000000
0000000000000000000000000000000000000000000011000000000100000001101000000010000000010011000000010000001000010000000100000010000100000001000000100001100000010000001000001000000100000010000010000001000001100000010000010000010000000100001100000100000001100010000001000000001001100000010000000011010000000010000000011100000000100000000000000000001000000000000000000000000000000000000000000000000000000000
0000000000000000000000000000000000001000000011110000000010000001100100000000100000010001100000001000001100001000000010000010000010000000100000100000100000001000011000001100000010000100000001000000100001000000010000001000010000000110000010000100000000100001100001000000001000010000010000000001001000000100000000011100000001000000000000000000010000000000000000000000000000000000000000000000000000000000
0000000000000000000000000000000000001000000000000000000010000000111000000001100000001010000000010000000010110000000100000000100110000001000000010000110000010000000100000100000100000001000000100001000000010000001100010000000100000001000100000001000000001001000000010000000011010000000100000000010100000001000000000011000000010000000000110000001000000000000100000000000000000000000000000000000000000000
0000000000000011000000000000000000110000001100000000001000000011100000000010000000101000000000100000001011000000001000000010010000000010000000100010000000100000001000110000001000000010000100000010000000100001100000100000001000001000000100000010000001000001000000100000011000010000001000000010000100000010000000010010000000100000000010100000000000000000111000000000000000000110000000000000000000100000
0001100000000011000000011100000000010000000101000000000100000001001000000001000000010010000000010000000100010000000100000011000100000001000000100001100000010000001000001000000100000010000011000001000000100000010000010000001000000110000100000010000000100001000000100000001100010000001000000001000100000010000000001001000000100000000011010000001000000000011100000010000000000000000000000000000000000000
0000000110000000000000000001100000000000000000011000000000000000001001000000000000000110010000010000000001000110000100000000010000100001000000001000001000010000000010000001000100000001000000010001000000010000000110010000001000000000100100000010000000001101000001100000000001010000010000000000011100000100000000000011000010000000000000110000110000000000000110000000000000000001100000000000000000000000
0000000000000000000000000000000001000000000000110000110000000000001110001000000000000010100010000000000000101000100000000000001010001000000000000010100010000000000000100101000000000000011001010000000000000100010100000000000001000101000000000000010000110000000000000100001100000000000001000011000000000000100000110000000000001000000100000000000010000001000000000000100000010000000000001000000000000000
0000000000000000000000000000000000000000000000000000000000000000010000000000000000000110000001000000000000100000010000000000001100000100000000000011100001000000000000101000010000000000001001000100000000000010011001000000000000100011010000000000001000010100000000000010000011000000000000100000110000000000001000000100000000000010000001000000000000100000010000000000000000000000000000000000000000000000
0000010000001000000000000100000010000000000001000000100000000000011000001000000000000110000110000000000001010001000000000000010100011000000000000101100010000000000001001000100000000000010011001000000000000100010010000000000001000110100000000000010000101000000000001100001010000000000010000011100000000000100000011000000000001000000110000000000010000001100000000000100000000000000000001000000000000000
0000001000001000000000000010000010000000000000100000100000000000001100001000000000000011000010000000000000111000100000000000001010001000000000000010100010000000000000101100100000000000001001001000000000000010010010000000000000100101000000000000001001110000000000000010001100000000000000100011000000000000001000110000000000000010001100000000000000100011000000000000010000010000000000000100000100000000
0000001000000100000000000010000001000000000000110000010000000000001100000100000000000011000001000000000000101000010000000000001010000100000000000010010001000000000000100100010000000000001001100100000000000010001001000000000000100011010000000000001000010100000000000100000101000000000001000001110000000000010000001100000000000100000011000000000001000000110000000000010000001100000000000100000000000000
0000000000000000000000000010000001000000000000100000010000000000001000000100000000000011000001000000000000110000010000000000001100000100000000000010100001000000000000101000010000000000001001000100000000000010010001000000000000100100010000000000001000101100000000000010001010000000000000100010100000000000001000101000000000000100001110000000000001000001100000000000010000010000000000000100000100000000
0000010000000000000000000100000001000000000001000000010000000000011000000100000000000110000001000000000001110000010000000000010100001000000000001001100010000000000010001000100000000000100001001000000000001000010010000000000010000010100000000000100000101000000000001000001010000000000010000001100000000000010000011000000000000100000110000000000001000001100000000000010000000000000000000000000000000000
0000000000000000000000000110000000000000000000100000000000000000001100000100000000000011000011000000000000111000100000000000001010001000000000000010110010000000000000100100100000000000001001101000000000000010001010000000000000100010100000000000001000011000000000000010000110000000000000100001100000000000001000001000000000000010000010000000000000100000100000000000001000000000000000000010000000000000
0000000000000000000000000100000000100000000001100000001000000000001100000010000000000011000000100000000000101000001000000000001010000010000000000010010000100000000000100100001000000000001000100100000000000010001001000000000000100001010000000000001000010100000000000010000111000000000000100000110000000000001000001100000000000010000011000000000000100000110000000000001000000100000000000010000000000000
0000000000000000000000000010000001000000000001110000100000000000010100001000000000000101000010000000000001010000100000000000010100001000000000000101100110000000000001001001000000000000010010010000000000000100100100000000000011001001000000000000100011010000000000001000010100000000000010000101000000000000100001010000000000001000011100000000000010000010000000000000000000100000000000000000000000000000
0000000000000000000000000000000000000000000000000000011000000000100000000100000000011100000001000000000101000000010000000001001000000100000000010011000001000000000100010000010000000010000010000100000000100000110001000000001000000100010000000010000001000100000000100000001001000000001000000011001000000010000000011010000000100000000011100000000000000000011000000000000000000000000000000000000000000000
0000000000000000000000000000000000000000000000000000000000000000000000000011000000000011000000100000000001010000001000000000010010000010000000000100110000100000000001000100001000000000010000100010000000000100001000100000000001000001001000000000010000010010000000000100000010100000000010000000100100000000100000000101000000001000000001110000000000000000001100000000000000000000000000000000000000000000
0000000000000000000000000000000000001100000000000000000010000000000000000000100000000011000000001000000000110000000010000000001100000001000000000010100000010000000000101000000100000000010001000001000000000100001000010000000001000010000100000000010000010001000000000100000110011000000001000000110010000000010000000110100000000000000000111000000000000000000110000000000000000000000000000000000000000000
0000000000000000000000000000000000000000000000000000000000000000001100000011000000000111000000100000000001011000001000000000010011000010000000000100010000100000000001000010001000000000010000100010000000000100000100100000000001000000101000000000110000001010000000001000000010100000000010000000011000000000100000000110000000000000000001100000000000000000001000000000000000000010000000000000000000000000
0000000000000000000000000000000000000000000000000000000000000000000100000000100000000011110000001000000000100100000010000000001001100000100000000010001000001000000000100001000010000000001000010000100000000010000010001100000001100000100001000000010000000100010000000100000001100100000001000000001001000000010000000011010000000000000000001100000000000000000001000000000000000000000000000000000000000000
0000000000000000000000000000000000000000000000110000000000000000001110000000100000000010100000001000000001001000000010000000010001000001100000000100010000010000000001000100000100000000010000100001000000000100000100010000000001000001000010000000010000001000100000000100000010001000000001000000010010000000010000000010100000000000000000011000000000000000000010000000000000000000000000000000000000000000
0000000000000000000000000000000000110000000000011000001000000000000110000010000000000011110000100000000000100100001000000000001000100010000000000010001000100000000000100010001000000000001000010010000000000010000100100000000000100000101000000000001000001010000000000010000001100000000000100000011000000000011000000110000000000000000000100000000000000000001000000000000000000010000000000000000000000000
0000000000000000010000000011000000000100000000111000000001000000011010000000010000000100100000001000000001000100000010000000010001000000100000001000011000001000000010000010000010000000100000010000100000001000000010001000000010000000100010000001000000000100100000010000000001001000000100000000011010000001000000000010100000010000000000111000000000000000000110000000000000000000000000000000000000000000
0000000000000000000000000000110000000100000000001100000001000000000010100000010000000000101100000100000000010001000001000000000100001000010000000001000001000100000000010000010001000000000100000010010000000001000000100100000000010000001001000000000100000001001000000001000000011010000000110000000011100000000100000000010000000000000000000000000000000000000000000000000000000000000000000000000000000000
0000000000000000000000000000000000000000000000000000000000000000000000000010000000001100000000100000000011100000010000000000101100000100000000001001000001000000000010001000010000000000100010000100000000001000010001000000000010000010010000000000100000100110000000001000000100100000000010000000101000000000100000001010000000001000000001100000000000000000011000000000000000000010000000000000000000000000
0000000000000000000000000000000000000000000000001000000000100000000011000000011000000001010000000100000000110100000001000000001000100000010000000010001000000100000001000010000010000000010000100000100000001000000100010000000010000001000100000000100000010001000000010000000100100000000100000000101000000010000000001110000000100000000011000000000000000000110000000000000000000000000000000000000000000000
0000000000000000010000000000000000000100000000011000000001000000001110000000010000000010100000000100000000100100000001000000001001000000010000000010010000000000000001000100000010000000010001000000000000000100010000001000000000000010000100000000100000100000000000001000001000100000000110000010001000000001000000100100000000000000001001000000000000000011100000000000000000010000000000000000000000000000
0000000000000000000000000000100000001000000000011000000010000000001111000000100000000010010000001000000000100100000010000000010001000000100000000100010000001000000011000100000010000000100001000001000000001000001000010000000100000010001000000001000000100000000000010000001000100000001000000010010000000010000000101000000001000000001010000000010000000011100000000000000000000000000000000000000000000000
0000000100000001100000000011000000010000000000110000000100000000001100000001000000000011100000010000000000101000000100000000010010000010000000000100100000100000000001001000000000000000100010000010000000001000100001000000000010001000010000000000100001001000000000010000010100000000000100000101000000000010000001110000000000100000001000000000001000000000000000000100000000000000000000000000000000000000
0000000000000000000000000000110000000000000000001100000000000000000011000000011000000000110000000100000000011100000011000000000101000000100000000010010000001000000000100010000100000000010000100001000000000100001000010000000010000010001000000000100000010010000000010000000101100000000100000001010000000011000000011000000000100000000110000000000000000000000000000000000000000000000000000000000000000000
0000000010000000010000000001100000000100000000011000000001000000000110000000010000000011010000001000000000100100000010000000001001000000100000000110011000011000000001000010000100000000110000100001000000001000001000100000000010000010001000000001100000100010000000010000001001100000001100000001010000000010000000010100000001100000000110000000010000000001100000001100000000000000000010000000000000000000
0000000000000000000000000000000000001000000000001000000010000000000110000000100000000001110000001000000000010100000110000000001001000001000000000010010000010000000000100100001000000000010001100010000000000100001000100000000001000010001000000000100000100100000000001000001001000000000100000010010000000001000000101000000000100000001110000000011000000001000000000100000000000000000000000000000000000000
0000000000000000000000000000000000000000000000000000000000000000000100000000100000000011100000001000000000101000000010000000001010000001000000000100100000010000000001000100001000000000110001000010000000001000010001000000000110000100010000000001000001000100000000110000011010000000001000000010100000000110000000111000000001000000001100000000010000000011000000001000000000000000000000000000000000000000
0000000000110000000000000000001100000100000000000111000001000000000001010000010000000000110100000100000000001001000011000000000110010000100000000001000100001000000000110001000110000000001000010001000000000110000100010000000001000001000100000000110000001010000000001000000010100000000110000000101000000001000000001010000000100000000011100000011000000000110000000100000000001100000000000000000000000000
0000000001000000000000000000110000000010000000001100000000100000000111000000001000000001010000000010000000010010000001100000001000100000010000000010001000000100000001100010000011000000010000100000100000000100001000011000000010000011000100000000100000010010000000011000000100100000000100000001011000000010000000010100000000100000000110000000011000000001100000000000000000000000000000000000000000000000
0000000000000000000000110000000000000100001110000000000001000010100000000000010000101100000000000100001001000000000001000010001000000000010000100011000000001000001000011000000010000010000011000000100000100000010000001000001000000010000010000010000000110001000000100000000110010000001000000000100100000010000000001101000000100000000001010000001000000000011000000000000000000000000000000000000000000000
0000000000000000000000000000000000000000000110000000000100000001100000000001000000010100000000010000000101100000000100000001001000000001000000010001000000010000000100001000000100000011000011000001000000110000011000010000001100000011000100000011000000010001000000110000000010010000001100000000100100000011000000000101000000110000000001010000001000000000001100000010000000000000000000000000000000000000
0000000000000000000000000000000000000000000010000000000000000000110000000000000000010110000000001000000100100000000010000001000100000000100000010001100000001000000100001000000010000001000001000000100000010000001000001000000100000001000010000001000000011000100000010000000011001000000100000000011010000001000000000011100000010000000000011000000100000000000110000001000000000000000000000000000000000000
0000000000000000000000111000000000000000011110000000000010000110010000000000100001100110000000001000011000100000000010000110000100000000100001100000100000001000011000001100000010000110000001100000100001100000000100001000011000000000110011000100000000000110010001000000000000110100011000000000000111000110000000000000011001100000000000000000011000000000000000000000000000000000000000000000000000000000
0000000000000000000000000000000000000000000000000000000000000011100000000000000001111100000000000010011000100000000000100110001110000000001001100000110000000010011000000110000000100110000000110000001001100000000110000010001000000000110000100010000000000010001000100000000000010010001000000000000010100010000000000000111000100000000000000110001000000000000000100000000000000000000000000000000000000000
0000000000000000000000010000000000000000001110000000000010000110100000000000100001101100000000001000011001100000000010000110001000000000100000100001000000001000001000001000000010000010000001000000100000100000001000001000001000000011000010000010000000011000110000100000000011000100001000000000011001000010000000000011010000100000000000011100001000000000000011000000000000000000000000000000000000000000
0000000000000000000000000000000000000000000000000000000000000000111000000000100000011010000000001000000110010000000010000001100010000000100000011000010000001000000010000110000010000000100000110000100000001000000010001000000010000000110010000000100000000100100000001000000000101000000010000000000110000000100000000001100000000000000000000000000000000000000000000000000000000000000000000000000000000000
0000000000000000000000000000000000000100000000000000000001000001100000000000010000011100000000000100000101100000000001000001001100000000110000110001100000001100001100001100000011000011000001100000110000110000001110001100001100000000110011000011000000000110010000110000000000110100001100000000000111100011000000000000111000110000000000000110000100000000000000000001000000000000000000000000000000000000
0000000000000000000000011000000000000000000110000000000000000001110000000000000000100110000000000000001000110000000010000010000100000000100000100000100000001000001000000100000010000010000001100000100000100000001100001000001000000001100010000010000000001100100000100000000001101000001000000000001010000010000000000001010000000000000000011100000000000000000000000000000000000000000000000000000000000000
0000000000000000000000000000000000000100000000000000000001000001100000000000010000111100000000000100001101100000000001000011001100000000010000010001100000000100000100000110000001000001000000100000010000010000000100000100000100000000100001000001000000000100010000010000000001100100000100000000001001000001000000000011010000011000000000011100000100000000000011100000000000000000011000000000000000000000