0000000000000000000000000000000000000000000001111111111000000000100000000011000000010000000000010000000100000000001100000001000000000010000000010000000011000000000100000011000000000001000111000000000000011111000000000000000100000000000000000001000000000000000000010000000000000000000010000000000000000000100000000000000000001000000000000000000010000000000000000000000000000000000000000000000000000000
0000000000000000000000000000000000000000000000000000000000000000011111111100000000000100000000110000000001000000000100000000010000000001000000000100000000110000000001000000010000000000011000011000000000000010000100000000000000101110000000000000011100000000000000000010000000000000000000100000000000000000001000000000000000000010000000000000000000100000000000000000000000000000000000000000000000000000
0000000000000000000000000011111100000000000000100000110000000000001000000011000000000010000000010000000000100000000100000000001000000001000000000010000000100000000000100000110000000000001000011000000000000011111000000000000000100000000000000000001000000000000000000010000000000000000000100000000000000000001000000000000000000000000000000000000000000000000000000000000000000000000000000000000000000000
0000000000000000000000000001111100000000000000100000111000000000001000000011000000000010000000001000000000100000000010000000001000000001100000000010000000110000000000100000011000000000001000001000000000000010001100000000000000111100000000000000001000000000000000000010000000000000000000100000000000000000001000000000000000000010000000000000000000100000000000000000000000000000000000000000000000000000
0000000000000000000000000000000000000000000000000000000000000000111111111100000000001000000000111000000010000000000001000000100000000000011000001000000000000110000010000000000001000000100000000001100000001000000000110000000010100011110000000000101111000000000000001100000000000000000001000000000000000000010000000000000000000100000000000000000001000000000000000000010000000000000000000100000000000000
0000000000000000000000000000000000000000000000010000000000000000111111111110000000001000000000111000000010000000000011000000100000000000001000001000000000000110000010000000000011000000100000000001100000001000000011100000000011111111000000000000100000000000000000001000000000000000000010000000000000000000100000000000000000001000000000000000000000000000000000000000000000000000000000000000000000000000
0000000000000000000000000001111100000000000000110001110000000000010000000110000000000100000000110000000001000000000100000000010000000010000000000100000001000000000001000001100000000000111111100000000000001100000000000000000001000000000000000000010000000000000000000100000000000000000001000000000000000000010000000000000000000100000000000000000000000000000000000000000000000000000000000000000000000000
0000000000000000000000000000000000000000000011111100000000000000100000111100000000001000000000100000000010000000000100000000100000000001000000001000000000100000000010000000110000000000100001110000000000001111110000000000000010000000000000000000100000000000000000001000000000000000000010000000000000000000100000000000000000001000000000000000000000000000000000000000000000000000000000000000000000000000
0000000000000000000000000000000000000000000000111110000000000000011000011100000000000100000001100000000001000000000100000000010000000001000000000100000000110000000001000000110000000000010000111000000000000111110000000000000001000000000000000000010000000000000000000100000000000000000001000000000000000000010000000000000000000100000000000000000001000000000000000000000000000000000000000000000000000000
0000000000000000000000111111111111000000011000000000001110000100000000000000110001000000000000000110010000000000000001100100000000000000010010000000000000001100100000000000000110001000000000001110000010000000111110000000101111110000000000001110000000000000000010000000000000000000100000000000000000001000000000000000000010000000000000000000100000000000000000000000000000000000000000000000000000000000
0000000000000000000000000011110000000000000010000011000000000000100000011000000000001000000010000000000010000000010000000000100000000100000000001000000011000000000010000001100000000000100000110000000000000101111000000000000001110000000000000000010000000000000000000100000000000000000001000000000000000000010000000000000000000100000000000000000001000000000000000000000000000000000000000000000000000000
0000000000000000000000000000011000000000000000111011110000000000001000000110000000000010000000110000000000100000000100000000001000000001000000000010000000010000000000100000001100000000001000000110000000000011001110000000000000111100000000000000001000000000000000000010000000000000000000100000000000000000001000000000000000000010000000000000000000100000000000000000000000000000000000000000000000000000
0000000000000000000000000111111000000000000001000011100000000000010000001100000000000100000001000000000001000000010000000000010000000100000000000100000001000000000001000000110000000000010000111000000000000111111000000000000001000000000000000000010000000000000000000100000000000000000001000000000000000000010000000000000000000100000000000000000001000000000000000000000000000000000000000000000000000000
0000000000000000000000000011111000000000000000100001100000000000001000001100000000000010000001000000000000100000001000000000001000000010000000000010000000100000000000100000011000000000001000001100000000000010001110000000000000111110000000000000001000000000000000000010000000000000000000100000000000000000001000000000000000000010000000000000000000100000000000000000000000000000000000000000000000000000
0000000000000000000000000011100000000000000001101111000000000000010000011000000000000100000001100000000001000000001100000000010000000001000000000100000000010000000001000000001100000000010000000110000000000100000111000000000001111110000000000000010000000000000000000100000000000000000001000000000000000000010000000000000000000100000000000000000001000000000000000000010000000000000000000000000000000000
0000000000000000000000000000000000000000000000111110000000000000010000100000000000000100001100000000000001000011000000000000010000100000000000000100110000000000000001111000000000000000010000000000000000000100000000000000000001000000000000000000010000000000000000000100000000000000000001000000000000000000010000000000000000000000000000000000000000000000000000000000000000000000000000000000000000000000
0000000000000000000000000000000000000000000000011110000000000000010000110000000000000100000010000000000001000000100000000000010000001000000000000100000010000000000001000001000000000000010001100000000000000111100000000000000000100000000000000000001000000000000000000010000000000000000000100000000000000000001000000000000000000010000000000000000000000000000000000000000000000000000000000000000000000000
0000000000000000000000000000000000000000000000111110000000000000010000011000000000000100000011000000000001000000010000000000010000000010000000000100000000100000000001000000011000000000010000000100000000000100001110000000000001111110000000000000010000000000000000000100000000000000000001000000000000000000010000000000000000000100000000000000000001000000000000000000010000000000000000000000000000000000
0000000000000000000000000000100000000000000001010110000000000000010000011000000000000100000010000000000001000000110000000000010000000100000000000100000001000000000001000000100000000000001000011000000000000010111100000000000000111000000000000000001000000000000000000010000000000000000000100000000000000000001000000000000000000010000000000000000000100000000000000000000000000000000000000000000000000000
0000000000000000000000000000000000000000000000111111000000000000001000001100000000000010000001100000000000100000001000000000001000000010000000000010000000100000000000100000011000000000001000001100000000000011111100000000000000100000000000000000001000000000000000000010000000000000000000100000000000000000001000000000000000000010000000000000000000100000000000000000000000000000000000000000000000000000
0000011000000000000000001101100000000000000110000100000000000001000000100000000000010000001100000000000100000011000000000001000000100000000000010000111000000000000111111000000000000001000000000000000000010000000000000000000100000000000000000001000000000000000000010000000000000000000110000000000000000000100000000000000000001000000000000000000000000000000000000000000000000000000000000000000000000000
0000001000000000000000011111110000000000001100000011000000000010000000011000000000100000000010000000001000000000100000000010000000001000000000100000000110000000001000000111000000000011111110000000000000100000000000000000001000000000000000000010000000000000000000100000000000000000001000000000000000000010000000000000000000110000000000000000000000000000000000000000000000000000000000000000000000000000
0000111111110000000000011000000011000000000100000000011000000001000000000001000000010000000000010000000100000000000100000001000000000001000000010000000000110000000110000000111000000001111111111000000000010000000000000000000100000000000000000001000000000000000000010000000000000000000100000000000000000001000000000000000000010000000000000000000100000000000000000001000000000000000000000000000000000000
0000111111000000000000111000011100000000001000000001000000000010000000001000000000100000000010000000001000000000100000000010000000001000000000100000000110000000001100000011000000000001110111100000000000010111000000000000000100000000000000000001000000000000000000010000000000000000000100000000000000000001000000000000000000010000000000000000000100000000000000000001000000000000000000000000000000000000
0000000000000000000000001111110000000000000100000110000000000001000000110000000000010000000100000000001100000001000000000010000000010000000000100000001100000000001000001110000000000011111110000000000000100000000000000000001000000000000000000010000000000000000000100000000000000000001000000000000000000010000000000000000000010000000000000000000100000000000000000001000000000000000000010000000000000000
0000000000000000000000001111100000000000000010001110000000000000100000011000000000001000000011000000000110000000010000000001000000000100000000010000000011000000000100000001100000000001000000110000000000011111110000000000000100000000000000000001000000000000000000010000000000000000000100000000000000000001000000000000000000011000000000000000000010000000000000000000100000000000000000011000000000000000
0000110000000000000000010111100000000000000100000110000000000001000000010000000000010000000010000000000100000000100000000001000000001000000000010000000010000000000100000001100000000001111111100000000000010000000000000000000100000000000000000001000000000000000000010000000000000000000100000000000000000001000000000000000000010000000000000000000100000000000000000001000000000000000000010000000000000000
0000100000000000000000011111100000000000000100001110000000000001000000110000000000010000000100000000000100000001000000000001000000010000000000010000000100000000000100000110000000000001111111000000000000010000000000000000000100000000000000000001000000000000000000010000000000000000000100000000000000000001000000000000000000010000000000000000000100000000000000000001000000000000000000011000000000000000
0000000000000000000000111110000000000000001000111000000000000010000011000000000000100000011000000000001000000010000000000010000000100000000000100000001000000000001000000110000000000011000011000000000000011111100000000000000100000000000000000001000000000000000000010000000000000000000100000000000000000001000000000000000000010000000000000000000100000000000000000001000000000000000000010000000000000000
0000000000000000000000111110000000000000001000111000000000000010000011100000000000010000001000000000000100000001000000000001000000010000000000010000000100000000000100000011000000000000100001100000000000011001110000000000000011110000000000000000100000000000000000001000000000000000000011000000000000000000010000000000000000000100000000000000000001000000000000000000010000000000000000000100000000000000
0000000000000000000000000000000000000000000000111111100000000000001000001100000000000010000001000000000000100000010000000000001000001100000000000011111110000000000000110000000000000000001100000000000000000001000000000000000000011000000000000000000110000000000000000000100000000000000000001000000000000000000000000000000000000000000000000000000000000000000000000000000000000000000000000000000000000000
0000000000000000000000000000111100000000000000010000110000000000001100000110000000000011000000100000000000110000001000000000001100000010000000000011000000100000000000010000110000000000000111111000000000000001100000000000000000011000000000000000000110000000000000000000100000000000000000001100000000000000000011000000000000000000110000000000000000000100000000000000000001000000000000000000000000000000
0000000000000000000000000001111111000000000000110000011000000000011000000011000000000100000000010000000001100000000100000000011000000001000000000110000000110000000001100000011000000000010111111100000000000101000000000000000001010000000000000000001100000000000000000011000000000000000000110000000000000000001110000000000000000001100000000000000000011000000000000000000000000000000000000000000000000000
0000000011111110000000000000100000110000000000011000000010000000000100000000110000000001000000000100000000011000000001000000000110000000010000000000100000001100000000001000000110000000000011000111000000000000111111000000000000001100000000000000000011000000000000000000110000000000000000000100000000000000000001000000000000000000011000000000000000000110000000000000000000000000000000000000000000000000
0000000011111110000000000001100000110000000000010000000100000000000100000000100000000001000000001100000000011000000001000000000110000000010000000001100000001100000000011000000110000000000111000111000000000000111111000000000000001000000000000000000010000000000000000000110000000000000000001100000000000000000001000000000000000000010000000000000000000100000000000000000000000000000000000000000000000000
0000001111111100000000000010000001100000000000100000001100000000001000000001000000000010000000010000000000100000000100000000001100000011000000000011000001100000000000011111100000000000000100000000000000000001100000000000000000011000000000000000000010000000000000000000100000000000000000001000000000000000000011000000000000000000010000000000000000000000000000000000000000000000000000000000000000000000
0000000011110000000000000001100110000000000000110000010000000000001000000010000000000010000000100000000000100000001000000000001100000001000000000011000000100000000000010000001000000000000100000110000000000001100110000000000000011111000000000000000110000000000000000001100000000000000000011100000000000000000111000000000000000000110000000000000000001100000000000000000011000000000000000000010000000000
0000000000000000000000000000111100000000000000110000110000000000011000000110000000000110000000100000000001100000000100000000011000000001000000000110000000100000000000100000001000000000001000000100000000000011000010000000000000111111000000000000001100000000000000000011000000000000000000110000000000000000001100000000000000000001000000000000000000010000000000000000000100000000000000000001000000000000
0000000000000000000000000000011100000000000000001101110000000000000100000010000000000001000000110000000000010000000100000000000100000011000000000001000000100000000000010000010000000000000100001100000000000001101110000000000000011110000000000000000010000000000000000000100000000000000000011000000000000000000100000000000000000001000000000000000000000000000000000000000000000000000000000000000000000000
0000000000000000000000000001111111000000000000010000011100000000000100000001100000000001000000001000000000010000000010000000000100000000100000000001000000001000000000010000000110000000000100000011000000000011000001100000000000111001110000000000000101110000000000000001000000000000000000010000000000000000000100000000000000000001000000000000000000010000000000000000000100000000000000000000000000000000
0000000000000000000000000011111110000000000000100000110000000000001000000010000000000010000000110000000000100000000100000000001000000001000000000010000000110000000000100000001000000000001000000010000000000010000001000000000000100001100000000000001111110000000000000010000000000000000000100000000000000000001000000000000000000010000000000000000000100000000000000000001000000000000000000000000000000000
0000000000000000000000000000000000000000000000011111100000000000000100001100000000000011000001100000000000100000001000000000001000000011000000000010000000010000000000100000000100000000001000000011000000000010000001100000000000100000110000000000001001110000000000000011110000000000000000100000000000000000001000000000000000000010000000000000000000100000000000000000001000000000000000000000000000000000
0000001111111000000000000010000011100000000000100000001100000000001000000001000000000010000000011000000000100000000100000000001000000001000000000010000000110000000000100000011000000000001000001100000000000010011100000000000000111000000000000000001000000000000000000010000000000000000000100000000000000000001000000000000000000010000000000000000000100000000000000000001000000000000000000000000000000000
0000000000000000000000000001111110000000000000100000110000000000001000000011000000000010000000010000000000110000000110000000000100000001100000000001000000010000000000010000011000000000000100111100000000000001111000000000000000010000000000000000000100000000000000000001000000000000000000010000000000000000000100000000000000000001000000000000000000000000000000000000000000000000000000000000000000000000
0000000000000000000000000000000000000000000000001111110000000000001100000110000000000001000000100000000000010000001000000000000100000110000000000001000011000000000000010011000000000000000111100000000000000001000000000000000000010000000000000000000100000000000000000001000000000000000000010000000000000000000100000000000000000001000000000000000000010000000000000000000000000000000000000000000000000000
0000000000000000000000000000011110000000000000001000111000000000000010000011000000000000100000010000000000001000000100000000000010000011000000000000100001100000000000001000110000000000000010011000000000000000111100000000000000011100000000000000000010000000000000000000100000000000000000001000000000000000000010000000000000000000100000000000000000001000000000000000000000000000000000000000000000000000
0000000000000000000000000001111100000000000000110000110000000000001000000100000000000010000001000000000000100000010000000000001000000100000000000010000010000000000000100001100000000000010001110000000000000111110000000000000001100000000000000000010000000000000000000100000000000000000001000000000000000000010000000000000000000100000000000000000001000000000000000000010000000000000000000100000000000000
0000000000000000000000000000000000000000000000111111100000000000001000000100000000000010000000100000000000110000001000000000000100000110000000000001000001000000000000010000110000000000000100011000000000000001001100000000000000111110000000000000001100000000000000000010000000000000000000100000000000000000001000000000000000000001000000000000000000010000000000000000000000000000000000000000000000000000
0000000000000000000000000000000000000000000000111110000000000000011000111000000000001100000011000000000010000000011000000000100000000010000000001000000001100000000010000000110000000000101111110000000000001000000000000000000010000000000000000000100000000000000000001000000000000000000010000000000000000000100000000000000000000000000000000000000000000000000000000000000000000000000000000000000000000000
0000000000000000000000000001111111000000000000110000011000000000011000000010000000000100000000010000000010000000000100000000100000000001000000011000000000100000000100000000001000000001001000001100000000010011111110000000000100000000000000000001000000000000000000010000000000000000000100000000000000000001000000000000000000010000000000000000000000000000000000000000000000000000000000000000000000000000
0000000000000000000000000111111100000000000011000000110000000000100000000100000000001000000000100000000010000000001000000000100000000010000000001000000000100000000110000000011000000001000000001100000000010000111100000000000111110000000000000001000000000000000000010000000000000000000100000000000000000001000000000000000000010000000000000000000100000000000000000001000000000000000000000000000000000000
0000000000000000000000000011111110000000000001100000011000000000110000000010000000001000000000010000000010000000001100000000100000000010000000001000000001100000000010000000110000000000100000011000000000010000001100000000000111111100000000000001000000000000000000010000000000000000000100000000000000000001000000000000000000010000000000000000001000000000000000000010000000000000000000000000000000000000
0000000000000000000000000001111111100000000000110000001100000000010000000001000000001100000000010000000010000000000100000001100000000001000000010010000000010000000100110000001000000001000011111100000000100000000000000000001000000000000000000010000000000000000000100000000000000000001000000000000000000010000000000000000000000000000000000000000000000000000000000000000000000000000000000000000000000000
0000000000000000000000000111111000000000000001000011110000000000010000000011000000000100000000011000000001000000000011000000010000000000010000000100000000001100000001000000000010000000010000000001100000001000000000010000000011000000001000000000011000000110000000000111111110000000000001000000000000000000110000000000000000001000000000000000000010000000000000000000100000000000000000000000000000000000
0000000000000000000000000111100000000000000001001111110000000000010000000111100000000100000000010000000001000000000100000000010000000001000000000100000000010000000001000000000100000000010000000001000000000100000000100000000010000000001000000000100000001110000000001111111110100000000010000000000000000000100000000000000000001000000000000000000010000000000000000000000000000000000000000000000000000000
0000000011110000000000000011000111000000000000100000001100000000010000000001100000000100000000001000000011000000000010000000100000000001100000001000000000010000000010000000011000000000100000001100000000001100011110000000000011111100000000000000100000000000000000001000000000000000000010000000000000000000100000000000000000001000000000000000000010000000000000000000100000000000000000000000000000000000
0000000000000000000000000111111100000000000001000001110000000000010000000110000000000100000000100000000011000000001000000000100000000010000000001000000001100000000010000000110000000000111111110000000000001000000000000000000010000000000000000000100000000000000000001000000000000000000010000000000000000000100000000000000000001000000000000000000000000000000000000000000000000000000000000000000000000000
0000000000000000000000000011111110000000000001100000110000000000110000000100000000001000000001000000000010000000010000000000100000000100000000001000000011000000000010100011100000000000101111000000000000001000000000000000000100000000000000000001000000000000000000010000000000000000000100000000000000000001000000000000000000010000000000000000000100000000000000000000000000000000000000000000000000000000
0000000000000000000000000001111100000000000000110001110000000000001100000100000000000011000001100000000000110000001000000000001100000010000000000011000000100000000000110000010000000000000100001100000000000001000110000000000000011111000000000000000111000000000000000001100000000000000000011000000000000000000110000000000000000001100000000000000000011000000000000000000110000000000000000001100000000000
0000000001111000000000000001100011100000000000010000001100000000001100000001000000000011000000010000000000110000001100000000001100000010000000000011000001100000000000110001100000000000001111110000000000000011000000000000000000110000000000000000001100000000000000000010000000000000000000100000000000000000001000000000000000000010000000000000000000100000000000000000001000000000000000000000000000000000
0000000000000000000000000000111110000000000000011000111000000000000100000011000000000001000000010000000000110000000100000000001100000001000000000011000000011000000000110000000100000000001100000001000000000011000001100000000000011111110000000000000100000000000000000001000000000000000000010000000000000000000100000000000000000001000000000000000000010000000000000000000100000000000000000000000000000000
0000000000000000000000000000111111111000000000001000000010000000000010000000100000000000100000001000000000001000000010000000000010000000100000000000100000001000000000001000000010000000000010000001100000000000111111110000000000001100000000000000000010000000000000000000100000000000000000001000000000000000000010000000000000000000100000000000000000011000000000000000000100000000000000000000000000000000
0000000000000000000000000001111111110000000000010000000100000000000100000001000000000001000000010000000000010000000100000000000100000001000000000001000000010000000000010000000100000000000111111111000000000001000000000000000000010000000000000000000100000000000000000001000000000000000000010000000000000000000100000000000000000001000000000000000000010000000000000000000100000000000000000000000000000000
0000000000000000000000000011110000000000000000100111111110000000001000000001000000000010000000010000000000100000000100000000001000000001000000000010000000010000000000100000000100000000001000000001000000000011111111110000000001100000000000000000010000000000000000000100000000000000000001000000000000000000010000000000000000000100000000000000000001000000000000000000010000000000000000000100000000000000
0000000000000000000000000000000000011000000000011111111110000000000100000000100000000001000000001000000000010000000010000000000100000000100000000001000000001000000000010000000010000000000100000000100000000001111111111000000000010000000000000000001100000000000000000010000000000000000000100000000000000000001000000000000000000010000000000000000000100000000000000000001000000000000000000000000000000000
0000000000000000000000000011111100000000000000100001110000000000001000000011000000000010000000011000000000100000000010000000001000000000100000000010000000001000000000010000000110000000000100000011000000000001000111000000000000011110000000000000000100000000000000000001000000000000000000010000000000000000000100000000000000000001000000000000000000010000000000000000000100000000000000000000000000000000
0000000000000000000000000001100000000000000000011111111110000000000100000000100000000000100000001000000000001000000010000000000010000000100000000000100000001000000000001000000010000000000010000000100000000000100000001000000000011111111110000000000100000000000000000001000000000000000000010000000000000000000100000000000000000001000000000000000000010000000000000000000100000000000000000000000000000000
0000000000000000000000000000111110000000000000110000110000000000000100000110000000000001000000110000000000010000000100000000000100000001000000000001000000010000000000010000001100000000000100000110000000000001111111000000000000011000000000000000000100000000000000000001000000000000000000010000000000000000000110000000000000000000100000000000000000001000000000000000000010000000000000000000100000000000
0000000011111110000000000001100000010000000000110000000100000000001000000001000000000010000000010000000000100000000100000000001000000011000000000010000001100000000000110000110000000000001100011000000000000011111100000000000000110000000000000000001100000000000000000011000000000000000000010000000000000000000100000000000000000001000000000000000000000000000000000000000000000000000000000000000000000000
0000000000000000000000000000000011111000000000000011000011000000000011000000010000000011100000000110000000110000000000100000001100000000010000000011000000000100000000110000000010000000001100000001000000000011000001100000000000111001100000000000001111100000000000000011000000000000000000101000000000000000001010000000000000000010100000000000000000011000000000000000000110000000000000000001100000000000
0000000000000000000000000000000000000000000000011111100000000000000100000111000000000010000000011000000000100000000011000000001000000000110000000110000000001000000001100000000100000000001000000110000000000010000111000000000000101111000000000000001011000000000000000001000000000000000000010000000000000000000110000000000000000000100000000000000000001000000000000000000000000000000000000000000000000000
0000000000000000000000000000111111000000000000011000011000000000000100000001000000000001000000011000000000010000000010000000000110000000100000000001100000010000000000011100001100000000000101000110000000000001010011000000000000010111000000000000000010100000000000000000101000000000000000001010000000000000000010100000000000000000011000000000000000000110000000000000000000000000000000000000000000000000
0000000000111111000000000000110000010000000000010000000010000000001100000000100000000010000000001000000000100000000010000000001110000000100000000010100000011000000000011000000100000000000110000011000000000001100001100000000000001001110000000000000011110000000000000011110000000000000000001100000000000000000001000000000000000000010000000000000000000100000000000000000001100000000000000000001000000000
0000000111111110000000000110000000010000000001000000000010000000010000000000110000000100000000000100000001100000000001000000011000000000110000000010000000001000000000110000001100110000001100011110000000000011111100000000000000010000000000000000000100000000000000000001100000000000000000011000000000000000000110000000000000000000100000000000000000001000000000000000000000000000000000000000000000000000
0000000000111111000000000000111000001000000000001000000001000000000100000000010000000011000000000100000000100000000001000000001000000000100000000010000000001000000000100000000100000000001100000011000000000011000001100000000000111111100000000000001100000000000000000011000000000000000000110000000000000000001100000000000000000011100000000000000000011000000000000000000110000000000000000000000000000000
0000000001111000000000000001110001000000000000010000001000000000000100000011000000000010000000010000000000110000000100000000001100000001000000000011000000010000000000110000011000000000001010011100000000000010111000000000000000101000000000000000001010000000000000000010100000000000000000011000000000000000000110000000000000000001100000000000000000011000000000000000000010000000000000000000000000000000
0000000111111000000000000011000011000000000001100000011000000000010000000010000000000110000000100000000000100000001100000000001100000011000000000011000000100000000000110000001000000000000100000110000000000001000011000000000000011111100000000000000010000000000000000000100000000000000000001000000000000000000011000000000000000000110000000000000000000000000000000000000000000000000000000000000000000000
0000000000000000000000000000011000000000000000011001100000000000001100000110000000000110000000110000000001000000000100000000010000000001000000000100000000110000000001000000001000000000010111111100000000000111000000000000000001000000000000000000010000000000000000000100000000000000000001000000000000000000100000000000000000001000000000000000000000000000000000000000000000000000000000000000000000000000
0000000010000000000000000011111100000000000000100001110000000000011000000100000000000100000000100000000001000000001000000000010000000010000000000010000001100000000000100000110000000000001000111000000000000011111000000000000000100000000000000000001000000000000000000010000000000000000000100000000000000000001000000000000000000010000000000000000001100000000000000000011000000000000000000100000000000000
0000000000000000000000000111111100000000000001000001110000000000010000000100000000000100000000100000000001000000001000000000011000000010000000000010000001100000000000100000110000000000001000001000000000000010001100000000000000111110000000000000001000000000000000000010000000000000000000100000000000000000001000000000000000000010000000000000000000100000000000000000011000000000000000000110000000000000
0000011100000000000000001000111100000000000010000001100000000000100000001100000000001000000001000000000010000000110000000000100000011000000000001000011100000000000010111100000000000000011000000000000000000100000000000000000001000000000000000000010000000000000000000100000000000000000001000000000000000000010000000000000000001100000000000000000011000000000000000000010000000000000000000100000000000000
0000001110000000000000001110111000000000000010000001000000000000100000001000000000001000000010000000000010000000100000000000100000001000000000001000000110000000000010000111000000000000111111000000000000001000000000000000000100000000000000000001000000000000000000010000000000000000000100000000000000000001000000000000000000010000000000000000000100000000000000000001000000000000000000000000000000000000
0000000000000000000000000011111100000000000000100001100000000000001000001100000000000010000001000000000000100000110000000000001000001000000000000010000100000000000000100110000000000000001111000000000000000001000000000000000000010000000000000000000100000000000000000001000000000000000000110000000000000000001000000000000000000010000000000000000000100000000000000000001000000000000000000010000000000000
0000000000000000000000000000000000000000000011111111000000000000100000001100000000001000000001000000000010000000010000000000100000001100000000001000000110000000000010000011000000000000100011100000000000001111100000000000000010000000000000000000100000000000000000001000000000000000000010000000000000000000100000000000000000001000000000000000000010000000000000000000100000000000000000011000000000000000
0000111110000000000000001000110000000000000010000010000000000000100000010000000000001000000100000000000010000001000000000000100000110000000000001000011000000000000010011100000000000000111100000000000000001000000000000000000010000000000000000000100000000000000000001000000000000000000010000000000000000000100000000000000000001000000000000000000110000000000000000001100000000000000000000000000000000000
0000011110000000000000000100110000000000000001000110000000000000010000100000000000000100001000000000000001000010000000000000010001100000000000000100010000000000000001011000000000000000011100000000000000000100000000000000000001000000000000000000010000000000000000000100000000000000000001000000000000000000010000000000000000000100000000000000000001000000000000000000010000000000000000000000000000000000
0000000000000000000000000110000000000000000011111100000000000000100000110000000000001000000100000000000010000001000000000000100000010000000000011000011000000000000100001100000000000001111100000000000000010000000000000000000100000000000000000001000000000000000000010000000000000000000110000000000000000000100000000000000000001000000000000000000010000000000000000000100000000000000000001000000000000000
0000011100000000000000001000110000000000000010000010000000000000100000010000000000001000000110000000000010000000100000000000100000011000000000001000000100000000000010000011000000000000111111000000000000001100000000000000000010000000000000000000100000000000000000001000000000000000000010000000000000000000100000000000000000001000000000000000000010000000000000000000100000000000000000000000000000000000
0000001111000000000000001100011100000000000110000001100000000011000000001100000000100000000001000000001000000000110000000010000000011000000000100000001100000000001000000110000000000010011111000000000000100000000000000000001100000000000000000011000000000000000000110000000000000000001100000000000000000001000000000000000000011000000000000000000110000000000000000000000000000000000000000000000000000000
0000000000000000000000000000000000000000000001111110000000000111100000011000000001100000000001000000011000000000001000000110000000000010000001100000000001100000011000000000010000000110000000001000000001100000001100000000010101111100000000000101000000000000000000110000000000000000001100000000000000000010100000000000000000111000000000000000000110000000000000000001100000000000000000001000000000000000
0000000000000000000000000000000000000000000000000000000000000000111111000000000000011000011100000000000100000000110000000001000000000110000000010000000000100000000100000000011000000001001111111000000000010000000000000000000110000000000000000001100000000000000000011000000000000000000110000000000000000001100000000000000000001100000000000000000011000000000000000000110000000000000000000000000000000000
0000000000000000000000000000000000000000000000111110000000000000110000011000000000011000000011000000001100000000010000000011000000000100000001110000000001000000010100011111100000000111000000000000000000110000000000000000001010000000000000000010100000000000000000011000000000000000000110000000000000000000110000000000000000001100000000000000000001000000000000000000000000000000000000000000000000000000
0000010000000000000000001111100000000000000110000110000000000001000000110000000000010000000010000000000100000000010000000011000000000010000000110000000000110000001100000000001100000011000000001110000000110111111110000000001100000000000000000011000000000000000000110000000000000000000100000000000000000001000000000000000000010000000000000000000100000000000000000000000000000000000000000000000000000000
0000001111100000000000000110001100000000000001000001100000000000010000000100000000000100000000100000000001000000000100000000010000000001000000001100000000010000000011100000001100000000111111000110000000001100001110000000000001000000000000000000010000000000000000000110000000000000000001100000000000000000011000000000000000000110000000000000000001100000000000000000000000000000000000000000000000000000
0000111000000000000000001011000000000000000010001100000000000000100001100000000000001000000110000000000110000000011000000001100000000011100000011000000000001100000110000000000011000001100000000001100000011000000011100000000110011111100000000001100000000000000000011000000000000000000011000000000000000000110000000000000000001100000000000000000011000000000000000000110000000000000000001000000000000000
0000000000000000000000000011110000000000000001000011000000000000010000011000000000001100000001000000000010000000001000000000100000000011000000001000000000010000000010000000001000000000100000001110000000001011111100000000000010000000000000000000110000000000000000001100000000000000000011000000000000000000010000000000000000000100000000000000000001000000000000000000000000000000000000000000000000000000
0000000000000000000000000011000000000000000001111100000000000000010000110000000000001100000111000000000010000000011000000000100000000001000000001000000000010000000011000000001000000000110000001100000000001100111110000000000001110000000000000000010000000000000000000100000000000000000001100000000000000000011000000000000000000110000000000000000001100000000000000000000000000000000000000000000000000000
0000000000000000000001111110000000000000011000111110000000000110000000111100000001100000000001100000010100000000000100000111000000000001000000110000000000110000001100000000011000000010100000000100000000011000000110000000000111111110000000000001100000000000000000011100000000000000000011000000000000000000110000000000000000000100000000000000000001000000000000000000011000000000000000000110000000000000
0000000000000000000000000001111111000000000000100000011000000000011000000001000000000100000000010000000011000000000100000000100000000001000000001000000001100000000010000000110000000000100000110000000000001001111000000000000011110000000000000000100000000000000000001000000000000000000010000000000000000000100000000000000000001000000000000000000010000000000000000000000000000000000000000000000000000000
0000000000000000000000001111111111000000000010000000011000000001100000000010000000010000000000100000000100000000001000000001000000000010000000010000000001100000000100000000110000000001000000011000000000010000001100000000000100011100000000000001111100000000000000010000000000000000000100000000000000000001000000000000000000010000000000000000000100000000000000000000000000000000000000000000000000000000