0000000000000000000000000000000000000000000000001111100000000000011101100110000000011100000000010000001100000000000110000110000000000000100001000000000000000100100000000000000001001000000000000000010010000000000000000100100000000000000001001000000000010000010011000000000110001000010000000000110010000010000000000011000000011000000011111000000001111111100011000000000000000000011000000000000000000011
0000000000000000000000000001111110000000000001110011111000000001100000100011100000110000000000001100001000000000000001000010000000000000010001000000000000000010010000000000000000100010000000000000001000100000000000000010001000000000000001000011000000001100010000010000000001101000000110000000001110000000100000000011000000000100000001101100000000110011100001100000000011000000001100000000000000000000
0000000000011100000000000000111111000000000000110000111000000000010000000010000000001000000000010000000100000000000110000011000000000000100000100000000000001000011000000000000001000100000000000000010001000000000000000100010000000000000011000100000000010000100000100000000110001000001000000000110100000001000000000110000000011000000011110000000011000001100110000000001111100000110000000000000000000110
0000000011111100000000000011000000000000000001100011100000000000100000100110000000001000000000110000000100000000000100000001000000000000100000100000000000001000001000000000000001000010000000000000010000100000000000000100001000000000000001000010000000000000010000100000000010001000001000000000010010000010000000000011000000010000000000110000000110000000010011000000111000111000011000000011111000000011
0000000000000000000000000000000000000000000000001111100000000000011110000110000000001100000000100000000010000000000100000001000000000001100000110000000000001000001000000000000010000010000000000000100000100000000000001000010000000000000010000100000000010000100001000000000110010000001000000000101100000011000000001110000000011100001111000000000000111110001000000000000000000001100000000000000000001100
0000000000000000000000000000000000000000000000001111100000000000001110011110000000000100000101100000000010000000001000000001000000000011000000110000000000010000001000000000000100000010000000000001000000100000000000010000001000000000001000000010000001100010000000010000001101000000000010000001100000000000011111111000000000000000000011000000000000000000010000000000000000000011000000000000000000010000
0000000011111100000000000111000111000000000110000000010000000011000000000010000000100000000000110000010000000000000100000100000000000000100001000000000000001000010000000000000011000100000000000000010001000000000000000100001000000000000011000010000000000000100000010000000011001000000100000000011100000000110000000011000000000110000001111000000000011111100001110000000000000000000000000000000000000000
0000000000000000000000000000000000000000000000001110000000000000000100000111100000000010000000001000000001000000000010000000010000000000100000000100000000001000000011000000100100000000010000001001000000000100000001100000000001100000011000000000001111111010000000000000000000010000000000000000000010000000000000000000010000000000000000000110000000000000000000000000000000000000000000000000000000000000
0000000000000000000000000000111111000000000000110001111111000000011000100000010000001100000000000010000110000000000000100001000000000000001000010000000000000010000100000000000001100001000000000000010000001000000000000100000010000000100010000000010000001101100000000100000000110000000000100000001100000000001100001101100000000001111110000110000000000000000000110000000000000000000000000000000000000000
0000000000000000000000000000000000000000000000011111100000000000011111000111000000001000000000001000000100000000000001000011000000000000001000100000000000000010001000000000000000100010000000000000001000100000000000000110000100000000000001000001000000001000100000001000000001111000000011000000001100000000011000001100100000000011111110000110000000000000000000100000000000000000000000000000000000000000
0000000000000000000000000000011100000000000000001101000000000000000100011000000000000010000001100000000001100000001000000000010000000010000000001100000000110000000010000000000100000000100000000001000000001000000000010000000011000000001100000000010000000010000000000100000000100000000001100000011000000000001100001110000000000001100110010000000000001110000000000000000000000000000000000000000000000000
0000000000000000000000000000000000000000000000000111100000000000000110011000000000000011000011000000000000100000011000000000010000000010000000000100000000100000000011000000001000000000100000000010000000001000000000100000000010000000001000000000100000011010000000001000000011100000000011000000010000000000010000000110000000000010000010110000000000011111000110000000000000000000100000000000000000000000
0000000000000000000000000000000000000000000000000111100000000000000110011100000000000011000001000000000001100000001000000000010000000011000000000100000000010000000001000000000100000000010000000001000000000100000000011000000001000000000100000000010000000001000000000100000011010000000001100000011100000000001100000011000000000001100011011000000000000111100010000000000000000000000000000000000000000000
0000000000000000000000000000000000000000000000011111100000000000001100011000000000000010000011000000000001000000011000000000010000000010000000001100000000100000000010000000001100000000100000000001000000001000000000010000000010000000000100000000110000001001000000000100000011010000000001000000011100000000001000000011000000000001100001111000000000001111110011000000000000000000000000000000000000000000
0000000000000000000000000000000000000000000000000111000000000000001110011100000000000010000001100000000001000000001100000000110000000001000000001000000000010000000010000000000100000000100000000001000000001000000000011000000010000000000100000000100000000001000000001000000000010000000001000000110100000000011000000011000000000011000001110000000000011111110110000000000000000000100000000000000000001100
0000000001100000000000000011101110000000000001100000010000000000110000011100000000011000000001000000000100000000011000000001000000000010000000010000000000100000000100000000000100000001000000000001000000010000000000010000000100000000001100000000100000011010000000001100000001100000000001000000111000000000001111110011000000000000000000000000000000000000000000000000000000000000000000000000000000000000
0000000000000000000000000000000000000000000000011111100000000000001100001110000000000100000000110000000011000000000100000000100000000001000000001000000000001000000010000000000010000000100000000000100000001000000000010000000010000000000100000000100000001101000000001100000001110000000001000000001100000000001000000111000000000001110111001000000000000110000000000000000000000000000000000000000000000000
0000000000110000000000000001110111000000000000110000011000000000010000000010000000001000000001110000000010000000000100000000100000000001000000010000000000011000000100000000000010000001000000000000100000001000000000001000000010000000100100000000100000000101000000000100000001110000000001100000001100000000001110000111100000000000111110001000000000000000000000000000000000000000000000000000000000000000
0000000000000000000000000000001110000000000000001110110000000000000110000100000000000010000111110000000001100000000100000000010000000000100000000100000000001000000001000000000010000000010000000000100000000100000000001000000001000000010010000000010000000110100000000010000000101000000000100000000100000000000100000011100000000000111111001100000000000000000001000000000000000000000000000000000000000000
0000000000000000000000000000000000000000000000000111110000000000000110011100000000000010000000100000000001000000000100000000110000000001100000001000000000001000000010000000000010000000100000000000100000001000000000001000000010000000010100000000100000000111000000000100000000110000000001100000001100000000001100000111100000000000111111001100000000000000000000000000000000000000000000000000000000000000
0000000000000000000000000000111000000000000000011011000000000000001000010000000000000110000010000000000011000000010000000000100000000100000000011000000000100000000100000000001000000001000000000010000000010000000000100000000100000000001000000001000000010010000000010000000110100000000110000000111000000000110000000110000000000110000010110000000000011111000110000000000000000000000000000000000000000000
0000000000000000000000000000011100000000000000001100100000000000000110000100000000000011000001100000000000100000001100000000010000000001000000000100000000010000000011000000000010000000100000000000100000001000000000001000000010000000000010000000100000000001100000001000000010010000000010000000011100000000110000000010000000000110000001110000000000111011100110000000000011100000000000000000000000000000
0000000000000000000000000000111100000000000000011001100000000000001100001100000000000110000001100000000001000000001100000000110000000001000000001000000000011000000010000000000010000001000000000000100000010000000000001000000100000000000010000001000000000000100000010000000001001000000110000000011010000000100000000011000000000100000000011000000000110000001111000000000111011100011000000000011100000000
0000000000000000000000000000011000000000000000001101000000000000000100001100000000000010000001000000000001100000001000000000010000000001000000001100000000010000000010000000000010000000100000000000100000001000000000001000000100000000000010000001000000000000100000011000000001101000000010000000001110000000100000000001100000000100000000111100000000110000011001000000000111111000000000000000000000000000
0000000000000000000000000000111100000000000000110000110000000000011000000100000000000100000000100000000010000000000100000001100000000001000000010000000000011000000100000000000010000001000000000000100000110000000000001000001000000000000011000010000000000000010000010000000001101100000100000000001010000001000000000001100000001000000000011000000001100000001111000000001110001110010000000000111110000000
0000000000000000000000000000111000000000000000110001100000000000011000001100000000000100000001100000000010000000001000000001000000000001000000010000000000010000001100000000000010000010000000000000100000100000000000001000001000000000000001000010000000011000010000100000000011000100001000000000011110000010000000000011100000010000000000011000000010000000001111000000011000000110010000000011111111000100
0000000000000000000000000001111000000000000001100011100000000000010000001100000000001000000001100000000010000000001000000001000000000001000000010000000000010000001100000000000010000010000000000000100000100000000000001000001000000000000001000010000000000000010000010000000000100100000100000000000110000001100000000000100000001000000000001100000001100000000101100000001110000111000000000000111111000000
0000000000100000000000000000111110000000000000011000110000000000001100000110000000000100000000110000000011000000000110000000100000000000100000011000000000001100000100000000000001000001000000000000010000010000000000000100000100000000000001100001000000000000001000001000000000110010000010000000000101100000010000000000110000000110000000001100000000110000000011100000000011000001101100000000011111110000
0000000001100000000000000000010110000000000000011000010000000000001100000010000000000110000000010000000001000000000110000000100000000000100000001000000000001100000010000000000001000001000000000000010000010000000000000110000100000000000000100001000000001000001000011000000001000010000010000000011001100000100000000011010000000100000000011100000000110000000011000000000111100111011000000000001111000010
0000000001100000000000000000111100000000000000010000110000000000001100000110000000000110000000110000000011000000000100000000100000000001100000001000000000001000000100000000000001000001000000000000010000010000000000000100000100000000000001000001000000000000010000010000000000100100000110000000001101000000100000000001110000000100000000001100000000100000000011100000000110000001101000000000011111110000
0000000000000000000000000011111000000000000000000001100000000000011110000100000000001100000000100000000010000000000100000001000000000000100000010000000000001000000100000000000011000001000000000000010000010000000000000100000100000000000001000001000000000010010000010000000000010100000110000000000111000000110000000000110000000110000000011100000000010000001100100000000011111110000000000000000000000000
0000000000000000000000000001111000000000000000000011000000000000111100011000000000011000000001000000000100000000001000000001000000000010000000010000000000010000000100000000000100000001000000000001000000010000000000010000000100000000010100000001100000000111000000001000000000110000000001000000001100000000001000000100100000000001110111001100000000000111000000000000000000000000000000000000000000000000
0000000000000000000000000000000000000000000000011100000000000000011100111000000000000100000011000000000010000000010000000000100000000100000000010000000000100000000100000000001000000001000000000010000000010000000000100000000100000011001000000001000000010100000000010000000111000000000110000000110000000000110000001100000000000110000101100000000000111110001100000000000000000000000000000000000000000000
0000000000000000000000000000000000000000000000111110000000000000111000011000000000011000000001000000000100000000001000000010000000000010000000100000000000010000001000000000000100000010000000000001000000100000000000010000000100000001100100000001000000001101000000001000000001010000000010000000001000000000010000000111000000000010000010010000000000011111000010000000000000000000000000000000000000000000
0000000000000000000000000000000000000000000000000000000000000000001111111000000000000011100001100000000011000000001100000000100000000001000000010000000000001000000100000000000010000010000000000000010000100000000000000100001000000000000001000011000000000100100000010000000001101000000010000000001110000000010000000011000000000011000001101000000000011111100001000000000000000000000000000000000000000000
0000000000000000000000000000000000000000000000000100000000000000001111110000000000000011100010000000000001100000010000000000110000000100000000001000000000100000000110000000001000000001000000000010000000010000000000100000000100000000001000000001100000010010000000001000000011100000000011000000110000000000010000001100000000000010001100100000000000011110001100000000000000000000000000000000000000000000
0000000000000000000000000000000000000000000000111100000000000000011001110000000000011100000110000000001100000000100000000010000000000100000000100000000001000000001000000000001000000010000000000010000000100000000100100000001000000001101000000010000000001010000000100000000001100000000100000000011000000001000000001111000000001100000110010000000001111110000000000000000000000000000000000000000000000000
0000000000000000000000000001111110000000000001100000000000000000100000001111100000010000000000000110001100000000000000100010000000000000001000100000000000000010001000000000000000100010000000000000001000100000000100000110001000000001100001000010000000000100100000110000000001010000000100000000001000000000110000011101000000000111111000001000000000000000000011000000000000000000011000000000000000000010
0000000000000000000000000000001111100000000000011100000000000000001000001100000000001100000000110000000110000000000110000001000000000000100000100000000000001000001000000000000010000010000000000000100000100000000000001000001000000000000010000010000000000101000000010000000001110000000110000000011000000000110000001111000000000111111110010000000000000000000110000000000000000000100000000000000000000100
0000000000000000000000000000000000000000000000000000000000000000000111111000000000000111000000000000000011000000111110000001100000000000100000010000000000000100001100000000000001000010000000000000010000100000000000001100001000000000000010000010000000000101000000010000000001110000000100000000001100000000110000001101100000000111111100001000000000000000000001000000000000000000000000000000000000000000
0000000000000000000000000000000000000000000000011111100000000000001100011100000000000100000000110000000010000000000110000001100000000000100000010000000000001100000100000000000001000001000000000000010000010000000000000100000100000000000001000001000000001000110000001000000011001000000010000000010110000000010000000111000000000011000001110000000000011111100100000000000000000001000000000000000000000000
0000000000000000000000000000000000000000000000000111111000000000000111000111100000000011000000001100000001100000000001000000010000000000011000001100000000000010000010000000000000100000100000000000001000001000000000000010000010000000000000100000100000000000001000001000000000000010000011000000001001000000010000000011110000000110000000011000000000011111111110000000000000000000100000000000000000001000
0000000000000000000000000000011111100000000000111000001100000000011000000001100000001100000000001000000110000000000010000001000000000000100000010000000000000100000100000000000010000001000000000000100000010000000000001000000100000000000010000001000000000000100000010000000000001000000110000000010100000000100000000111000000000110000001100000000000110001111100000000000111110001000000000000000000000000
0000000000000000000000000000000000000000000000000111111000000000000011000001100000000001100000001100000000110000000001000000011000000000011000000100000000000010000011000000000000100000100000000000001000001000000000000010000010000000000000100000100000000000001000000100000000000100000001000000000101000000001000000001110000000011000000001000000000011000001111000000000001111110010000000000000000000000
0000000000000000000000000000001110000000000000001111011100000000000111000001100000000011000000001100000001100000000001100000010000000000001000001000000000000010000010000000000000100000100000000000001000010000000000000010000100000000000000100000100000000000001000001000000000000110000010000000001001000000110000000001100000000110000000111000000000111000111010000000000011110000000000000000000000000000
0000000000000000000000000000000000000000000000000111111000000000000110000011100000000011000000001100000001100000000001100000110000000000001000001000000000000010000100000000000000100001000000000000001000110000000000000010001000000000000001100010000000000000010000110000000000000100000100000000001010000001000000000011100000001000000000110000000001100000011110000000001111111000100000000000000000000000
0000000000000000000000000000000111100000000000001111101110000000000110000000100000000011000000001100000001100000000001000000010000000000001000001000000000000010000110000000000000100001000000000000001000010000000000000010000100000000000000100001000000000000010000010000000000000100000100000000001011000001000000000011100000001000000000110000000011100000111110000000000111110000100000000000000000000000
0000000000000000000000000000000110000000000000000011111000000000000011000011000000000001100000011000000000110000000010000000011000000000100000000100000000001100000011000000000001000000100000000000010000011000000000000100000100000000000010000001000000000000100000010000000000001000000100000000010010000001100000000111000000001000000000110000000011000000001100000000011100001101000000000001111100010000
0000000000000000000000000000001111000000000000001111101100000000000110000001000000000110000000001000000001000000000010000000100000000000110000001000000000000100000100000000000001000001000000000000100000010000000000001000000100000000000010000001000000000000100000010000000000010000000110000000010100000000100000000111000000001100000001110000000000110001110100000000000111110001000000000000000000000000
0000000000000000000000000000000000000000000000000111111000000000000110001011000000000011000000011000000001100000000010000000010000000000100000001000000000001000000010000000000010000000100000000000100000011000000000001000000100000000000010000001000000000000100000010000000000011000000110000000011100000000100000000011000000001100000000110000000001100000110100000000001111111000000000000000000000000000
0000000000000000000000000000000000000000000000101111100000000000010100001100000000001100000001000000000010000000001000000000100000000010000000001000000000100000000010000000001000000000100000000010000000001000000000100000000010000000001000000000100000000100000000000100000001000000000000111001100000000000000011111100000000000000000001100000000000000000000000000000000000000000000000000000000000000000
0000000000000000000000000000000000000000000000111100000000000000011110111000000000001010000001100000000110000000001100000001000000000001100000010000000000001000000100000000000010000010000000000000100000100000000000001000000100000000000110000001000000000001000000011000000010100000000011000000110000000000001111111011000000000000000000011000000000000000000000000000000000000000000000000000000000000000
0000000000000000000000000000000000000000000000111111100000000000110001111100000000011000000001000000000100000000001000000010000000000010000000100000000000100000001000000000001000000100000000000010000001000000000000100000010000000000001000000010000000000010000000100000000001000000001100000000010000000001000000001100000000001000000011100000000011100111000000000000001111000000000000000000000000000000
0000000000000000000000000111111100000000000110000100110000000011000000000110000000100000000000010000001000000000000110000010000000000000100000100000000000000100001000000000000001000010000000000000010000100000000000001100001100000000000010000001000000000001000000001000000000110000000011000000011100000000001100011101100000000000111100001000000000000000000001100000000000000000000000000000000000000000
0000000000000000000000001100000000000000000110111000000000000001111001110000000000101000000011000000001000000000011000000010000000000010000000100000000000010000001000000000000100000010000000000001000000100000000000010000001000000000000100000001000000000001000000010000000000010000000100000000001000000000100000001010000000001000000001100000000001100001101110000000001111110000100000000000000000000000
0000000000000000000000000000000000000000000000111110000000000000111110111100000000011000000001100000000100000000000100000001000000000001100000010000000000001000001000000000000010000010000000000000100000100000000000001000001000000000000010000010000000000000100000110000000000001000000100000000000110000001000000001111000000011000000001110000000011000000110110000000001111111000000000000000000000000000
0000000001111000000000000111110011000000000010000110001000000001000000000010000000100000000000010000001000000000000100000110000000000000100001000000000000001000010000000000000010000100000000000000110001000000000000000100010000000000000001000100000000000000010001000000000100001100011000000000100010000011000000000111000000011100000001110000000001111111100110000000000000000000011000000000000000000000
0000000000000000000000000000000000000000000011111111100000000001110000001110000000010000000000110000001100000000000100000010000000000001100000100000000000001000001000000000000010000010000000000000100000100000000000001000001100000000000010000001000000000001000000011000000000010000000010000001101100000000011000000110000000000001100111100000000000000111001110000000000000000000100000000000000000000000
0000000000000000000000000000000000000000000011111110000000000001100000011000000000010000000011000000001010000000011000000011000000000011000000110000000000010000001100000000000110000001000000000000100000010000000000001000000100000000000010000000100000001000100000001000000011001000000001000000011100000000001100000011100000000001111011101100000000000001100001100000000000000000000000000000000000000000
0000000000000000000000000000000000000000000000000000000000000000001011110000000000011111110011000000000100000000001000000010000000000011000000100000000000010000001000000000000100000010000000000000100001100000000000001000010000000000000110000010000000011001000000100000000011010000001000000000011100000001000000000011000000011100000001101100000001111111110000000000000000000000000000000000000000000000
0000000000000000000000000000001100000000000000111101100000000000001000001100000000000110000001100000000001000000001000000000010000000001000000000100000000010000000001000000000100000000010000000001000000000100000100010000000001000001101100000000001000001110000000000001000011000000000000011111110000000000000000000110000000000000000000100000000000000000000100000000000000000000000000000000000000000000
0000000000000000000000000000000000000000000000000011110000000000000001000010000000000001100000100000000000010000000100000000001100000001000000000010000000010000000000100000000100000000001000000001000000000010000000010000000000100011001000000000001000010100000000000011000111000000000000011111100000000000000000000100000000000000000001000000000000000000000000000000000000000000000000000000000000000000
0000000000000000000000000000000000000000000000000111110000000000000011000110000000000001000000010000000000100000000100000000001000000001100000000100000000001000000001000000000010000000010000000000100000001000000000001000000010000000000110000000110000001001000000000100000011110000000001000000011000000000001100001110000000000001111100110000000000000000000100000000000000000000000000000000000000000000
0000000000000000000000000000000000000000000000001100000000000000000111111000000000000010000011000000000001100000011000000000010000000010000000001000000000110000000010000000000100000001100000000001100000010000000000001000000100000000000110000001000000000001000000001000000000110000000011000000011000000000011010001100000000000001111100000000000000000100000000000000000001100000000000000000000000000000
0000000000000000000000000000010000000000000000011111000000000000000100011000000000000010000001000000000001100000001000000000010000000001000000001000000000010000000010000000000010000001100000000000100000010000000000001000000100000000000110000000100000000001000000001000000001010000000011000000011000000000010000001110000000000011111110011000000000001000000010000000000000000000000000000000000000000000
0000000000000000000000000000010000000000000000001111100000000000001100001100000000000010000000100000000001000000000100000000010000000001100000000100000000001000000001000000000010000000010000000000100000000100000000001000000001000000000010000000010000001100100000000110000001110000000000110000001100000000000110001100110000000000111110000000000000000000000000000000000000000000000000000000000000000000
0000000000000000000000000000011110000000000000000100011000000000000110000010000000000011000000110000000000100000000110000000010000000000100000000100000000000100000001000000000001000000010000000000010000000100000000000100000001000000000010000000010000011001100000000100000010010000000001100000011000000000001100000111000000000001111110011000000000000110000000000000000000000000000000000000000000000000
0000000000000000000000000000111111000000000000111000011000000000001100000011000000000110000000010000000001000000000010000000010000000000100000000100000000001000000010000000000010000000100000000000100000001000001100001000000001000001100110000000010000001101000000000110000001100000000000100000111000000000000111111011000000000000000000000000000000000000000000000000000000000000000000000000000000000000
0000000000111110000000000000110000110000000000010000000100000000001000000000100000000100000000001100000011000000000001000000100000000000010000001000000000000110000010000000000000100000100000000000001000001000000000000010000010000000000001000000100000000000010000001100000000001000000001100000100100000000001100001110000000000001111110110000000000000000000110000000000000000000110000000000000000000000
0000000000000000000000000000001111000000000000011100001000000000000110000001000000000001000000011000000000010000000010000000000100000000010000000001000000000100000000010000000001000000000100000000010000000001000000000100000000010000000001000000000100000000110000000001000001001000000000010000001100000000000110000011100000000000110111001100000000000111000001100000000000000000000000000000000000000000