0000000000000000000000111100000000000000010000110000000000000100000111000000000001000000011000000000100000000001100000001000000000001100000010000000000001000000100000000001100000001001111111110000000010011111100000000000100000000110000000001000000000011000000010000000000011000000010000000000011000000100000000000011000001000000000000010000000000000000000110000000000000000000000000000000000000000000
0000000000000000000000000000000000000000000000011111111100000000001000000001100000000010000000000100000000100000000001000000001000000000110000000010000000011000000001000000011000000000011111111000000000000100010000000000000001000010000000000000010000010000000000000100000010000000000001000000010000000000010000000110000000000100000000110000000000000000000000000000000000000000000000000000000000000000
0000000000000000000000000000000000000000000000000000000000000000011111000000000000000100011000000000000011000001000000000000100000001000000000001000000010000000000010000000010000000000111111100100000000001100000101000000000011000001100000000000101111100100000000001000000000100000000010000000001000000000100000000001000000001000000000001000000000000000000011000000000000000000011100000000000000000000
0000000000000000000000000001100000000000000001101111100000000000110000001100000000001000000001100000000010000000001000000000100000000110000000001000000011000000000010001111000000000000111110000000000000001001110000000000000010000110000000000000100000110000000000001000000110000000000010000000110000000000100000000110000000000000000000110000000000000000000010000000000000000000000000000000000000000000
0000000000000000000000000000000000000000000011111111111000000000100000000011000000001000000000011000000010000000000010000000100000000001100000010000000000110000000100000000011000000001000000011000000000010111111000000000000100011100000000000000100000110000000000001000000110000000000010000000011000000000100000000011000000001000000000011000000010000000000010000000000000000000100000000000000000000000
0000111110000000000000011000011100000000000100000000110000000001000000000100000000010000000001000000000100000000010000000001000000001100000000010000011110000000001111111000000000000001001100000000000000010000111000000000000100000011000000000001000000001000000000010000000001000000000100000000001000000001000000000010000000010000000000100000000100000000000100000000000000000001000000000000000000100000
0000000000000000000000000000000000000000000001111111000000000000010000001100000000001100000001000000000010000000011000000000100000000100000000001000000011000000000010000001100000000000100000110000000000001111110000000000000011001100000000000000010001100000000000000100000100000000000001000000100000000000010000000100000000000100000001100000000000000000001100000000000000000000100000000000000000000000
0000000000000000000000000000000110000000000000000110111000000000000011000011000000000000100000001000000000001000000001000000000010000000010000000000100000000100000000001000000010000000000001000011100000000000011111100000000000000101100000000000000001000100000000000000010000110000000000000100000110000000000001000000110000000000000000000110000000000000000000110000000000000000000000000000000000000000
0000000000000000000000111111000000000000011000001111000000001100000000001100000010000000000001100000100000000000001100001000000000000001000010000000000000010000100000000000001100001001111000000110000010011001101110000000100001111110000000001000000000111000000010000000000011000000100000000000001000001000000000000001000010000000000000001000100000000000000010000000000000000000010000000000000000000000
0000000000000000000000000000000000000000000000011110000000000000111000011100000000001000000001100000000010000000001000000000100000000010000000001000000011000000000011110001100000000000111111100000000000000100011000000000000001000011000000000000110000011000000000001100000011000000000011000000011000000000010000000011000000000100000000011000000001000000000010000000010000000000000000000110000000000000
0000000000000000000000000111111000000000000001000011000000000000010000010000000000000100000010000000000001000001100000000000010000010000000000000100001100000000000001001110000000000000011110000000000000000100111000000000000001000011000000000000010000011000000000000100000011000000000000100000011000000000001000000010000000000010000000000000000001100000000000000000000000000000000000000000000000000000
0000000000000000000000000000000000000000000000011100000000000000001101110000000000000010000110000000000000100000100000000000001000001000000000000010000010000000000000100001100000000000001001110000000000000011110000000000000000101100000000000000001000110000000000000010000110000000000000100000110000000000001100000110000000000011000000110000000000110000000110000000000000000000100000000000000000000000
0000000000000000000000000000000000000000000001111100000000000000010000110000000000000100000011000000000001000000010000000000010000000100000000000100000001000000000001000000100000000000010000110000000000000111111000000000000001001111000000000000010000011000000000000100000011000000000000100000011000000000001000000011000000000010000000010000000000100000000110000000001000000000100000000000000000000000
0000000000000000000000000000000000000000000000000000000000000000001111110000000000000010000011000000000000100000011000000000001100000010000000000001000000100000000000010000011000000000000100001100000000000001111110000000000000010110000000000000000100011000000000000001000011000000000000011000011000000000000010000011000000000000100000011000000000001000000010000000000000000000000000000000000000000000
0000000000000000000000000000000000000000000000101110000000000000001100111000000000000010000011000000000000100000011000000000000100000010000000000001000000100000000000010000011000000000000100011100000000000001111000000000000000010011100000000000000100001100000000000001100001100000000000001000001100000000000010000001100000000000100000001100000000001000000001000000000000000000000000000000000000000000
0000000000000000000000000000000000000000000000000000000000000000001111100000000000000010000110000000000000100000100000000000001000001100000000000010000010000000000000100001100000000000001001110000000000000011110000000000000000100110000000000000001000110000000000000010000010000000000000100000110000000000001000000010000000000010000000010000000000100000000100000000000000000000000000000000000000000000
0000000000000000000000000000000000000000000000000111000000000000000011011100000000000001000001100000000000010000001000000000000100000010000000000001000000100000000000010000010000000000000100001100000000000001001100000000000000011110000000000000000100110000000000000001000010000000000000010000010000000000000100000010000000000001000000010000000000010000000010000000000000000000000000000000000000000000
0000000000000000000000000000000000000000000000111110000000000000010000110000000000000100000100000000000001000001000000000000010000010000000000000100001100000000000001000110000000000000011111000000000000000111100000000000000001001110000000000000010000110000000000000110000110000000000000100000110000000000001000000110000000000010000000110000000000100000000100000000000000000000000000000000000000000000
0000000000000000000000000000000000000000000000000000000000000000001111111000000000000010000011000000000000100000010000000000001000000010000000000010000001100000000000100000010000000000001000001100000000000010001100000000000000111110000000000000001001100000000000000010001100000000000000100000100000000000001000000100000000000010000000100000000000100000001100000000000000000000000000000000000000000000
0000000000000000000000000000000000000000000000001111000000000000001110011000000000000010000011000000000000100000010000000000001000000100000000000010000001000000000000100000100000000000001000011000000000000010011100000000000000111100000000000000001001100000000000000010000110000000000000100000110000000000001000000100000000000010000000100000000000100000000100000000000000000000000000000000000000000000
0001110000000000000000000011100000000000000100001100000000000001000001100000000000001000001000000000000010000110000000000001111111000000000000001110000000000000000001110000000000000000010110000000000000000100010000000000000001000010000000000000010000110000000000000010000110000000000000100000110000000000001000000110000000000010000000000000000000000000000000000000000000000000000000000000000000000000
0011100000000000000000101111000000000000011000011000000000000100000001000000000001000000010000000000010000001100000000000100011110000000000001111100000000000000010111000000000000000100011000000000000001000010000000000000010000010000000000000100000010000000000001000000110000000000010000000110000000000100000000110000000001000000000110000000010000000000110000000100000000000000000000000000000000000000
0000000000000000000000011111100000000000000100000110000000000001000000010000000000010000000110000000000100000000100000000001000000010000000000010000111100000000000111110000000000000001001110000000000000010000110000000000000100000110000000000001000000110000000000010000000110000000000100000000100000000001000000000100000000010000000001100000000100000000001100000001000000000000000000000000000000000000
0000011000000000000000000011100000000000000010001100000000000000100000110000000000001000000100000000000010000001000000000000100000110000000000001111111000000000000011110000000000000000100110000000000000001000110000000000000010000110000000000000100000110000000000001000000110000000000010000000100000000000010000000100000000000100000001110000000001000000000000000000000000000000000000000000000000000000
0000111100000000000000001001110000000000000010000110000000000001100000010000000000010000000110000000000100000001100000000001000001110000000000011111110000000000000101000000000000000001001000000000000000010001000000000000000100001000000000000001000011000000000000010000001100000000000100000001100000000000100000001100000000001000000001110000000010000000000110000000100000000000000000000000000000000000
0000000000000000000000000111111000000000000011000001100000000000100000001000000000001000000001000000000010000000110000000000100000011000000000001000111100000000000011111000000000000000100110000000000000001000110000000000000010000110000000000000100000100000000000001000000100000000000010000001100000000000100000001100000000001000000001101000000010000000001110000000100000000000000000000000000000000000
0000111100000000000000001001100000000000000010000100000000000000100000100000000000001000001000000000000010000110000000000001000001000000000000010001100000000000000111110000000000000000111000000000000000001011000000000000000010011000000000000000100001000000000000001000001000000000000010000001100000000000100000001100000000001000000001100000000010000000000110000000110000000000000000001100000000000000
0000000000000000000000000111110000000000000010000011000000000000100000010000000000011000000100000000000100000001000000000001000000010000000000010000001100000000000100000110000000000001000011000000000000011011100000000000000111110000000000000000100111000000000000001000011000000000000010000001100000000000100000001000000000001000000011000000000010000000011000000000100000000010000000001000000000000000
0000000000000000000000000011100000000000000001001110000000000000010000110000000000000100000100000000000001000001000000000000010000010000000000000100001100000000000001000110000000000000011111000000000000000011100000000000000000100110000000000000001000110000000000000010000110000000000000100000110000000000001000000100000000000010000001000000000000100000011000000000001000000011000000000010000000000000
0000111100000000000000011001111000000000000100000011000000000001000000010000000000010000000100000000000100000001000000000001000001110000000000010001110000000000001111110000000000000001110000000000000000010011000000000000000100011000000000000001000011000000000000010000011000000000000100000011000000000001000000011000000000010000000011000000000100000000011000000001000000000000000000000000000000000000
0000000000000000000000000111100000000000000010000110000000000000100000110000000000001000000100000000000010000001000000000000100000010000000000001000001100000000000010000110000000000000100111000000000000001111000000000000000001110000000000000000010110000000000000000100110000000000000001000110000000000000010000010000000000000100000010000000000001000000111000000000010000000011100000000000000000000000
0000000011111110000000000000100000110000000000010000000100000000000100000001000000000011000000001000000000010000000010000000000100000001100000000001000000010000000000011000001000000000000111011100000000000001111110000000000000011000100000000000000110000100000000000001100000100000000000011000001000000000000111000001000000000000110000010000000000001100000010000000000010000000000000000000000000000000
0000000000000000000000000000011000000000000000011011100000000000000100001100000000000011000001100000000000010000001000000000000100000010000000000001000000100000000000010000011000000000000100000100000000000001011110000000000000011011000000000000000110001000000000000000100001000000000000001000001000000000000010000001000000000000100000001000000000000100000001000000000000000000010000000000000000000000
0000000000000000000000000000011110000000000000000100110000000000000010000010000000000000100000100000000000011000001000000000000100000010000000000001000000100000000000010000011000000000000110001100000000000001111100000000000000011010000000000000000110010000000000000001100010000000000000001000110000000000000010000110000000000000100000100000000000001000001100000000000000000000000000000000000000000000
0000000000000000000000000000111110000000000000001000110000000000000100000110000000000001100000110000000000011000000100000000000110000001000000000001100000100000000000001000001000000000000010011100000000000000111000000000000000001110000000000000000011010000000000000000110010000000000000000100010000000000000001000110000000000000010000010000000000000100000110000000000000000000000000000000000000000000
0000000000000000000000000001111000000000000000110011100000000000001000000100000000000010000000100000000000100000000100000000001100000001000000000011000000010000000000110000000100000000001110000011000000000001100001100000000000011111110000000000000110100000000000000001100110000000000000011000110000000000000110000110000000000000100000110000000000001000000100000000000010000000100000000000000000001100
0000000011110000000000000001000011000000000001010000001000000000011100000010000000000011000000010000000000110000000100000000000100000001000000000001000000110000000000010011110000000000000110110000000000000000100110000000000000001000110000000000000010000100000000000000100000100000000000001000000100000000000010000001100000000000100000001100000000000000000000000000000000000000000000000000000000000000
0000000000010000000000000000111111100000000000011000001100000000000100000001000000000001000000010000000000110000000100000000001100000001000000000011000000010000000000110000001100000000000100000110000000000001001110000000000000011011000000000000000110001100000000000001100001000000000000011000001000000000000110000001000000000000100000011000000000001000000010000000000010000000010000000000000000000000
0000000011111000000000000001100001000000000000100000001000000000001000000001000000000100000000010000000001100000000100000000010000000001000000000110000000110000000001100000001000000000010100111100000000000111011000000000000000110001100000000000001100001000000000000011000001000000000000110000001000000000001100000011000000000001000000011000000000010000000000000000000000000000000000000000000000000000
0000000001100000000000000001100110000000000000100000110000000000001000000110000000000110000000100000000001100000001000000000011000000010000000000110000000100000000001110000011000000000010111011000000000000101011100000000000001010001100000000000010100001000000000000101000001000000000000110000001000000000001100000010000000000011000000110000000000110000000100000000001100000001100000000000000000000000
0000000000000000000000000000111000000000000000001011100000000000000100000100000000000001000000100000000000010000001000000000000100000010000000000001000001100000000000010000110000000000000100011000000000000000111100000000000000011100000000000000000010110000000000000000100110000000000000001000011000000000000110000011100000000001000000011000000000000000000000000000000000000000000000000000000000000000
0000000000000000000000000000111100000000000000011000110000000000001100000110000000000010000000100000000000100000001000000000001000000010000000000010000001100000000000100000110000000000001000111000000000000010111000000000000000111111000000000000001000011000000000000010000001100000000000100000001100000000001000000001100000000010000000000000000000100000000000000000000000000000000000000000000000000000
0000000000000000000000000000001100000000000000011101110000000000000100000110000000000001000000100000000000010000001000000000000100000110000000000001000011000000000000010011100000000000001001100000000000000011110000000000000000111100000000000000001000110000000000000010000110000000000000100000110000000000001000000110000000000010000000110000000000100000000110000000000000000000000000000000000000000000
0000000000110000000000000000110111000000000000100000011000000000001000000010000000000011000000100000000000010000001000000000000100000100000000000001000111000000000000010011000000000000001101100000000000000011110000000000000000100110000000000000001000110000000000000010000110000000000000100000110000000000001000000110000000000010000000110000000000100000000000000000000000000000000000000000000000000000
0000000000000000000000000001111000000000000000110001100000000000001000000110000000000010000000100000000000100000001000000000001000000110000000000010000001000000000000100000110000000000001000011000000000000010001100000000000000101100000000000000001111000000000000000010011100000000000000100001100000000000001000001100000000000010000001100000000000100000001100000000001000000001000000000010000000000000
0000000000000000000000000000011110000000000000011100111000000000000100000011000000000001000000010000000000010000000100000000000100000011000000000001000001100000000000010000110000000000000100111000000000000001011000000000000000011000000000000000000111000000000000000001011000000000000000010011000000000000001100001000000000000010000001000000000000100000011000000000001000000000000000000000000000000000
0000000000000000000000000001111000000000000000100001100000000000001000000100000000000001000001100000000000010000001000000000000100000110000000000001000011000000000000010001100000000000000101110000000000000001110000000000000000011000000000000000001101100000000000000010000100000000000000100001100000000000001000001100000000000010000001100000000000100000001000000000001000000011000000000000000000000000
0000000000000000000000000011111000000000000001100011000000000000010000001000000000000100000011000000000001000000010000000000010000001100000000000100000010000000000001000001000000000000010000100000000000000100110000000000000001011000000000000000011110000000000000000100111000000000000001000011000000000000010000011000000000000100000011000000000001000000011000000000010000000011000000000100000000010000
0000000000000000000000000000000000000000000001111110000000000000010000110000000000000100000010000000000001000000100000000000010000010000000000000100001100000000000001001100000000000000010110000000000000000111000000000000000001011000000000000000010001000000000000000100001000000000000001000001000000000000010000001000000000000100000011000000000001000000011000000000000000000011000000000000000000110000
0000000000000000000000000000000000000000000000011111100000000000001000000110000000000010000000100000000000100000001000000000001000000010000000000010000011100000000000100001100000000000001001100000000000000011110000000000000000111110000000000000001000110000000000000010000110000000000000100000110000000000001000000110000000000010000000110000000000100000000010000000000000000000110000000000000000000000
0000000111100000000000000110001100000000000011000001000000000000100000010000000000001000000100000000000100000001000000000001000000110000000000010000001000000000000100000100000000000010000010000000000000101111000000000000001011110000000000000010000110000000000000100000100000000000001000000100000000000001000001100000000000010000001000000000000100000010000000000000000000110000000000000000000100000000
0000000000000000000000000000000000000000000111110000000000000001000011111000000000010000000001110000000100000000000100000001000000000001000000010000000000110000000100000000011000000001000000011000000000011111111100000000000101111000000000000001000011000000000000010000011000000000000100000011000000000001000000011000000000010000000011000000000000000000000000000000000000000000000000000000000000000000
0000000000000000000000001111111000000000000010000001110000000000100000000110000000010000000000110000000100000000000100000001000000000001000000010000000000010000000100000000000100000001000000000110000000010000000111000000000111111111000000000001000011000000000000010000011000000000000100000011000000000001000000010000000000010000000110000000000100000000110000000000000000000000000000000000000000000000
0000000000000000000000000011111110000000000011100000110000000000100000000110000000001000000000100000000010000000001100000000100000000011000000001000000001100000000011111101110000000001111111100000000000010000000110000000000100000000110000000001000000000110000000010000000000100000000100000000001100000001000000000001000000010000000000010000000100000000000000000000000000000000000000000000000000000000
0000000000000000000000010000000000000000000111111111111000000001000000000011100000110000000000001000001000000000000010000010000000000001100000100000000000110000001000000000111000000010011111111000000000100111001100000000001000000001100000000010000000001100000000100000000001000000001000000000001000000010000000000011000000100000000000011000001100000000000000000000000000000000000000000000000000000000
0000000000000000000000000111111000000000000001000011100000000000010000000100000000001100000001100000000010000000001000000000100000000010000000001000000000100000000010000000010000000000100000001100000000001000111110000000000011111111000000000001100000001000000000010000000011000000000100000000010000000001000000000110000000010000000000100000000100000000001100000000000000000001000000000000000000000000
0000000000000000000000000111111000000000000001000001110000000000110000000110000000001000000000100000000010000000001000000000100000000010000000010000000001100000000100000000110000000001000000011000000000010000011100000000000100111111100000000001000000000100000000010000000001100000000100000000001000000001000000000011000000010000000000011000000100000000000100000001000000000000000000000000000000000000
0000000011110000000000000011000110000000000001100000110000000000010000000100000000001100000001000000000010000000010000000000100000000100000000001000000001000000000010000000110000000000100000001000000000011001111100000000000100011110000000000001000000100000000000010000000100000000000100000001100000000001000000001000000000010000000001000000000100000000011000000000000000000011000000000000000000000000
0000011111000000000000001100011000000000000010000011000000000000100000010000000000011000000100000000000100000001000000000001000000110000000000010000011000000000000100111000000000000010111001100000000000100000001000000000001000000011000000000010000000010000000000100000000100000000001000000001100000000010000000001000000000100000000011000000000000000000011000000000000000000000000000000000000000000000
0000001111100000000000000100001100000000000011000000100000000000100000001000000000011000000010000000000100000000100000000001000000001000000000010000000100000000000100001110000000000001001111100000000000010000001000000000000100000010000000000001000000100000000000010000000100000000000100000001000000000001000000010000000000010000000010000000000100000000100000000000000000001100000000000000000001000000
0000001111111000000000000110000001100000000001000000001000000000001000000011000000000010000000010000000000100000001000000000001000000110000000000010000011000000000000111111100000000000001011100000000000000011001100000000000000010001110000000000000100000100000000000001000000100000000000010000000100000000000100000001100000000001000000001100000000000000000001000000000000000000010000000000000000000000
0000000000000000000000000011111000000000000011100001100000000000110000000110000000001100000000100000000011000000001000000000110000000100000000000100000111000000000001111111000000000000011110000000000000000100010000000000000001000010000000000000010000010000000000000100000010000000000001000000110000000000010000000110000000000100000000100000000011000000001000000000110000000011000000000000000000000000
0000000000000000000000000000000000000000000000011111000000000000001100001100000000000010000001000000000001100000010000000000011000000100000000000110000111000000000001100110000000000000001000110000000000000010000100000000000000100001100000000000001000001000000000000010000010000000000000100000100000000000001000001000000000000000000010000000000000000000010100000000000000000111000000000000000000000000
0000000000000000000000000000000000000000000000011111100000000000001100000100000000000011000000100000000000100000001000000000001000000010000000000010000001100000000000111111110000000000001111100000000000000010001000000000000000100011000000000000001000011000000000000010000010000000000000100000010000000000001100000110000000000011000000100000000000110000001100000000000000000001000000000000000000000000
0000000000000000000000000000011000000000000000011001111000000000001100000011000000000011000000011000000000110000000010000000001100000000100000000011000000011000000000110000011100000000001111111100000000000011001100000000000000110001100000000000001100001100000000000011000001100000000000110000001000000000001100000001000000000011000000011000000000110000000011000000000000000000000000000000000000000000
0000001111110000000000000010000111000000000001100000011000000000010000000011000000000100000000110000000001000000001000000000010000000100000000000100000110000000000001011111000000000000011100000000000000000100100000000000000001001100000000000000010001000000000000000100011000000000000011000010000000000000100000110000000000001000000110000000000010000000110000000000100000000110000000001000000000000000
0000000000000000000000000011111110000000000000100000110000000000001000000010000000000010000000100000000000100000001000000000001000000110000000000010000011000000000000100111100000000000001111000000000000000010110000000000000000100011000000000000001000011000000000000010000011000000000000100000011000000000001000000011000000000010000000011000000000100000000000000000001000000000000000000000000000000000
0000000000000000000000000000011000000000000000011111100000000000000100000110000000000001000000110000000000010000000100000000000100000001000000000001000000010000000000010000001100000000000100001110000000000001111100000000000000010001100000000000000100001100000000000001000001100000000000010000001100000000000100000001100000000001000000001100000000010000000001000000000000000000000000000000000000000000
0000000000000000000000000011111100000000000000110001110000000000000100000100000000000001000000100000000000010000001000000000000100000110000000000001000111000000000000010111000000000000000111000000000000000001110000000000000000010111000000000000000100011000000000000001000010000000000000010000010000000000000100000010000000000001000000110000000000000000000000000000000000000000000000000000000000000000
0000000000000000000000000000000000000000000000011111111100000000000100000001100000000001100000001100000000001000000001000000000010000000010000000000100000001000000000001000000110000000000010001111000000000000111100000000000000001011100000000000000010001100000000000000100001100000000000001000001100000000000010000001100000000000100000001100000000001000000000000000000010000000000000000000000000000000