0000000000000000000000000000000000000000000000000000000000000001111111111111110000000000010000000000000000000100000000000000000001000000000000000000010000000000000000000100000000000000000001000000000000000000010000000000000000000100000000000000000001000000000000000000010000000000000000000100000000000000000001000000000000000000010000000000000000000100000000000000000001100000000000000000001000000000
0000000000000000000000000000000000000000000111111111110000000000000000000011110000000000010000000000000000000100000000000000000001000000000000000000010000000000000000000100000000000000000001000000000000000000010000000000000000000100000000000000000001000000000000000000010000000000000000000100000000000000000001000000000000000000001000000000000000000010000000000000000000100000000000000000000000000000
0000000000000000000000000000000000000000000000000000000000000010111111111111111000000000000000000000000000000010000000000000000000100000000000000000001000000000000000000010000000000000000000100000000000000000001000000000000000000010000000000000000000110000000000000000000100000000000000000001000000000000000000010000000000000000000100000000000000000001000000000000000000010000000000000000000100000000
0000000000000000000000000000000000000000000000000000000000000001111111111111100000000000000000001110000000000010000000000000000001000000000000000000010000000000000000000100000000000000000001000000000000000000010000000000000000000110000000000000000000100000000000000000001000000000000000000010000000000000000000100000000000000000001100000000000000000001000000000000000000010000000000000000000000000000
0000000000000000000000000000000000000000000000000000000000000000000000000111110000111111111110000000000000000010000000000000000000100000000000000000001000000000000000000010000000000000000000100000000000000000001000000000000000000010000000000000000000100000000000000000000100000000000000000001000000000000000000010000000000000000000100000000000000000001000000000000000000010000000000000000000000000000
0000000000000000000000000000000000000000000000000000000000000001111111111111111000000000000100000000000000000001000000000000000000010000000000000000000100000000000000000001000000000000000000010000000000000000000100000000000000000001000000000000000000010000000000000000000100000000000000000001000000000000000000010000000000000000000100000000000000000001000000000000000000010000000000000000000000000000
0000000000000000000000000000000000000000000000000000000000000001111111111111111100000000000000000000000000000010000000000000000000100000000000000000001000000000000000000010000000000000000000010000000000000000000100000000000000000010000000000000000000100000000000000000001000000000000000000010000000000000000000110000000000000000000100000000000000000001000000000000000000000000000000000000000000000000
0000000000000000000000000000000000000000000000000000000000000000000000000000000000110000000001111000000011111111100000000000000000000000000000000000010000000000000000000100000000000000000000100000000000000000001000000000000000000010000000000000000000100000000000000000001000000000000000000010000000000000000000100000000000000000001000000000000000000001000000000000000000000000000000000000000000000000
0000000000000000000000000000000000000000000000000000000000000000000000000000000000000000000000000000000000000000000000000000000000000000000000000100000001111100000001111111100000000000000000000000000000000000001000000000000000000010000000000000000000100000000000000000001000000000000000000010000000000000000000100000000000000000010000000000000000000100000000000000000001000000000000000000000000000000
0000000000000000000000011111111111100000000000001000000000000000000010000000000000000000100000000000000000001000000000000000000010000000000000000000100000000000000000001000000000000000000010000000000000000000100000000000000000001000000000000000000010000000000000000000100000000000000000001000000000000000000010000000000000000000110000000000000000000100000000000000000000000000000000000000000000000000
0000000000000000000000011110000001111100000000111111110001000000000000000000000000000000001000000000000000000010000000000000000000100000000000000000001000000000000000000010000000000000000000100000000000000000001000000000000000000010000000000000000000110000000000000000000100000000000000000001000000000000000000010000000000000000000100000000000000000001000000000000000000010000000000000000000000000000
0000000000000000000000000000000000000000000011111111111111100000000000100000000000000000001000000000000000000010000000000000000000100000000000000000001000000000000000000010000000000000000000100000000000000000001000000000000000000010000000000000000000100000000000000000001000000000000000000010000000000000000000100000000000000000001000000000000000000010000000000000000000000000000000000000000000000000
0000000000000000000000000000000000000000000000000000000000000001111111111111111000000000001000000000000000000010000000000000000000100000000000000000001000000000000000000010000000000000000000100000000000000000001000000000000000000010000000000000000000100000000000000000001000000000000000000010000000000000000000100000000000000000001000000000000000000000000000000000000000000000000000000000000000000000
0000000000000000000000000000000000000000000000000000000000000000111000000000000000000011111111111111000000000001000000000000000000010000000000000000000100000000000000000001000000000000000000010000000000000000000100000000000000000001000000000000000000010000000000000000000100000000000000000001000000000000000000010000000000000000000100000000000000000001000000000000000000000000000000000000000000000000
0000000000000000000000000000000000000000000000000000000000000000011111111111111100000000000000000000000000000001000000000000000000010000000000000000000100000000000000000001000000000000000000010000000000000000000100000000000000000001000000000000000000010000000000000000000100000000000000000001000000000000000000010000000000000000000100000000000000000001000000000000000000000000000000000000000000000000
0000000000000000000000000000000000000000000000000000000000000000111111111111110000000000000000000000000000000010000000000000000000100000000000000000001000000000000000000010000000000000000000100000000000000000001000000000000000000010000000000000000000100000000000000000001000000000000000000010000000000000000000100000000000000000001000000000000000000010000000000000000000100000000000000000000000000000
0000000000000000000000000000000000000000000000000000000000000000111111111111111000000000000000000000000000000010000000000000000000100000000000000000001000000000000000000010000000000000000000100000000000000000001000000000000000000010000000000000000000100000000000000000001000000000000000000010000000000000000000100000000000000000001000000000000000000010000000000000000000000000000000000000000000000000
0000000000000000000000000000000000000000000000000000000000000000000000000000000000001111111111111110000000000010000000000000000000100000000000000000001000000000000000000010000000000000000000100000000000000000001000000000000000000010000000000000000000100000000000000000001000000000000000000010000000000000000000100000000000000000001100000000000000000011000000000000000000000000000000000000000000000000
0000000000000000000000000000000000000000000000000000000000000000111111111111110000000000001000000000000000000010000000000000000000100000000000000000001000000000000000000010000000000000000001000000000000000000010000000000000000000110000000000000000000100000000000000000001000000000000000000010000000000000000000100000000000000000001000000000000000000010000000000000000000000000000000000000000000000000
0000000000000000000000000000000000000000000000000000000000000000000000000000000000001111111111111110000000000010000000000000000000100000000000000000001000000000000000000010000000000000000000100000000000000000001000000000000000000010000000000000000000100000000000000000001000000000000000000010000000000000000000100000000000000000001000000000000000000010000000000000000000000000000000000000000000000000
1111000000000000000000011111111111111000000000000100000000000000000001000000000000000000010000000000000000000100000000000000000001000000000000000000010000000000000000000100000000000000000001000000000000000000001000000000000000000010000000000000000000100000000000000000001000000000000000000010000000000000000000100000000000000000001000000000000000000011000000000000000000010000000000000000000100000000
1100000000000000000001111111111111111110000000000000000000000000000000100000000000000000001000000000000000000010000000000000000000100000000000000000001000000000000000000010000000000000000001000000000000000000010000000000000000000100000000000000000000100000000000000000001000000000000000000010000000000000000000100000000000000000001000000000000000000010000000000000000000100000000000000000001000000000
0000000000000000000011111111111111111100000000000010000000000000000000100000000000000000001000000000000000000110000000000000000001000000000000000000010000000000000000000100000000000000000001000000000000000000010000000000000000000100000000000000000001000000000000000000010000000000000000000100000000000000000001000000000000000000010000000000000000000100000000000000000001000000000000000000000000000000
0000000000000000000011111111111111111100000000000100000001100000000001000000000000000000010000000000000000000100000000000000000001000000000000000000010000000000000000000100000000000000000001000000000000000000010000000000000000000100000000000000000001000000000000000000010000000000000000000100000000000000000001000000000000000000010000000000000000000100000000000000000001000000000000000000010000000000
0111111000000000000000000011111111111100000000000010000000000000000000100000000000000000001000000000000000000010000000000000000000100000000000000000001000000000000000000010000000000000000000100000000000000000001000000000000000000010000000000000000000100000000000000000001000000000000000000010000000000000000000100000000000000000001000000000000000000010000000000000000000100000000000000000000000000000
1111110000000000000000000111111111111110000000000010000000000000000000100000000000000000001000000000000000000010000000000000000000100000000000000000001000000000000000000010000000000000000001100000000000000000010000000000000000000100000000000000000000100000000000000000001000000000000000000010000000000000000000100000000000000000001000000000000000000010000000000000000000100000000000000000000000000000
0000000000000000000011111111111111111110000000000010000000000000000000100000000000000000001000000000000000000010000000000000000000100000000000000000001000000000000000000010000000000000000000100000000000000000001000000000000000000010000000000000000000100000000000000000001000000000000000000010000000000000000000100000000000000000001000000000000000000010000000000000000000100000000000000000000000000000
0000000000000000000001111111111111111111000000000010000000000000000000100000000000000000001000000000000000000010000000000000000000100000000000000000001000000000000000000001000000000000000000010000000000000000000100000000000000000001000000000000000000010000000000000000000100000000000000000001000000000000000000010000000000000000000100000000000000000001000000000000000000000000000000000000000000000000
0000000000000000000001111111111111111100000000000010000000000000000000100000000000000000001000000000000000000010000000000000000000100000000000000000001000000000000000000010000000000000000001100000000000000000010000000000000000000100000000000000000001000000000000000000001000000000000000000010000000000000000000100000000000000000001000000000000000000010000000000000000000100000000000000000000000000000
0000000000000000000001111111111111111110000000000100000000000000000001000000000000000000010000000000000000000100000000000000000001000000000000000000010000000000000000000100000000000000000001000000000000000000010000000000000000000100000000000000000001000000000000000000010000000000000000000100000000000000000001000000000000000000010000000000000000000100000000000000000000000000000000000000000000000000
0000000000000000000000000000000000000000000000000011111110000000111111010000000000000000000100000000000000000001000000000000000000010000000000000000000100000000000000000001000000000000000000010000000000000000000100000000000000000001000000000000000000010000000000000000000100000000000000000001000000000000000000010000000000000000000100000000000000000001000000000000000000010000000000000000000000000000
0000000000000000000000000000000000011000000111111111111000000000000000100000000000000000001000000000000000000010000000000000000000100000000000000000001000000000000000000010000000000000000000100000000000000000001000000000000000000010000000000000000000100000000000000000001000000000000000000010000000000000000000100000000000000000001100000000000000000001000000000000000000000000000000000000000000000000
0000000000000000000000000000000000000000000000000000000110000001111111111110000000000000010000000000000000000010000000000000000000100000000000000000001000000000000000000010000000000000000000100000000000000000001000000000000000000010000000000000000000100000000000000000001000000000000000000010000000000000000000100000000000000000001000000000000000000001000000000000000000000000000000000000000000000000
0000000000000000000000000000000000000000000000000000111000000001111111110000000000000000010000000000000000000100000000000000000001000000000000000000010000000000000000000010000000000000000000100000000000000000001000000000000000000010000000000000000000100000000000000000001000000000000000000010000000000000000000100000000000000000001000000000000000000010000000000000000000100000000000000000000000000000
0000000000000000000000000000000000000000000000000011111110000000011111000000000000000000000100000000000000000001000000000000000000010000000000000000000100000000000000000001000000000000000000010000000000000000000100000000000000000001000000000000000000010000000000000000000100000000000000000001000000000000000000010000000000000000001100000000000000000010000000000000000000000000000000000000000000000000
0000000000000000000000000000000000000000000011110000111100000000000111111000000000000000001000000000000000000010000000000000000000100000000000000000001000000000000000000010000000000000000000100000000000000000001000000000000000000010000000000000000000100000000000000000001000000000000000000010000000000000000000100000000000000000001000000000000000000010000000000000000000000000000000000000000000000000
0000000000000000000000000000000000000000000000000001111100000001111111100000000000000000001000000000000000000010000000000000000000100000000000000000001000000000000000000010000000000000000000100000000000000000001000000000000000000010000000000000000000100000000000000000001000000000000000000010000000000000000000100000000000000000001000000000000000000010000000000000000000000000000000000000000000000000
0000000000000000000000000000000000000000000000000000000000000000011111111111100000001000000100000000000000000001000000000000000000010000000000000000000100000000000000000001000000000000000000010000000000000000000100000000000000000001000000000000000000010000000000000000000100000000000000000001000000000000000000010000000000000000000100000000000000000001000000000000000000010000000000000000000000000000
0000000000000000000000000000000000000000000000000000000000000000000000000000000001111111111111100000000000001000000000000000000010000000000000000000100000000000000000001000000000000000000010000000000000000000100000000000000000001000000000000000000001000000000000000000010000000000000000000100000000000000000001000000000000000000010000000000000000000100000000000000000011000000000000000000000000000000
0000000000000000000000000000000000000000000000000000000000000000000000000111100000000000111110000000000011110011000000000000000000010000000000000000000100000000000000000001000000000000000000010000000000000000000100000000000000000001000000000000000000010000000000000000000100000000000000000001000000000000000000010000000000000000000100000000000000000001000000000000000000010000000000000000000000000000
0000000000000000000000000000000111111000000111111111000000000000000000110000000000000000001000000000000000000010000000000000000000100000000000000000001000000000000000000010000000000000000000100000000000000000001000000000000000000010000000000000000000100000000000000000001000000000000000000010000000000000000000100000000000000000001000000000000000000000000000000000000000000000000000000000000000000000
0000000000000000000000111111111111110000001000000010000000000000000000100000000000000000001000000000000000000010000000000000000000100000000000000000001000000000000000000010000000000000000000100000000000000000001000000000000000000010000000000000000000100000000000000000001000000000000000000010000000000000000000100000000000000000011000000000000000000000000000000000000000000000000000000000000000000000
0000000000000000000000011111000000011100001100011111111100000000000000100000000000000000001000000000000000000010000000000000000000100000000000000000001000000000000000000010000000000000000000100000000000000000001000000000000000000010000000000000000000100000000000000000001000000000000000000010000000000000000000100000000000000000001000000000000000000010000000000000000000100000000000000000000000000000
0000000000000000000000000000000111111110001111111111000000000000000000010000000000000000000100000000000000000001000000000000000000010000000000000000000100000000000000000001000000000000000000010000000000000000000100000000000000000001000000000000000000010000000000000000000100000000000000000001000000000000000000010000000000000000000100000000000000000001000000000000000000010000000000000000000000000000
0000000000000000000000000000000000000000011111111111111100000000000001000000000000000000010000000000000000000100000000000000000001000000000000000000010000000000000000000100000000000000000001100000000000000000001000000000000000000010000000000000000000100000000000000000001000000000000000000010000000000000000000100000000000000000001000000000000000000010000000000000000000100000000000000000000000000000
0000000000000000000001111111111111111100000000000010000000000000000000100000000000000000001000000000000000000010000000000000000000100000000000000000001000000000000000000010000000000000000000100000000000000000001000000000000000000010000000000000000000100000000000000000001000000000000000000010000000000000000000100000000000000000001000000000000000000010000000000000000000000000000000000000000000000000
0000000000000000000000000000000000000000000111111111111110000001000000010000000000000000000100000000000000000001000000000000000000010000000000000000000100000000000000000001000000000000000000001000000000000000000010000000000000000000100000000000000000001000000000000000000010000000000000000000100000000000000000001000000000000000000010000000000000000000100000000000000000001000000000000000000010000000
0000000000000000000000000000000000000000001111111111111100000010000001000000000000000000010000000000000000000100000000000000000001000000000000000000010000000000000000000100000000000000000001100000000000000000001000000000000000000010000000000000000000100000000000000000001000000000000000000010000000000000000000100000000000000000001000000000000000000010000000000000000000100000000000000000000000000000
0000000000000000000000000000000000000000001111111111111110000000000000100000000000000000001000000000000000000010000000000000000000100000000000000000001000000000000000000010000000000000000000100000000000000000001000000000000000000010000000000000000000100000000000000000001000000000000000000010000000000000000000100000000000000000001000000000000000000011000000000000000000000000000000000000000000000000
0000000000000000000000011111111111111100000000000001000000000000000000010000000000000000000100000000000000000001000000000000000000010000000000000000000100000000000000000001000000000000000000010000000000000000000100000000000000000001000000000000000000010000000000000000000100000000000000000001000000000000000000010000000000000000000100000000000000000001000000000000000000000000000000000000000000000000
0000000000000000000000000000000000000000000000011111110000000001111000000000000000000000000000000000000000001000000000000000000010000000000000000000100000000000000000001000000000000000000010000000000000000001000000000000000000010000000000000000000100000000000000000001000000000000000000010000000000000000000100000000000000000001000000000000000000010000000000000000000000000000000000000000000000000000
0000000000000000000000111111111111111000001000000100000000000000000011000000000000000000100000000000000000001000000000000000000010000000000000000000100000000000000000001000000000000000000010000000000000000001000000000000000000010000000000000000000100000000000000000001000000000000000000010000000000000000000100000000000000000001000000000000000000010000000000000000000100000000000000000001000000000000
0000000000000000000000010111111111111111000111000001100000000000000000001000000000000000000010000000000000000000100000000000000000001000000000000000000010000000000000000000100000000000000000001000000000000000000010000000000000000000100000000000000000001000000000000000000010000000000000000000100000000000000000001000000000000000000010000000000000000000100000000000000000001000000000000000000010000000
0000000000000000000000000000000001111111000000011111110000000011111100010000000000000000000100000000000000000001000000000000000000010000000000000000000100000000000000000001100000000000000000001000000000000000000010000000000000000000100000000000000000001000000000000000000010000000000000000000100000000000000000001000000000000000000010000000000000000000000000000000000000000000000000000000000000000000
0000000000000000000000000000000000000000000000000000000000000000110111111111110000000111000010000011000000000001100000000000000000010000000000000000000100000000000000000001000000000000000000010000000000000000000100000000000000000001000000000000000000110000000000000000001000000000000000000010000000000000000000100000000000000000001000000000000000000110000000000000000000000000000000000000000000000000
0000000000000000000000001100000000011111000001111111111100000000000000000000000000000000000100000000000000000001000000000000000000010000000000000000000100000000000000000001000000000000000000100000000000000000001000000000000000000010000000000000000000100000000000000000001000000000000000000010000000000000000000100000000000000000000100000000000000000011000000000000000000000000000000000000000000000000
0000000000000000000001111111111111000000000000100000000000000000011000000000000000000100000000000000000001000000000000000000010000000000000000000100000000000000000001000000000000000000110000000000000000001000000000000000000010000000000000000000100000000000000000001000000000000000000010000000000000000000100000000000000000011000000000000000000110000000000000000000000000000000000000000000000000000000
0000000000000000000000000000000000000000000001111111111111100000000000000000000000000000000100000000000000000001000000000000000000010000000000000000000100000000000000000001000000000000000000010000000000000000000100000000000000000001000000000000000000011000000000000000000010000000000000000000100000000000000000001000000000000000000010000000000000000000100000000000000000001000000000000000000010000000
0000000000000000000000000000000000011100011111111111111100000000000000000000000000000000010000000000000000000010000000000000000000100000000000000000001000000000000000000010000000000000000000100000000000000000001000000000000000000010000000000000000000100000000000000000001000000000000000000010000000000000000000100000000000000000001000000000000000000010000000000000000000100000000000000000000000000000
0000000000000000000000000000000000111100011111111111111111100000000001000000100000000000010000000000000000000100000000000000000001000000000000000000010000000000000000000100000000000000000001000000000000000000010000000000000000000100000000000000000001000000000000000000010000000000000000000100000000000000000001000000000000000000010000000000000000000100000000000000000001000000000000000000000000000000
0000000000000000000000000000000000001100000001111111111111000000000000100000000000000000001000000000000000000010000000000000000000100000000000000000001000000000000000000010000000000000000000100000000000000000001000000000000000000010000000000000000000100000000000000000001000000000000000000010000000000000000000100000000000000000011000000000000000000100000000000000000000000000000000000000000000000000
0000000000000000000000000000000000000000000000000000000111110000010111111111000000000000000000000000000000000011000000000000000000010000000000000000000100000000000000000001000000000000000000010000000000000000000100000000000000000001000000000000000000010000000000000000000100000000000000000010000000000000000000100000000000000000001000000000000000000010000000000000000000000000000000000000000000000000
0000000000000000000000000000000000000000000000000000000000000000000111111111111000000111001000000000000000000011000000000000000000010000000000000000000100000000000000000001000000000000000000010000000000000000000100000000000000000001000000000000000000010000000000000000001000000000000000000010000000000000000000100000000000000000001000000000000000000010000000000000000000000000000000000000000000000000
0000000000000000000000000000000000000000000000000000000000000000001111111111111000000000001000000000000000000001000000000000000000010000000000000000000100000000000000000001000000000000000000010000000000000000000100000000000000000001000000000000000000010000000000000000000100000000000000000001000000000000000000010000000000000000000100000000000000000001000000000000000000000000000000000000000000000000
0000000000000000000000000000000000000000000000000000000000000000000011111111111000000111001000000000000000000010000000000000000000100000000000000000001000000000000000000010000000000000000000100000000000000000001000000000000000000010000000000000000000100000000000000000001000000000000000000010000000000000000000100000000000000000001000000000000000000010000000000000000000000000000000000000000000000000
0000000000000000000000000000000000000000000000000000000000000000000011111111111000011111010000000000000000000110000000000000000000100000000000000000001000000000000000000010000000000000000000100000000000000000001000000000000000000010000000000000000000100000000000000000001000000000000000000010000000000000000000100000000000000000001000000000000000000010000000000000000000100000000000000000000000000000
0000000000000000000000000000000000000000000000000000000000000000000000000000000000000000011111111110000000111000000000000000000000110000000000000000000100000000000000000001000000000000000000010000000000000000000100000000000000000001000000000000000000010000000000000000000100000000000000000001000000000000000000010000000000000000001000000000000000000011000000000000000000010000000000000000000000000000
0000000000000000000000000000000000000000000000000000011111000000111111111000000000000000010000000000000000000100000000000000000001000000000000000000010000000000000000000100000000000000000001000000000000000000010000000000000000000100000000000000000001000000000000000000010000000000000000000100000000000000000001000000000000000000010000000000000000000100000000000000000001000000000000000000000000000000
0000000000000000000000000000000000000000000000000000001111110001111111111110000000000000010000000000000000000110000000000000000000100000000000000000001000000000000000000010000000000000000000100000000000000000001000000000000000000010000000000000000000100000000000000000001000000000000000000010000000000000000000100000000000000000001000000000000000000010000000000000000001000000000000000000010000000000
0000000000000000000000000000000000000000000000000000000111110000111111111110000000000000001000000000000000000010000000000000000000100000000000000000001000000000000000000010000000000000000000100000000000000000001000000000000000000010000000000000000000100000000000000000001000000000000000000010000000000000000000100000000000000000001000000000000000000010000000000000000000000000000000000000000000000000