0000000000000000000000000000000000011000000000000000001100000001100000000110000000000100000001000000000000100000100000000000001100010000000000000001001000000000000000001100000000000000000011000000000000000000101000000000000000010011000000000000001000010000000000000100000010000000000010000000010000000001100000000010000000010000000000010000000000000000000010000000000000000000010000000000000000000000
0000000000000000000000000000000000000000000000000000000000110000000000000000010000000110000000011000000000100000000100000000000100000110000000000000100010000000000000001000100000000000000001110000000000000000001000000000000000000101000000000000000010010000000000000001000011000000000000100000010000000000010000000010000000001000000000010000000000000000000110000000000000000000110000000000000000000000
0000000000000000000001000000000000000001001000000000000000100011000000000000011000010000000000001000000010000000000100000000010000000011000000000110000001000000000000100000100000000000000100010000000000000000101000000000000000000100000000000000000010100000000000000001001100000000000000110001000000000000010000001000000000001000000001000000000100000000001100000000000000000001100000000000000000001000
0000000000000000000000000000000000000110000000000000000001000001100000000001100000001100000000010000000001000000011000000000001000000100000000000001000110000000000000010010000000000000000011000000000000000000110000000000000000010010000000000000001100010000000000000100000110000000000010000000100000000001000000000100000000000000000000100000000000000000001100000000000000000001100000000000000000000000
0000000000000000000000000000000000000000001000000000000011000011000000000001100000010000000000100000000010000000110000000000100000010000000000000100000100000000000000100010000000000000001011000000000000000001000000000000000000110000000000000000010010000000000000001000110000000000000100000010000000000010000000010000000011000000000011000000000000000000011100000000000000000000000000000000000000000000
0000000000000000000000000000000000001100000011000000000110000000010000000010000000000110000001000000000000110000100000000000000010010000000000000000011000000000000000000110000000000000000010010000000000000001000010000000000000100000010000000000010000000010000000000100000000010000000010000000000010000000000000000000110000000000000000000100000000000000000000100000000000000000000000000000000000000000
0000000000000000000000000000000000000011000000000000000001100000000000000001100000001000000000010000000001000000011000000000001000001000000000000001000100000000000000011010000000000000000011000000000000000000110000000000000000010010000000000000001000100000000000000100000100000000000011000000100000000000000000000100000000010000000001100000000000000000001100000000000000000001100000000000000000001100
0000000000000000000000000000000000000001000000000000000001100000000000000000110000001100000000011000000001000000001000000000001000000100000000000001000110000000000000011001000000000000000010100000000000000000010000000000000000001010000000000000000100010000000000000010000100000000000001100000100000000000010000000100000000001000000001100000000010000000001100000001000000000000000000000000000000000000
0000000000000000000000000000000000000000000000000000000000100000000000000000011000001100000000011000000001100000001100000000001100000100000000000001000010000000000000011011000000000000000011100000000000000000010000000000000000011110000000000000000100100000000000000110001100000000000010000001000000000001100000001000000000110000000010000000000000000000010000000000000000000110000000000000000000000000
0000000000000000000000000000000000000000000000000000000000000000000000000000000000000100000000000011000001000000000001100000001000000001100000000011000000110000000000010000010000000000000010001000000000000000111100000000000000000110000000000000000011100000000000000001000100000000000001100000100000000000100000000100000000010000000000100000001000000000000110000000000000000000000000000000000000000000
0000000000000000000000000000000000000000000000000000000000000000000000000000000000000100000000000000000000100000010000000000001100001100000000000001100010000000000000001001100000000000000001010000000000000000011000000000000000000111000000000000000011010000000000000000100010000000000000011000110000000000001100000100000000000110000000100000000001000000001000000000000000000000000000000000000000000000
0000000000000000000000000000000000000000000000000000000000000000010000000000000000000110000000000000000000100000110000000000000100001000000000000001100100000000000000001010000000000000000001100000000000000000111000000000000000011011000000000000000100010000000000000011000010000000000001100000110000000000110000000110000000011000000000110000000110000000000100000000000000000000000000000000000000000000
0000000000000000000000000000000000000000000010000000000000000000110000000000000000000110000000100000000000100000010000000000001100001100000000000001000110000000000000011001000000000000000010100000000000000000010000000000000000001110000000000000000100110000000000000011000110000000000001100000110000000000110000000110000000001000000000110000000110000000000110000000000000000000100000000000000000000000
0000000000000000000000000000000000000000000000000000000000000000010000000000000000000010000000110000000000110000001000000000000110000100000000000000100010000000000000000101100000000000000001110000000000000000001100000000000000000101100000000000000010001000000000000001100001000000000000110000011000000000010000000011000000011000000000011000001100000000000011000011000000000000010000000000000000000000
0000000000000000000000000000000000000000000000000000000000000000110000000000000000000100000000000000000000100000011000000000000100000100000000000001100010000000000000001101100000000000000001110000000000000000001100000000000000000111000000000000000011001000000000000001100011000000000000010000011000000000001000000011000000000100000000011000000011000000000010000000000000000000000000000000000000000000
0000000000000000000000000000000000000000000100000000000000000001100000000000000000001100000000100000000001000000010000000000001000001100000000000011000110000000000000010011000000000000000011100000000000000000110000000000000000001110000000000000000100100000000000000010000100000000000001000001100000000000100000001100000000010000000001100000001100000000001000000000000000000000000000000000000000000000
0000000000000000000000000000000000000000000000000000000000000000100000000000000000001100000000010000000001100000001000000000000100000110000000000000100011000000000000000100100000000000000001110000000000000000001100000000000000000101100000000000000011001100000000000001100001100000000000110000001100000000011000000001100000001100000000001100000110000000000001000001000000000000000000000000000000000000
0000000000000000000000010000000000000000000110000000000000000000010000000010000000000110000001000000000000110000110000000000000110011000000000000000111100000000000000000110000000000000000001100000000000000000101100000000000000011001100000000000001100001000000000000010000001000000000001000000001000000000100000000011000000011000000000010000001100000000000010000010000000000000000000000000000000000000
0000000000000000000000000000000000000000000000000000000000000000100000000001000000001100000000110000000001000000011000000000001000000100000000000011000010000000000000011001100000000000000011010000000000000000011000000000000000000111000000000000000011011000000000000000100001000000000000010000011000000000001100000011000000000110000000011000000011000000000011000001100000000000000000000000000000000000
0000000000000000000000000000000000000000000000000000000000000010000000000000000000010000000001100000000010000000010000000000110000001000000000000100000110000000000000100011000000000000000100100000000000000000110000000000000000001110000000000000000010110000000000000001000110000000000000110000110000000000011000000110000000001100000000110000000110000000000110000001000000000000000000000000000000000000
0000000000000000000000000000000000000000000011000001100000000000010000010000000000000110001100000000000000100010000000000000000101100000000000000000110000000000000000001000000000000000000111000000000000000001001000000000000000110010000000000000001000010000000000000110000010000000000001000000010000000000100000000110000000001000000000110000000100000000000110000011000000000000000000000000000000000000
0000000000000000000000010000000000000000000110000000001100000000110000000110000000000100000011000000000000100001100000000000000100110000000000000000111000000000000000000100000000000000000110100000000000000001001100000000000000100001100000000000011000001100000000001100000001000000000110000000001000000011000000000001000000100000000000001000000000000000000011000000000000000000000000000000000000000000
0000000000000000000000001000000000001100000011000000000110000000011000000011000000000010000000100000000000010000011000000000000010001100000000000000110110000000000000000111000000000000000001100000000000000000010100000000000000001000100000000000000110001100000000000011000001100000000001000000001100000000100000000001100000110000000000001100000000000000000001100000000000000000001000000000000000000000
0000000000000000000000000000000000000000000000000000000000000000000000000000000000000000000000000000000000000000000000000000000000000000000000000000000000000000000000000000000000000000000000000000000000000000000000000000000000000000000000000000000000000000000000000000000000000000000000000000000000000000000000000000000000000000000000000000000000000000000000000000000000000000000000000000000000000000
0000000000000000000000010000000000000000000110000000001000000000110000000010000000000100000001000000000000100000100000000000000100011000000000000001101100000000000000001110000000000000000001000000000000000000111000000000000000001001000000000000000100011000000000000011000001000000000001100000011000000000010000000011000000001100000000010000000110000000000010000000000000000000110000000000000000000000
0000000000000000000000100000000000000000000100000001000000000001100000010000000000001100001100000000000001100010000000000000001001000000000000000001110000000000000000001000000000000000000111000000000000000001011000000000000000100010000000000000001000011000000000000100000011000000000001000000010000000000100000000010000000001000000000010000000100000000000110000001000000000000000000000000000000000000
0000000000000000000001100000000000000000001000000000000000000001000000000010000000011000000000100000000001000000010000000000011000001000000000000001000100000000000000001011000000000000000001100000000000000000111000000000000000011001000000000000001100001000000000000010000001000000000001000000001100000000100000000001100000011000000000001100000100000000000001100000000000000000000000000000000000000000
0000000000000000000000000000000000000000000000000000001100000001000000000010000000011000000001000000000011000000110000000000011000010000000000000011001100000000000000011110000000000000000011000000000000000000101000000000000000010011000000000000001000001000000000000110000001000000000011000000001000000000100000000001100000010000000000001100000100000000000001000000000000000000000000000000000000000000
0000000000000000000000100000000000000000000100000000000000000000100000000010000000000100000000100000000001100000010000000000000100001000000000000000100100000000000000000110000000000000000001100000000000000000110100000000000000001000100000000000000100000100000000000001000000110000000000100000000010000000010000000000110000001100000000000010000110000000000000110000000000000000000100000000000000000000
1000000000000000000011000000000000000000011000000000001000000001000000000110000000001000000011000000000001000001100000000000001000010000000000000001001000000000000000001110000000000000000011100000000000000000100100000000000000010000100000000000001000000110000000000110000000110000000001000000000110000000100000000000110000010000000000000100001100000000000000000110000000000000000000000000000000000000
0000000000000000000000000000000000000000000000000000000000000000000000000000000000000000000000011000000000001000001100000000000010000010000000000000010001100000000000000010010000000000000000011000000000000000000110000000000000000001100000000000000000100100000000000000011001100000000000001100001000000000000110000001000000000011000000001000000001100000000010000000010000000000000000000000000000000000
0000000000000000000000000000000000000110000000000000000011000000001000000000100000000001000000010000000000001000001100000000000001000010000000000000001001000000000000000001010000000000000000011000000000000000000011000000000000000001010000000000000000100010000000000000001000110000000000001100000100000000000010000001100000000001000000001000000000110000000000000000000000000000000000000000000000000000
0000000000000000000000000000000000000000000000000000000000000000000000000000010000000010000000001000000000010000000110000000000010000001000000000000110000100000000000000100011000000000000000100100000000000000000110000000000000000001100000000000000000101000000000000000011001000000000000001100011000000000000010000011000000000001000000010000000001110000000000000000011000000000000000000000000000000000
0000000000000000000000000000000000000000000001000000000100000000001000000011000000000001000001100000000000001000010000000000000001001000000000000000010110000000000000000011000000000000000000110000000000000000010100000000000000001100100000000000000010001100000000000001000001000000000000110000001000000000001000000010000000000110000000000000000000000000000000000000000000000000000000000000000000000000
0000000000000000000000000000000000000000000000000000000000000000000000000001100000000001000000010000000000011000001000000000000010000110000000000000010011000000000000000010100000000000000000110000000000000000001100000000000000000100100000000000000010001100000000000001100001100000000000110000001100000000011000000001100000000000000000000000000000000000000000000000000000000000000000000000000000000000
0000000000000000100000000000000000011000000011000000000100000000010000000011000000000010000000100000000000110000010000000000000110001000000000000000100010000000000000000101000000000000000000100000000000000000011000000000000000000111000000000000000010010000000000000000100010000000000000010000010000000000001100000100000000000010000001100000000001000000001000000000010000000001000000001100000000000000
0000000000000000000000000000000000000000000000000000000000000000010000000001000000000100000000100000000000100000010000000000000100001100000000000001100110000000000000001011000000000000000001100000000000000000011000000000000000000110000000000000000010110000000000000001000100000000000000110001100000000000001000001000000000001100000011000000000010000000000000000001100000000000000000000000000000000000
0000000000000000000000000000000000000000000000000000000000000000010000000001000000000100000000100000000000100000010000000000000100001100000000000001000110000000000000011001000000000000000010100000000000000000010000000000000000001110000000000000000110100000000000000011000100000000000001100000100000000000010000001100000000000000000001000000000000000000000000000000000000000000000000000000000000000000
0000000000000000000000000000000000000000000001100000000010000000001100000001000000000001000000110000000000001000011000000000000010000100000000000000010010000000000000000111000000000000000000110000000000000000001000000000000000000101000000000000000011011000000000000000100010000000000000010000110000000000001100000110000000000110000000100000000011000000000100000000000000000001100000000000000000000000
0000000000000000000000000000000000000000000001000000001100000000010000000010000000000010000001000000000000100000100000000000000100001000000000000000100100000000000000001011000000000000000001100000000000000000011000000000000000000110000000000000000010110000000000000001100100000000000000110000100000000000011000001000000000001100000001000000000010000000010000000000000000000010000000000000000000100000
0000000000000000000000000000000000000000000000000000100000000000110000001000000000000100000100000000000000100010000000000000001100100000000000000001010000000000000000001100000000000000000011000000000000000001011000000000000000010010000000000000001000110000000000000110000100000000000011000000100000000001100000001100000000010000000001100000000000000000001000000000000000000000000000000000000000000000
0000000000000000000000000000000000100000000110000000011000000000110000001100000000000100000110000000000000100001000000000000000100110000000000000001101000000000000000000100000000000000000011100000000000000000101100000000000000010001000000000000001000001000000000000110000011000000000011000000011000000001100000000010000000010000000000000000000000000000000000000000000000000000000000000000000000000000
0000000000000000000000000000000000000000000010000000001100000000110000000010000000000110000001100000000000100000110000000000000100011000000000000000100100000000000000001010000000000000000001100000000000000000011000000000000000001011000000000000000110011000000000000011000010000000000000100000110000000000010000000110000000000100000000110000000010000000000100000000000000000000000000000000000000000000
0000000000000000000000000000000000000000000000000000000010000000000000000001100000001100000000010000000001100000001000000000000100000100000000000000100011000000000000001100100000000000000001110000000000000000001100000000000000000011100000000000000001001100000000000000110001000000000000001000011000000000000110000011000000000011000000011000000000100000000010000000011000000000000000000000000000000000
0000000000000000000000000000000000001000000000000000000110000000010000000011000000000110000000100000000000110000010000000000000110001000000000000000100110000000000000000111000000000000000000100000000000000000011100000000000000000101100000000000000010001100000000000001000001100000000000100000001100000000011000000001000000001100000000001000000010000000000010000000000000000000000000000000000000000000
0000000000000000000000000000000000000000000000000000000010000011000000000001100000011000000000110000000011000000011000000000011000001100000000000011000110000000000000011011000000000000000011100000000000000000010000000000000000001011000000000000000110010000000000000011000010000000000001100000010000000000010000000110000000001000000000110000000100000000000110000011000000000000110000000000000000000000
0000000000000000000000000000000000000000000000000000000000000000000000000001000000110000000000100000000010000000110000000000010000001000000000000010000100000000000000010010000000000000000011100000000000000000110000000000000000001010000000000000000100010000000000000010000110000000000001000000110000000000110000000110000000011000000000110000000100000000000100000000000000000000000000000000000000000000
0000000000000000001001100000000000000110001100000000000001000001100000000000100000001000000000010000000001000000001100000000001100000110000000000001000011000000000000001001100000000000000001110000000000000000001000000000000000001101100000000000000010001000000000000001000001100000000000110000001100000000001000000001100000000100000000001100000011000000000001000001100000000000001000000000000000000000
0000000000000000000000100000000000000100001100000000000011000001100000000001100000001100000001100000000001100000110000000000001000011000000000000001001000000000000000001100000000000000000111000000000000000011001000000000000001100011000000000000110000011000000000011000000011000000001100000000011000000010000000000011000001000000000000011000110000000000000011000000000000000000010000000000000000000000
0000000000000000000000110000000000000110000100000000000011000001100000000001100000001100000000110000000001000000001000000000001000000100000000000011000010000000000000011001100000000000000011110000000000000000011000000000000000001111000000000000000110011000000000000011000001000000000001100000011000000000110000000001000000011000000000001000001100000000000011000010000000000000011000000000000000000000
0000000000000000000000000000000000100000000000000000010000000001000000001000000000011000000100000000000001000011000000000000011000100000000000000011010000000000000000010100000000000000000110000000000000000001110000000000000000110100000000000000001000100000000000000110001100000000000011000001000000000001100000011000000000010000000011000000001000000000011000000000000000000000000000000000000000000000
0000000000000000000000000000000000000000001100000000001100000001100000000110000000000100000001000000000000100000100000000000000100010000000000000000101100000000000000001010000000000000000011000000000000000000111000000000000000010010000000000000001100010000000000000010000110000000000001000000100000000000010000000100000000001000000000100000000100000000001100000001000000000001100000000000000000001100
0000000000000000011000000000000000001100000110000000000110000000110000000001000000000110000000100000000000110000011000000000000100000100000000000000100010000000000000000101000000000000000001110000000000000000001100000000000000000101000000000000000001001000000000000000100001000000000000010000001000000000000100000001000000000010000000001100000000100000000001000000000000000000000000000000000000000000
0000000000000000000000000000000000000100001110000000000010000000110000000001000000000100000000100000000000110000010000000000000100001000000000000000100110000000000000000101000000000000000001100000000000000000011100000000000000001001000000000000000110011000000000000001000011000000000000100000011000000000011000000011000000001100000000011000000010000000000001100000000000000000000000000000000000000000
0000000000000000000000000000000000000010000100000000000001000001100000000000100000001100000000011000000001100000001100000000001100000010000000000001000001100000000000001000010000000000000011001000000000000000001100000000000000000011000000000000000001111000000000000000010011000000000000001100011000000000000110000010000000000010000000010000000001100000000110000000100000000000100000000000000000001000
0000000000000010000000000000000001100000000000000000010000000000100000001000000000000100000010000000000001100001000000000000001000010000000000000001001000000000000000001110000000000000000011000000000000000000110000000000000000011010000000000000000100110000000000000010000110000000000001100000110000000000110000000110000000000000000000110000000000000000000110000000000000000000110000000000000000000100
0000000000000010000000000000000001101100000000000000010010000000100000001000000000000100000010000000000001100001000000000000001000010000000000000001001000000000000000001110000000000000000011000000000000000000110000000000000000011010000000000000000100110000000000000010000110000000000001100000110000000000110000000110000000000000000000110000000000000000000110000000000000000000110000000000000000000100
0000000000000001100000000000000000100000011000000000001000000001000000000100000000001100000010000000000001100001100000000000001000010000000000000001001000000000000000001110000000000000000011000000000000000000111000000000000000011010000000000000000100010000000000000010000010000000000001000000010000000000100000000010000000011000000000110000001100000000000110000010000000000000110000000000000000000000
0000000000000000000000000000000001000000000000000000010000000011000000001000000000011000000110000000000011000001000000000000011000110000000000000010010000000000000000011100000000000000000111000000000000000011010000000000000000100010000000000000010000010000000000001100000010000000000010000000100000000001000000000100000000010000000001100000000100000000001100000000000000000001000000000000000000000000
0000000000000000000001000000000000000000001000000000000001000011000000000000110000011000000000010000000011000000001000000000010000001100000000000010000110000000000000010011000000000000000010100000000000000000110000000000000000001110000000000000000100110000000000000010000110000000000001000000100000000000110000000100000000011000000001100000000100000000001100000011000000000001000001100000000000011000
0000000000000000000000000000000000000000000000000000110000000000100000001000000000001100000100000000000000110001000000000000000110110000000000000000011000000000000000000010000000000000000001011000000000000000010011000000000000001000011000000000000010000011000000000001100000011000000000010000000010000000001100000000000000000010000000000000000000100000000000000000000000000000000000000000000000000000
1100000000000000000011100000000000001000001100000000000100000001100000000011000000000100000000100000000001100000010000000000000100000100000000000000110010000000000000000101000000000000000000110000000000000000001110000000000000000110110000000000000001000010000000000000100000011000000000011000000011000000001100000000011000000010000000000010000001100000000000000000010000000000000000001000000000000000
1100000000000000001001100000000000000100001110000000000011000000110000000000100000000110000000010000000000110000001100000000000110000110000000000000110001000000000000000110100000000000000000111000000000000000001110000000000000000110110000000000000011000011000000000001100000011000000000110000000001100000011000000000001100001000000000000001001100000000000000010010000000000000000000000000000000000000
1100000000000000001101100000000000000110001100000000000011000001000000000001100000011000000000110000000011000000011000000000011000001100000000000011000110000000000000011001000000000000000011100000000000000000011000000000000000001011000000000000000110011000000000000011000011000000000001100000011000000000110000000011000000011000000000011100001100000000000001000110000000000000011011000000000000000011
0000000000000000000001000000000001000000001000000000100000000001000000001000000000011000000100000000000011000011000000000000011000100000000000000011011000000000000000010100000000000000000111000000000000000000110000000000000000011110000000000000000100110000000000000010000110000000000001100000110000000000010000000110000000001100000000111000000010000000000010000000100000000000000000000000000000000000
0000000000000000000000000000000000000000000000000000010000000000000100001100000000000001100010000000000000001100100000000000000001110000000000000000001100000000000000000011000000000000000001001000000000000000010001000000000000001000011000000000000010000011000000000001000000010000000000110000000110000000001000000000100000000100000000000000000001000000000000000000000000000000000000000000000000000000
0000000000000000000000000000000000001000000010000000000010000000010000000001000000000010000000100000000000110000011000000000000110000100000000000000100010000000000000000101100000000000000001110000000000000000001100000000000000000101000000000000000010001000000000000000100011000000000000110000011000000000001000000001000000000110000000011000000011000000000011000000000000000000000000000000000000000000
0000000000000000000000000000000000010000000010000000001100000000110000000010000000000110000001000000000000010000010000000000000110001000000000000000110100000000000000000111000000000000000000110000000000000000001110000000000000000100110000000000000011000100000000000000100000100000000000010000000100000000001100000000100000000010000000001100000000000000000001100000000000000000000000000000000000000000
0000010000000000000000000100000000000000000001000000000100000000001000000011000000000010000000100000000000010000010000000000000110000100000000000000110010000000000000000111000000000000000000110000000000000000001100000000000000000110100000000000000001000100000000000000110000100000000000001000000100000000000110000000110000000011000000000110000000100000000000000000011000000000000000000000000000000000
0000000000000000000001000000000000000000001100000000011000000001100000000100000000001100000011000000000000110000100000000000000110010000000000000000111100000000000000000110000000000000000001110000000000000000110110000000000000001000010000000000000110000110000000000001000000110000000000100000000010000000011000000000011000000100000000000010000011000000000000000000100000000000000000000000000000000000