0.3624932645425653
0.3042030786780072
0.21588131863457036
0.1763686218002802
0.14446598024872315
0.12675907340938564
0.09696897262223673
0.09360101511341991
0.08543671745631581
0.08336076989464017
0.07444124944525408
0.07057726920498034
0.06376524156902999
0.06320102155407446
0.06107940637237771
0.06089407404159155
0.05894216790206786
0.05900080549682042
0.058629465792431855
0.05737823592777846
0.05679893094036516
0.05336957295885892
0.052426354535079364
0.052155863936083575
0.051827734073629096
0.04945364333311847
0.048949498109640895
0.04810300688438188
0.04736778306219524
0.04704648194946482
0.045920087438466886
0.046106497636485944
0.044491311957339574
0.04433943926423353
0.04424508662018745
0.04402666861265892
0.04385103019098045
0.04370642802295299
0.043202576938074506
0.04301852573415137
0.04301086038029987
0.04260723894513376
0.04176132714276035
0.04169917498186861
0.041665302448089074
0.04215246375691278
0.04160311689308312
0.04148692304361868
0.04163086462457058
0.040881123924835276
0.040881123924835276
0.04035304705994071
0.04001672614909426
0.03978440160375464
0.03968736784766827
0.03975556207740275
0.0395193400730821
0.0396619613273422
0.03948596434713673
0.03942954482835303
0.03927055320032054
0.03956523849599237
0.03930736806405167
0.039017941850700726
0.03921205421595841
0.03921205421595841
0.03980129533485785
0.03959942708240251
0.03941040320184186
0.03921067791367665
0.03949497984579518
0.0395768994320514
0.03923766091417179
0.03955355098327853
0.039266349295069315
0.038986884301881734
0.0389651653981611
0.03921727227831802
0.038838144526292334
0.03868996371955901
0.03868996371955901
0.03863296149792973
0.03869820202363578
0.038519585233850975
0.03860802794264932
0.0384489590177685
0.03803980599215425
0.03817242509069328
0.03812728533701724
0.03864718710513837
0.03853328391821602
0.03851729078186857
0.038341996471942766
0.0381913374536429
0.03862531816445286
0.03892526830013352
0.03854569026598379
0.038414586264544186
0.03810792843088475
0.03804646499059322
0.03821463918305803
0.038252873182791684
0.03817645703572496
0.03796564761326357
0.03782391470062563
0.03760585896317092
0.037392223048541465
0.03736671396079063
0.03720864451633767
0.03707134422648126
0.03691187733794309
0.037001220050479094
0.03708416981982242
0.03691351716088875
0.036784155418819305
0.037129188918886315
0.037357597913027084
0.038144838830595246
0.037750272369814215
0.03729127800087658
0.037200968898355474
0.03717417173829362
0.03714647437020402
0.037096782399026564
0.03713235423312439
0.037096769660973895
0.03699630831873767
0.036831144490523424
0.037505041715763215
0.037861952436392204
0.03764098867987316
0.0374023819816871
0.037410817937285866
0.03737978512236652
0.037659797914164676
0.037810432223253344
0.03765883692919759
0.037692483770862935
0.037624325446504306
0.03769069040083519
0.03750452481838982
0.036945478526343285
0.03697732769035265
0.03685465003162931
0.03625174120889656
0.036671544647353255
0.03679664428650296
0.03639371652754078
0.03615274946298406
0.035687592564816455
0.03580327086541099
0.035675562454779194
0.035354240021248685
0.035413687210306084
0.03536189963597743
0.03520913166537827
0.035150262002064656
0.035000435382015464
0.035046266210135416
0.035696574401669776
0.03571666876540419
0.03586566921065015
0.03618317566715853
0.0358001826289647
0.036026147761168185
0.03581844698974334
0.03573007024204161
0.03559992239968791
0.03545098284453926
0.03545801126038439
0.035003271948886604
0.0353592904064514
0.03548425767608239
0.03532074054172296
0.035081984662232016
0.034945249851830576
0.035012546112766385
0.03459503744736697
0.03421504446054435
0.03439791156787109
0.03468074605497286
0.03440718178754683
0.03440718178754683
0.03436215320092995
0.03427192966684964
0.0340526193348869
0.034331262401746464
0.034269652772281334
0.03433118829052288
0.0342641055835695
0.03413138881823767
0.034561552262433445
0.03435347943424645
0.03441623304130109
0.0347993071160925
0.03458897565672273
0.03451374138484753
0.03463774202336056
0.03433846661722309
0.03413857596349302
0.03415020043539491
0.034073009336550164
0.034127760156553465
0.03372589637049724
0.03442917757108816
0.034423075071787726
0.03444651926612775
0.034027148955951866
0.033966130613991945
0.03393720711923062
0.034064602578609195
0.03550990970444987
0.03485500102357978
0.03489867465749056
0.03720288352048032
0.03665349191337711
0.03447891444213442
0.033660684486697484
0.03386369409211588
0.03387622461651041
0.0343363157758053
0.03573691119926191
0.0355629766103859
0.035286173033440754
0.03470755599880667
0.034511040933425545
0.03458019230066429
0.034335978897300334
0.03442790011040019
0.03399952386803641
0.033985626575917284
0.033744014755620576
0.03368228692375309
0.033721712579620707
0.03351862295960641
0.03344123037826061
0.03334173394429172
0.033751183600863675
0.033425828869657705
0.033329482533828156
0.033170862492815804
0.033118770550187325
0.0333286605057568
0.0332543404529857
0.032847472902984766
0.03280276361966488
0.03254397201678061
0.032741725967363265
0.032783648167579914
0.03248331692304669
0.032159214503313965
0.03195863018122499
0.031777587916685536
0.03171781089449476
0.03202817630509599
0.032161279632585735
0.032083748845496175
0.03212860562454602
0.03200445875720955
0.031833586883573246
0.03187596452901729
0.031885630812143566
0.03185760038640253
0.032148710988044574
0.03209628296319231
0.03182661142924075
0.03183268627383947
0.031555867809147486
0.031818111565074296
0.032280116252180004
0.03192425496548594
0.03254998595751061
0.032156750350867534
0.0318714306742888
0.03188920765667866
0.0318549862918647
0.031854366121449054
0.03325176030502067
0.03267211935844225
0.03249742889642406
0.03248601809179431
0.03219136678935655
0.03201997848507064
0.0319012263480037
0.03196236749364573
0.03163631999510349
0.03179857437503198
0.03170439870816351
0.03152525869657114
0.0316582559744485
0.031608513379532466
0.03181198666691772
0.03184148046990925
0.03160077382262649
0.0316285156090859
0.03164308312581284
0.03166528013974461
0.031854565939119873
0.03172343118719405
0.03175543135545189
0.03188054778082802
0.03180601637749645
0.03176990896968207
0.032876942085913026
0.0323907616596762
0.03212189824188173
0.03205841446039507
0.03191219632405562
0.031529631854893644
0.03158731966479459
0.031591828282511544
0.03198617874024798
0.032081941338881544
0.032008606097840245
0.03192492407025485
0.031925967695766055
0.03201307710385224
0.03201307710385224
0.03174337783227574
0.031978951397770176
0.031712237981126955
0.03149269701518269
0.031922051587746955
0.03178377038580184
0.03206588299142623
0.03204865738828473
0.03184771804430261
0.03289494332596926
0.03247377618397519
0.03227912883318652
0.03210224193892993
0.03180289116618711
0.03314744379129661
0.03314744379129661
0.03291237602912766
0.032877310263015345
0.032811157146845155
0.032756741849149666
0.032569518953515175
0.03210973969474117
0.031740694373757775
0.03218743408362011
0.03216105034292089
0.032089774747490155
0.031501521158283086
0.03155813054301907
0.03135459161067092
0.031314898810318764
0.031550792150075314
0.03134776354923685
0.03131388096538883
0.0311826228736974
0.03127830773936234
0.031334135453187646
0.03138957078374547
0.03140040899453541
0.03123689502102182
0.03132741517370916
0.03143219945515101
0.03145376833291869
0.03142405250381642
0.03141694278644513
0.03144221018530932
0.03144580843280043
0.031366083158494464
0.03148625864944264
0.03142343925348241
0.0313233151834379
0.03127689717210344
0.03153900472241788
0.03147768164750732
0.03147253673218383
0.03131880650185697
0.03129031190119134
0.032599476922346375
0.032153424617168615
0.03209748746180416
0.03198170655654288
0.03181322814874569
0.03168217504435328
0.03162191925406907
0.030617902673334477
0.030573562102940904
0.030898902628679115
0.030763932192973
0.030469829658713324
0.030758140978819556
0.03077035188102183
0.030787897460975773
0.030677740688153345
0.030674964326005277
0.030631602966415653
0.030686435208955174
0.030502997847784184
0.03064034632009931
0.030593716751413196
0.030813365437009244
0.030926677213789295
0.031495335442043165
0.031403113149789615
0.03137940431240893
0.031367314344656984
0.031229241735291485
0.0308930975852101
0.03076188266929428
0.030747226255424386
0.03071514259197174
0.030612211785590596
0.030610637470291753
0.03063332672232682
0.030509551420553793
0.030590309494949734
0.030607378834517987
0.030565670598724747
0.030190808316313506
0.03020902298964876
0.030219427126478952
0.03015670541830433
0.029918931178111605
0.029943645607303948
0.029917443094726964
0.029909844898261446
0.02959066702391488
0.029651890884710052
0.029656454738869843
0.02965217777166811
0.029460886013856435
0.029350181671854846
0.029068105838129354
0.02910036296822093
0.029505119118174092
0.0298705931309725
0.030134235803699335
0.02979692210250377
0.029905797560956193
0.029966777461315656
0.029920552905470747
0.029708084480744083
0.0305431296614073
0.030360696276312354
0.030132874740773346
0.030281024647349712
0.03012183457634719
0.03065092763032868
0.03066027268171615
0.031436601255095696
0.03106477298097421
0.03258271838822885
0.032488200862787184
0.03323245103909747
0.03325579640037903
0.03309012644077236
0.031942886143481064
0.0316069573284448
0.031132279196341272
0.031119517216970292
0.030913674719039153
0.030764725341951193
0.030764725341951193
0.03109963988954654
0.031835772171783114
0.03178155090411883
0.032461041402380736
0.03292507964747745
0.03258090353233019
0.03239619345033395
0.031668244876624264
0.03170686081466938
0.031442916819785595
0.03134597497098005
0.030812790540610875
0.03267636188103207
0.03232024441711094
0.03205425755576889
0.032001671291526
0.03195803574195603
0.03163906137897091
0.031593533420798424
0.03143040750493875
0.03109626469710858
0.030312120428742158
0.030241770318034857
0.030358488230107998
0.030805033530732665
0.030766863785670638
0.030668635026723387
0.030685706377697478
0.030506822582211393
0.030336057596291127
0.03014911643021348
0.029974145924225395
0.029842007549001907
0.02980513468226365
0.029851295079314263
0.029914343976633236
0.029827853630807085
0.030008759396368025
0.030008759396368025
0.030109244540127478
0.03000615086002565
0.029894951755245997
0.029747287528638946
0.029645840629270916
0.03005967387546502
0.029963006616076385
0.02974512656910821
0.029898366902270712
0.02967705148762443
0.02967705148762443
0.02967705148762443
0.029444841229056527
0.02938685428533486
0.029419425168029954
0.029413135287490996
0.02942512025057067
0.029148403286022508
0.029481594629079223
0.029489794553753362
0.029490319904388898
0.029492073619891493
0.0295882622752647
0.029788988923226074
0.02964853811342682
0.029533442917510276
0.029514322747104943
0.029410566610170566
0.02987821167044291
0.029989750686449077
0.03033000932985515
0.031120217585744698
0.031129730575276977
0.03050733837929915
0.031064603156072297
0.030315045679409073
0.03010753997234413
0.029943902286113402
0.029907003878159248
0.029922022267758325
0.029922022267758325
0.03004090272233038
0.02992256467916831
0.030448623565443037
0.02976001137488807
0.02965305126577787
0.029387611972909223
0.029122200361906197
0.030067996875447398
0.030423479149805657
0.029541835958943552
0.029467843608258413
0.029348078563068584
0.029388926519179757
0.029395467746177555
0.029266784805701506
0.029006463137834677
0.028870080274430103
0.028870080274430103
0.029025275880611264
0.02906158717689393
0.02966005728965241
0.029641195217470474
0.029686309497746255
0.029569043122884962
0.0293994630925892
0.029392406951881413
0.02912404267751996
0.029173136313716055
0.029200567720604868
0.029082089416478676
0.02980504743091889
0.029121629480530573
0.02849125565302344
0.028428452494152903
0.028216602269877645
0.029309785631712184
0.030080578764773002
0.03002987368409109
0.029078541482414552
0.02918273141652307
0.02910586123764632
0.02906234415850637
0.02890942761360968
0.02858695835178103
0.028505097001222213
0.028503416810821962
0.02783895332929069
0.02965193227122427
0.02837248016779364
0.028295010273358435
0.028050870840510035
0.027915921427217855
0.027829252444945534
0.028463516450538275
0.027745589354107297
0.027505653680306313
0.02760889673788343
0.027511857030316188
0.02747369559829444
0.027230143243680168
0.027290139514758262
0.027535965288246825
0.027374903659324944
0.027116136758050146
0.0271343094416185
0.027051956941611846
0.026955095310028772
0.02761984189549309
0.02851023428790593
0.028388638089484563
0.027405380525657375
0.027350862809806923
0.02733893493221407
0.026897755975283853
0.02687225348832347
0.026936293075670033
0.026877632265527383
0.026838954162906024
0.0269206647931149
0.026834519854953377
0.02680476714634053
0.026808581837498548
0.026818360381974923
0.02682797534459881
0.026595011363980764
0.02637210303467547
0.026357662564687898
0.028323102281698917
0.028274615831219874
0.028250632977357058
0.02816347675538108
0.028277048298071074
0.02791902519876563
0.027697627357907376
0.0279939105491434
0.02786073036246095
0.027108637064479458
0.02683400383077707
0.026751429139273475
0.026736704125115807
0.026614075095560276
0.026735521479945068
0.026518096344116678
0.02653430952298582
0.02640264941267531
0.02640532949432827
0.026810547838851354
0.02668768206629137
0.0266873356395852
0.026629260073924247
0.026539845922050075
0.026451044587949057
0.02636021754161719
0.026226190395232576
0.026575049841708304
0.026471539221862888
0.02703719702906868
0.027036613931159782
0.026839031997887668
0.02690818895565164
0.026878067259142074
0.026752516932055586
0.026368939991777796
0.026443421185623515
0.02668389408049117
0.026944237365625987
0.027130460941807818
0.027332692736534384
0.027161814889512532
0.027206238854819664
0.02708850060151889
0.02712483321633445
0.027053571886741495
0.027024602183446055
0.02786995815992373
0.02796048386271664
0.027864259418793776
0.027657446496799354
0.027929603977757237
0.027535251187860026
0.02755468573234232
0.026975325241838436
0.027185180205369273
0.027830384670516645
0.027683074841068495
0.027801965341049863
0.027200714958627366
0.027230643941695696
0.02728560939581236
0.027154043783228998
0.02718361895302379
0.028125815419495704
0.027974258550462316
0.027974258550462316
0.02805392707776792
0.028036880329176558
0.027897309749853216
0.02793258364254828
0.02792325870412743
0.027695495200873457
0.027588471665539033
0.02757611116139086
0.027430349959918134
0.027490792480369432
0.02744512895220479
0.027257530211987402
0.027024630495280887
0.0271181274143255
0.027328939505840706
0.02710010862814075
0.026849952740260974
0.026849952740260974
0.02671603438216837
0.026914338939397386
0.0268247957907766
0.027410464595130652
0.027331573205060803
0.027317907521965105
0.027162560399846644
0.027009329468830272
0.026912430145529853
0.026893586205305985
0.026682036182276415
0.0266148700245801
0.02664755094938275
0.026559432901538345
0.026429519727136093
0.02675192105118607
0.026764376534205336
0.02681257222223275
0.02681257222223275
0.026882678173276747
0.026754742425368336
0.026717072058886942
0.026676482572453822
0.026761661199757904
0.02698595627402388
0.027821370925799203
0.027443193699335452
0.0273700661944293
0.027336753883143678
0.027337236180231754
0.027069990574664523
0.027267660928887223
0.026942966660181717
0.026769203477666204
0.026424615601229294
0.026766075387752407
0.026755168828622382
0.026555191443672268
0.02653880446161945
0.026144968903935403
0.026052019115780645
0.026067763032989074
0.026044271366738855
0.026301435359471107
0.02629532640705657
0.026109508687114567
0.02655833350420473
0.02679230221930644
0.026559769835824913
0.0263800336114631
0.026259472834997317
0.02624372688288154
0.02603833412038133
0.026022891533100147
0.025889004195510525
0.025998887532563242
0.025872835405438662
0.026954533610332582
0.026929710328903202
0.026856117109255596
0.0264979781311619
0.026363815487629342
0.02674738258742428
0.026674660780687677
0.02653100415725792
0.026592060393518985
0.026893966856554444
0.027009033475983858
0.026826380983664768
0.026879279357493492
0.026748854909190108
0.026941795260257133
0.02678824412114808
0.026803881653652536
0.026609000390453184
0.026428951287428705
0.025599755583840103
0.025715840629184798
0.02561712619461222
0.025656014450326642
0.025673327696492828
0.02555828194299677
0.02553486616201154
0.025503155944687078
0.02589367313200906
0.025852650592115074
0.025824125714544142
0.02566024446790294
0.0257991108370312
0.025593068103311887
0.025598366419077798
0.025598052962435672
0.02557185145181805
0.025577087876713395
0.02544367288502286
0.02545908232957136
0.025527648701708965
0.02546740581790373
0.02536123181496196
0.025388488085496243
0.025571699589724127
0.025530119036671246
0.026257773372785655
0.026293592503124626
0.026205838504465135
0.026131091534333153
0.025867088220867713
0.025894416608338525
0.025855442577129583
0.026467293477297926
0.026474955382096554
0.02619803067714122
0.026242036910661463
0.02620322968836594
0.026197863901584885
0.02585942117594993
0.026243698399461043
0.026116318154879276
0.02684745122584531
0.026890156942669777
0.0269241743483269
0.026056184168957625
0.025519662195666752
0.02579086519198424
0.02597571610005344
0.026104470401087713
0.02583900426505674
0.025691816485334768
0.025681347345925837
0.02539728049458707
0.02548202321548497
0.025577659110328527
0.025478732957556764
0.02551864715842383
0.025846717074345184
0.02640485239635226
0.026217785792587815
0.026265637506838517
0.025765500105970868
0.025635209288890237
0.02560279008425314
0.025874593178084937
0.025874593178084937
0.025832768018025934
0.025695421938221847
0.02575860740104907
0.025218684550538235
0.025211816234170428
0.025252644531733755
0.025304085001749518
0.025629794269709173
0.025632685273982252
0.025664239209887568
0.025578023472760864
0.025509929499387685
0.025226838150474846
0.025244758563623425
0.025250304845622584
0.025194994985762175
0.02514747369934539
0.025122539708881102
0.025048040868062976
0.025132570568968452
0.025099593810996863
0.02513146976774644
0.02495061749494828
0.024932616483168017
0.024939130015764296
0.02509687902283181
0.02519109549670205
0.025423687589650242
0.025390525136094473
0.025408406225690225
0.025228357246007662
0.02497522863200571
0.024907361481900182
0.024981951082867975
0.024981220057619713
0.02480949611061462
0.024929545501405144
0.025385896990992658
0.025358615067918356
0.02531728623041261
0.025073109618597076
0.025034493294347607
0.0261796445462812
0.025960182090919718
0.025745152832103733
0.026012993288552836
0.026025247884578887
0.025995155512258217
0.026033758071005598
0.026033758071005598
0.02552757301662785
0.02582555780051207
0.025734153380195437
0.0258823522760145
0.02593658840083217
0.02593658840083217
0.025936188199415466
0.026152760109453648
0.02602411759496932
0.026023913131235758
0.02593483523556556
0.025574812004697533
0.025830602428114358
0.02595953861259774
0.026034744124487853
0.026037878690866097
0.026143834100356533
0.026836273393140996
0.0268848092749816
0.02681127875518006
0.026291595470481984
0.02644817998529794
0.026341360580626184
0.026155376189415432
0.026685320884405096
0.02666552876110298
0.02653004277065603
0.026423879666114064
0.026218032596417414
0.026102433136639416
0.02610117886772952
0.025966033266581093
0.026430510326028857
0.02625126792149671
0.026298016771383076
0.026144789967649074
0.02601267456952465
0.025032767465305472
0.025043858081338816
0.02511510316203809
0.025114065390533295
0.025108822494062842
0.02510313632930035
0.02510534810515794
0.025112821828830834
0.02542796407402551
0.025304606877948596
0.02515400663327173
0.025140945328609377
0.025071833919301362
0.024983943629523955
0.024783834345414025
0.024756968983175403
0.024744627549788425
0.024692160735343586
0.02467161554530044
0.024665008412065075
0.02462010320211965
0.024497938042851407
0.02448261871888792
0.024521574838445376
0.024371129115233404
0.02434830572179773
0.024379830428390287
0.02464029895302199
0.024603743848579357
0.02480594671414036
0.02474383597578396
0.02461246775466994
0.024508383259935602
0.02475120775548143
0.024774334220470928
0.02476831554707925
0.024814773125526983
0.024775757713680895
0.02470771647534385
0.02485468815861532
0.02484375278536894
0.02485478149826222
0.02484448446291046
0.024787044635344844
0.024647415523752318
0.024564644489065417
0.02455721644046597
0.024566059337500303
0.02456505692502447
0.024591492565967748
0.025580830799422007
0.025751035246851395
0.02571090188572215
0.02550305592906567
0.025418784942847085
0.02564641145325585
0.025628792903186592
0.025240160168803483
0.02518879156391657
0.025146477410465547
0.02522327608442832
0.02522327608442832
0.02503841228729636
0.024957960868987064
0.02495535007364237
0.02494313614455435
0.02495391147302696
0.025473803645559966
0.02547391256154597
0.02537093806300383
0.02528439066236136
0.02530457791034764
0.025309434702911412
0.025441971536781106
0.02520036910166252
0.025294929066169994
0.02528440332506834
0.02531577118417525
0.025263735518547114
0.025247627219213732
0.025129207396675134
0.025111630462018357
0.02500355733846426
0.02479446764622801
0.024715587491787795
0.024983139473112106
0.02504663761197674
0.024949142717396736
0.02487785214867847
0.02497632970077759
0.025205517870585094
0.02535502627014768
0.025365899054795894
0.025395391883101387
0.025443319035334633
0.025754324557558845
0.02569248630410047
0.025862452243499968
0.02576569604799058
0.0255297157967769
0.025586765026939486
0.02545016522314173
0.025547514975776342
0.025534683997235165
0.025647858360233654
0.02559003834426843
0.02554233004380464
0.02561763715039288
0.025800760014417962
0.025765350797360403
0.025735056367125423
0.025804154465464517
0.025684850242752355
0.025431366738335463
0.02529419834416662
0.025311469990877578
0.0251656241504023
0.025061210253042036
0.025091947468284234
0.025087677078727586
0.025415392560043056
0.025535927176701105
0.02558483433108604
0.025457189929277948
0.025368619286166884
0.025383557824169057
0.025639026487376503
0.025494119355270167
0.025477282499478584
0.02552211506441691
0.02551228863275536
0.025483743353437133
0.025402870714806444
0.025163829353793722
0.025149700168284595
0.02511523033772775
0.02526275711952834
0.025122731802021157
0.025153301216694703
0.02513692462226948
0.02509504973933233
0.025191815963593003
0.02531256957016574
0.02538125236679034
0.02538125236679034
0.025319059678761247
0.02534150984915148
0.02531418044250556
0.025091118293066424
0.025127123190087704
0.025330892495047108
0.02535536332080319
0.02524169676017087
0.02571472775026524
0.025556585345615546
0.02535122648265097
0.02539128999050537
0.025724658923310925
0.0262219860371093
0.026163434956985785
0.02612962448941232
0.02640904537605597
0.02723868002394308
0.02719764981982512
0.02654255761222557
0.026205533632827297
0.026145141269109162
0.02633179097760187
0.02653923172208827
0.026422393030131712
0.02638644960984468
0.026525121300290836
0.026325703551026314
0.02621671520161836
0.026181903027284948
0.025664181343217542
0.025485135647927898
0.025521797085204447
0.025414076113543987
0.025396156716927597
0.025611813728618246
0.025564947611950054
0.02558549583926088
0.025540329560603748
0.02548512008334006
0.025495683812489706
0.02540143658699262
0.02529449062903026
0.02562756505969968
0.02569825585766768
0.02571085524316991
0.025839826161273005
0.02584212321819416
0.025824376884939455
0.02561462607183266
0.025642493251623075
0.025642493251623075
0.025502270548290153
0.025608623923217954
0.02534341927045142
0.025838157815240535
0.025689997343519188
0.025652041833999762
0.025835129950258818
0.02562236060966895
0.02565806504482445
0.025383996006968283
0.02555480743035741
0.02548691624980781
0.02536332417669823
0.025254087080723103
0.025223150571820268
0.025265427180442064
0.025149440999775022
0.02510733350961421
0.025738347981468235
0.025727958604695275
0.025405896913044703
0.026113972595827976
0.026042938722032904
0.02637897914767443
0.026118205451751426
0.02540155548099034
0.02537708551672114
0.0252899550854321
0.025417225561010285
0.02611900461394089
0.027119529032552485
0.026873459686979715
0.027074975283744498
0.02703289726011398
0.027026676136442572
0.026505616328628846
0.02673826496529672
0.026695496200034016
0.02665185892076001
0.026378953215332023
0.02655801841115296
0.0265272215747387
0.026566159378474796
0.026309861185761816
0.025591988505223682
0.025527943372644815
0.02550447147889105
0.02542730184013859
0.025290959056165113
0.02528144254575022
0.025237164841733235
0.02527638167564803
0.02529641560615575
0.025188012344541117
0.025112940211888143
0.025044761794410817
0.024994249541303696
0.024653170412217245
0.024529265287510423
0.02435644837811117
0.024818669360487385
0.024820149931261717
0.024981176547247144
0.0247435794958962
0.02462003571302348
0.02470061969649833
0.024623563180843376
0.0245582461179592
0.024343276260000338
0.02433665569717875
0.0243048021649233
0.02427567598504762
0.025025375534646108
0.02464860799048452
0.02461579284364876
0.02461579284364876
0.024639030038381513
0.02460008857180768
0.024498708108340622
0.024876225878590775
0.024964612786016978
0.024907878581079235
0.02481384020155965
0.0247322292032391
0.024446972505524023
0.024138659228970637
0.02424726845902832
0.024400295213891615
0.02440249947112514
0.024304942280056998
0.024075110307648834
0.024131635939787354
0.024167882986157588
0.024121341636913086
0.024137465582656392
0.02412561796452258
0.024131330830269228
0.0239126026889476
0.023889411533104594
0.02386318579760366
0.02385432634833811
0.023854025148614788
0.023976869096458336
0.024147404578498375
0.02448004152089294
0.02433674591845803
0.024523038205664295
0.02469557152898404
0.024691644507141626
0.024775591694127436
0.0249075935853121
0.02489173232747616
0.02508056596593338
0.02508056596593338
0.02615407097237522
0.025922056287349008
0.025748281506606893
0.025700044721492277
0.025629912171377982
0.02525869151103255
0.02525869151103255
0.025429704896640443
0.02529690860547459
0.024701231945364808
0.024563512745323618
0.024573685685677315
0.024891630356188736
0.02484800899836612
0.024800096836947998
0.024812682088510563
0.024659755840013023
0.024561531044136914
0.024663551694471684
0.024644822092418146
0.02473636041164829
0.024665806443922876
0.0244793820241364
0.024439313494099373
0.02464588722280544
0.024541184487693487
0.02451464994413541
0.02442703715140924
0.02429752891001853
0.024150744293848968
0.024185052177583693
0.024168983614174706
0.02408272361293401
0.023973233788206687
0.023940117066550286
0.024036099041887145
0.024025603726785368
0.023922370096363835
0.023985578721180716
0.025110264584383604
0.02488651274187773
0.024791236289254358
0.024760225071214115
0.02474290228096604
0.024807053341621716
0.024645162463504795
0.024588303001324224
0.024415437453672244
0.02440161978492049
0.024411370029112624
0.02448393036227966
0.024930397798884507
0.024905982958515253
0.02487589615154178
0.02487514396100264
0.024811037067709006
0.024594175083098194
0.02418592293389031
0.024056390605736548
0.02417143456858803
0.0240035330578341
0.023981402913139657
0.023965131443195835
0.023933869111988883
0.02389070789131968
0.023862569388900724
0.02397349075888669
0.023920462101372827
0.023613173420774757
0.023639506083945876
0.02349606062278076
0.023347136258289335
0.023419087072520505
0.02332684009629988
0.02332684009629988
0.023313564927532573
0.023853834071675264
0.023779999557462784
0.023711203048658498
0.02353253823194322
0.023511824051206706
0.023556345273614058
0.023528431487784086
0.023504015623743164
0.023545917751173383
0.023878688193992154
0.023733531494741448
0.02375388575916418
0.023739674613419255
0.02373599834117417
0.023840856095526466
0.02384190723050441
0.023847980169182388
0.024080212577018978
0.02400309664183668
0.023832272874465186
0.024011867236829278
0.024237241618653343
0.02412793494979292
0.02403394540636762
0.02394251739502917
0.023933281527582236
0.02494116146791272
0.025015316519285544
0.025083941102750484
0.025024974502065707
0.02489331449441421
0.024996547434820847
0.024737965446654707
0.024686542398910778
0.024743738053117127
0.02484904571163882
0.024750683372663212
0.024647915403235642
0.024678700025822835
0.024682231232870108
0.024692054437699555
0.02469996065474662
0.024739151482355674
0.02473236209416558
0.024770606715312816
0.02448604899931564
0.024220188700038746
0.024205662812056793
0.024358309441131026
0.02445019697479431
0.02429699952593397
0.02430275952066936
0.024308570218745804
0.024328639316275564
0.02426170418217559
0.024235526895102746
0.02424811372527947
0.02427958827741407
0.024266680357410027
0.02406320475495372
0.024038935795190362
0.024029806407565087
0.02402466076177855
0.024157227744335985
0.02346697821178337
0.0235394824656653
0.02395789544065391
0.024099198353438208
0.024002052130984164
0.024148213896518448
0.024295842065872597
0.024002832329910295
0.02390463793301793
0.024034360774899982
0.024444370012623368
0.02435690364400052
0.02435690364400052
0.024343839212930492
0.02434715354647918
0.024292460188196332
0.024359622649399174
0.02450866813921166
0.02526463741544347
0.025695089751064125
0.02573636733807677
0.025397167239939032
0.02545025591722223
0.025444361319829356
0.025497265734621424
0.02524302573550942
0.025195430213253277
0.025151147683009096
0.025101236736343964
0.02507897232220653
0.025066115453229627
0.02516519366519313
0.025067853896659387
0.024865977279505208
0.024947421971262294
0.024714339330111544
0.024483288844173525
0.02452925890860603
0.024585021171086893
0.024409257511355493
0.02433065648647046
0.02428416797327479
0.02413876280678096
0.024152141960672245
0.02413076516879006
0.024131131442009155
0.024097997007265483
0.02414170346935453
0.024151178894855074
0.024156320345946468
0.0248698262968094
0.024783580318630833
0.024915693991004535
0.024928131278095327
0.025116860889184044
0.025956570568866227
0.025941166752399256
0.02590345024775464
0.025707737651759512
0.024898544826217433
0.02496628544701996
0.02492958189780739
0.02450551070381704
0.024422175678393013
0.02449046977243367
0.024394377119649202
0.024183239089400614
0.024206496164820845
0.02398410776167696
0.023643254377996362
0.023589574622634984
0.0239413307270076
0.023883215480847247
0.023572034718295366
0.023725522073905613
0.02370712109933625
0.02373903966862642
0.02364149284059265
0.023792974832772963
0.02373463350136133
0.02333806411613573
0.023155986429284136
0.023197993894693205
0.023338545658531988
0.023317199047942768
0.023861071848618777
0.02385474227017781
0.02366916776512281
0.02347599544954071
0.023643361250303068
0.02370558963367744
0.023683462022602415
0.025173336370050377
0.02551698603033629
0.025111268049629206
0.024812454621919906
0.024740732194195553
0.0248396536977958
0.0247710452074453
0.02435462736301464
0.024105352997365895
0.024095222515488044
0.024064877246722377
0.023864311103546625
0.02296146058965823
0.022997787567951417
0.02295497541194504
0.02295497541194504
0.022861552860074442
0.022812663117219075
0.02294018561445872
0.0227557782214198
0.0226703596603993
0.02276843445916097
0.02273084150087406
0.022743951794753997
0.022747579732652252
0.02286306479909522
0.02286619967606815
0.02275415519462858
0.022754017663830093
0.022755139105420496
0.022829361918925338
0.02289737905882268
0.022897162787735584
0.02289830444027199
0.022833719022290436
0.022783716140354286
0.022775480979285417
0.023052615592079405
0.02324106961069672
0.02314631603642799
0.023096455601863318
0.023142834520914198
0.023207646081966925
0.023025099752481314
0.02286580030172758
0.02290594299912838
0.023120720691843722
0.023228913698168645
0.023585000362312893
0.023564541792536472
0.02428183156462404
0.02404629413464989
0.023786726251831744
0.023560321078210305
0.02387176688410833
0.024475833913701055
0.024630609228362323
0.02523496884685709
0.02518984505038126
0.02532536975331834
0.02506879521028856
0.02507488542601934
0.02504267388459502
0.02496956576914514
0.024968332236114717
0.024765763437647886
0.024928204127711896
0.024918404255654572
0.024805666839151468
0.024567297504140117
0.024976947457134014
0.024745021727609135
0.02489091150696668
0.024789964195343604
0.024457065062439668
0.02442723706836718
0.024344850260259066
0.02430057192806066
0.024215629252743478
0.024722195260767472
0.024747887272016673
0.02384956128562167
0.023936565217553964
0.02385263337513014
0.0237485612399661
0.023673671852824457
0.02343362848588624
0.023919110726549054
0.023912784972881455
0.023911274317135925
0.023823526760635542
0.02355889147529137
0.023519151701635196
0.02394868980457513
0.02394015223799162
0.023891426303391826
0.023820508803501388
0.02406596713409728
0.024045586324440368
0.02386236578564274
0.023866678409473083
0.02379784100992374
0.023782704649726833
0.023821315115820363
0.023545176548706775
0.02390151881678816
0.024007499251212483
0.024004652145361696
0.024009249385528435
0.023836662910385217
0.02385516589154412
0.024197783771226045
0.024101363243987588
0.023878727682326937
0.023565173888662923
0.023589492944800058
0.02364340756219636
0.023636172164116023
0.023476618253535742
0.023571304111527143
0.023506233894371953
0.023798333880570285
0.023720531523873562
0.02365245997724794
0.023658156691134493
0.02349136792992936
0.023478681052312867
0.023512796885645608
0.023622190417187706
0.023647310673477046
0.023690521018365305
0.02366705114480895
0.02362725568106768
0.02362725568106768
0.023601619880845214
0.0233617545175287
0.023324659447023378
0.023213851286875132
0.023202025667404536
0.023307572854356844
0.023481168394798704
0.023448045324870926
0.02349740294865351
0.02346721423627171
0.023576389480269418
0.02383403308935573
0.023836771399193782
0.02377246083891864
0.023555263856147788
0.023492851688096426
0.023256419249769608
0.023404918254195054
0.023390005221074137
0.02338408481934176
0.02338408481934176
0.023387463132270067
0.023292605853298644
0.023459573688330973
0.02328460782757225
0.023337738216793944
0.02332941594773497
0.02334598306613018
0.023309582422484435
0.023309582422484435
0.02345522844496507
0.02328376636062348
0.023353123564953424
0.023841456586848025
0.02338252141129829
0.023322338406537264
0.023311232959313966
0.023308621580769823
0.02346717257861182
0.02349606932682925
0.023505314854375764
0.023473762884343347
0.02345868827081691
0.023206820905341534
0.023800887488064075
0.02383674361491095
0.023748581326875
0.023775163407618538
0.023706251167538012
0.023706619584358282
0.0237306102500374
0.023682002578451055
0.02359219769168537
0.023556096071754528
0.023451471980165204
0.02348103222229531
0.023164330206591394
0.023161347457251326
0.02313751253168883
0.02311105098272455
0.02311105098272455
0.02309916858448092
0.02348727860313746
0.02372068931259763
0.023736266336119513
0.02399867717540378
0.023952085806961055
0.023941022991926377
0.02346034990479997
0.023965775568800536
0.024118632097140314
0.023420247228070987
0.02355380045802502
0.02349225130940957
0.02348438032260728
0.023549087415021472
0.023503534169110357
0.023472560110169037
0.023462616005203496
0.02330884320013447
0.023427672424105143
0.023918526759120432
0.023874947816694476
0.023853351216085665
0.023916257301456814
0.023932284020199784
0.023955501694434434
0.023680729207928155
0.02361571198785105
0.023605533473118945
0.023709531682976456
0.02374719371482771
0.02371230857305334
0.023975841383440503
0.02399770702807797
0.02438555479261495
0.024339109717158632
0.024416572474211584
0.025333033621238614
0.02529254370782801
0.02522700845678914
0.02515350112987897
0.02483224259512165
0.02480078217012637
0.02473977531988315
0.02474286869336685
0.024942011813376366
0.024962298789371586
0.02487937961476756
0.024795217550561736
0.024608417451008998
0.02452680321278115
0.024496209889646355
0.0242620395845116
0.024830713877880828
0.025069821884226812
0.024924913935039886
0.024936216452040385
0.024837995822741776
0.02475465226058201
0.024619303609882896
0.024617279750624665
0.024669229037647768
0.024856842825674956
0.024930030000677415
0.02483524536872648
0.024736713346743048
0.025408509144789163
0.025471827144747022
0.0250714331250634
0.02499570040398777
0.025004802670873332
0.0247837134575059
0.02423637259247428
0.02457690192445261
0.02460865862376819
0.024141323856600026
0.024087619404674014
0.024138499748273187
0.024138499748273187
0.024106025154160323
0.02410246069738087
0.024080252068630348
0.02466927737237211
0.02493409040385083
0.02483861922655228
0.025421513939845087
0.025325403471732177
0.02532387493031455
0.025193261749147693
0.025276123427088806
0.02518098493693477
0.02518098493693477
0.024927333685406176
0.02458285310296901
0.024564016310483352
0.024516090328115445
0.023927454925745207
0.023940094891496396
0.024150029561305807
0.023895592473474073
0.024619600899877987
0.024603143171471265
0.024011133284179743
0.02411443338822145
0.02439587415797536
0.024408380051471414
0.02416017453043583
0.024044179050514987
0.024052168298466223
0.02383625500578792
0.02468685806706362
0.024502673363620973
0.023921732204094204
0.023858788300669714
0.02367560354910818
0.023712570457330235
0.023523089274284186
0.023328826010966322
0.023248012525900055
0.023248012525900055
0.023444333169828514
0.02320155356396189
0.02320155356396189
0.023187683814045113
0.022971991644856516
0.022955705387235546
0.022981715819498576
0.024402705558520355
0.024306239300874378
0.02420534416896522
0.024106279731239105
0.024116052406318533
0.024147959848770262
0.023478631997618783
0.023582600516052602
0.02362754433412232
0.02348720954183242
0.023438916662042498
0.023250244175370936
0.022997165886834182
0.02289947761513865
0.02327898695783476
0.023521682164084023
0.023464038216993947
0.02347562786220734
0.023471995897819963
0.023462323306557762
0.023252852311114007
0.023259183682116442
0.023638073079081213
0.0234888887917283
0.023474540803742425
0.023162917040431646
0.02337429518427131
0.02342137468291093
0.02330849608304574
0.023349438843712697
0.02321186167749813
0.023099304353261976
0.02312425386934717
0.023410490790744927
0.023062728274516872
0.02351734587563293
0.023466223372997152
0.023257809502171083
0.023349571797941907
0.02399071650502758
0.023736652130306374
0.02389947938929184
0.023773751065500223
0.02354438874147625
0.023460841468461086
0.023381371412119125
0.023298246512108094
0.0232136578686748
0.023235036350471472
0.023285760339577768
0.023248047899715494
0.023598202605446966
0.023716636071106835
0.0235980675073198
0.02385483712202982
0.02416351581213294
0.024515246734853103
0.02370824660163768
0.023624230597938268
0.023515098148032664
0.023528208016643872
0.02362386107649844
0.024040683450315962
0.024062265127392908
0.02406209313853809
0.024044529936863047
0.023772817616250507
0.023794944259046553
0.023652143440250295
0.023681857702799576
0.023625900442244385
0.023398027486889177
0.023373870925164086
0.02332260476372901
0.023207082623836087
0.022993768795211866
0.022930107988629933
0.022826348014087366
0.022962698003931782
0.022904498329392738
0.022829591405249577
0.023258261621398796
0.02314252562268013
0.02306827303391637
0.022583647136812747
0.022493072151386982
0.0224926979500676
0.022201998747977292
0.022136090729175762
0.022146137996137735
0.022532585785271654
0.022975549177311774
0.02367968267613766
0.023663299656000697
0.02364166014289583
0.023306290735849874
0.02323701140929629
0.02321593750711712
0.02315880446994597
0.02303377234109633
0.023042178698970347
0.023047737450955143
0.02363244406318353
0.023679033471363655
0.023645566056596314
0.023579428416362916
0.023504404042102876
0.02355297642859256
0.02317597209291243
0.023087278988972122
0.023044249763113703
0.02305892674324189
0.023055550018436746
0.023032361573338916
0.02283640449285913
0.022892385671630242
0.023480640124153553
0.024520440177180972
0.024524885566064594
0.02459374919823167
0.024384597972880593
0.022820054076517042
0.022806352475774262
0.022753423919098566
0.022729604674683573
0.022800053950967767
0.022764148935589777
0.022689985778859827
0.02267365922526386
0.022655323002629194
0.022932632172778935
0.02295308157418829
0.022905733592519836
0.022925432246113268
0.02292550986071003
0.022516216205338516
0.022516184396402388
0.02263995529443638
0.022937428299118937
0.022840102343710884
0.02245656096374839
0.022365598975919932
0.022228294655828793
0.02220202871176194
0.022076771147091417
0.02202261017272816
0.02182467347979322
0.021815147538576708
0.021766601197615216
0.021764362216234897
0.021689407912105364
0.02166717264043293
0.02158703204107375
0.021589136056028413
0.021735489091050192
0.021747702890346502
0.021749036793013432
0.021764131643233264
0.021737983120781637
0.021749232043633094
0.02163322515360875
0.021678844018339777
0.021678844018339777
0.02163342366746707
0.02165809838191107
0.021551361138190873
0.02155524727652319
0.021756328310572923
0.02191311179768341
0.02200572516482802
0.02224931917211014
0.02231996609990672
0.022344359092978616
0.022470629075966655
0.02232696780297114
0.0222578534472633
0.022205391609998137
0.022314170491723725
0.022288502997706544
0.022252713863601975
0.022149563929879504
0.021930815580572686
0.02177781346998674
0.021776807211014774
0.021760773710857877
0.02186251507761928
0.021807014870017877
0.021818869603145708
0.02186056060958234
0.021863620085569177
0.02184375843902582
0.02181651020997227
0.02187632910927939
0.021817923876945523
0.021598914463540415
0.021694380277510267
0.021742236687181175
0.021690697913171193
0.021637200188982207
0.0216291979335035
0.02163431597600134
0.021640784385028894
0.021701151785748923
0.021701151785748923
0.02167216309431348
0.021870659237282316
0.021884699835962577
0.022050472266920033
0.02203573541450773
0.02202695352686997
0.02203922928198435
0.021986368066367522
0.02195837159567404
0.021897527679688104
0.021899991567991096
0.02193222813120021
0.022035989293132267
0.022001553528525286
0.021934816054531975
0.021862201037685314
0.021877204012192192
0.021908607325739588
0.021907680062017622
0.021898865875707715
0.022195896518778794
0.0223747507806046
0.022304335123793265
0.022254620428232962
0.022244318772567256
0.02223626816992071
0.022388813916305376
0.022273144441605792
0.022364748044832718
0.02232304695909201
0.02229639302413498
0.022294947609974136
0.02201699538308295
0.022049314978074098
0.02198020789381939
0.02197951200167309
0.021916100885643167
0.0219051755203076
0.02187464144081498
0.02190028215198521
0.02179415226398744
0.021705790530823867
0.021712964731276593
0.02196767128650669
0.021957206177713583
0.022038629556690687
0.02204252488299118
0.02206631340474383
0.0220740545538207
0.021980810069245516
0.022093280410610545
0.022539448264250878
0.022567787553574394
0.022563034942361396
0.022462177927671988
0.022468162828844365
0.022459157346780848
0.022487648594857173
0.022159186119546023
0.022153001735346598
0.022150801228907533
0.022184651170290347
0.022034625407976564
0.02176943152440718
0.021670938000933896
0.02172030459009006
0.02170313237032209
0.021772932048821268
0.02175438897770387
0.02172436368885103
0.021787863736658013
0.02176994635566555
0.02178001854527493
0.021757912673229365
0.021770669261913202
0.021736432607847966
0.021749650683563212
0.021742997801660738
0.021934231773865765
0.021942410692529456
0.02209616237144276
0.022122308251967506
0.022104769297369285
0.022072595023140518
0.02190425220926143
0.021826728314286503
0.02185832057694503
0.02190140136283995
0.022218929159702923
0.022463961745058696
0.022463961745058696
0.022398288796964493
0.022375490817686864
0.022251798153416207
0.022278480718489424
0.022219718557058118
0.021759186998562708
0.021665866086002756
0.021753900005558175
0.021710302328989555
0.021710302328989555
0.02171139282028926
0.021697523878371837
0.021679388099720975
0.02174219180875124
0.021678960127560324
0.0215840644653189
0.02133024862331586
0.02130513513900942
0.021609206884004358
0.021597621233968092
0.021566176716005154
0.021530827290189396
0.021589995826780044
0.021685566700016624
0.02175263692454826
0.02174971747562038
0.02172697474404521
0.021700977261897843
0.021718476772915607
0.021726777090743617
0.021679502494807584
0.021573569422654537
0.021509565189105184
0.021500169887830437
0.021508183108572092
0.021559814255381844
0.021609653083836687
0.021623347848790577
0.02174109785000887
0.021743962019877223
0.021743962019877223
0.02168691488327109
0.02166052388776068
0.021648996551247437
0.02165108368565083
0.021534247290247575
0.02143395884497974
0.021395521350541558
0.021392218241992726
0.021463483923920324
0.02147778690613973
0.0214598065212392
0.02139866663142988
0.021385055449925427
0.021351311804234177
0.021654486829164946
0.02166698410638395
0.02163695654568593
0.02168083755461255
0.02142950108514331
0.021512361210583374
0.021319342263495678
0.021324523273864058
0.021322429384173194
0.02132166383060257
0.02144228008028652
0.0213353250385769
0.021323186256399475
0.02135105690238202
0.021376984463104237
0.02143367824286104
0.0214406439939555
0.021426903838827817
0.021435884482849724
0.02144431449038179
0.02128316565736056
0.021255507009186436
0.02126022723635452
0.021507514254851628
0.02158983632942923
0.02169127654234354
0.02163406307750526
0.021649300729233142
0.021604825766373705
0.021600960854808834
0.021585171789580707
0.02159110280894648
0.02131082097717879
0.021280416932320297
0.021320921287876167
0.021237765154224694
0.02106561990350048
0.021041324186817083
0.021056805675919266
0.021058542407870282
0.021047489752172945
0.02109644678125103
0.02110398104861414
0.021088710029496145
0.021075110549732202
0.02107216694259944
0.020981805002822332
0.020943534219783812
0.021242929522949257
0.02116031659033337
0.02111054482952494
0.02112419117619403
0.020965300145381893
0.020939319426042057
0.02095393968914624
0.02094206154205963
0.021008152612501312
0.021558972247276542
0.02155522979285029
0.021846400441413047
0.022298253889520114
0.02194391450792894
0.02155748951424673
0.021551142472221962
0.02144191566149292
0.02143262098704051
0.02247085657879967
0.022986039837541432
0.022743525505800118
0.022179983919998796
0.022381983151979472
0.022315692615173948
0.022229609295833543
0.022097917994786748
0.022072374584955833
0.02206335380434985
0.02214553006915698
0.022075049647661823
0.02211783497662884
0.022105472266173917
0.022389471102609575
0.022487193828167544
0.02249345424177343
0.02249345424177343
0.022798325813652574
0.023040863223274043
0.022511360513341037
0.022587794287901575
0.022568445453986515
0.022610945392287588
0.022544732673241353
0.022600951931020245
0.02251180143230128
0.022456647513513363
0.022456647513513363
0.023799115088197174
0.02355582228133771
0.023340992681841782
0.023485367695453008
0.023501381245196587
0.023474313067121978
0.023368389356129712
0.02241589424984301
0.02241662466619902
0.022391999838651585
0.022361277503004564
0.022070810879144042
0.022014439571198426
0.021889603440576316
0.021857893800501117
0.021943143526201973
0.021912663532889273
0.02171175629430304
0.021660145065406335
0.02163692873537504
0.021566336578832883
0.021493386536444725
0.021219740947141432
0.02129998612591152
0.021266962607401175
0.021241843222593336
0.021240146350461748
0.021235805567484042
0.02135557592695309
0.021430838227743207
0.021353934329227345
0.021353934329227345
0.02108508713227134
0.021217539493796223
0.021055444778345842
0.02105224988409975
0.020951546480367934
0.020972390832858078
0.02093438558836599
0.02088899856048489
0.020897695331673745
0.02094932963554129
0.021160396126704045
0.021213076221869406
0.02114734318860117
0.021121053432806458
0.02095790238142654
0.020961662793082463
0.020966618732981623
0.021259574580577863
0.021217795499367382
0.021223251975778252
0.0212637803168271
0.021258485660202886
0.021250668539325845
0.021237241698738266
0.021216367829512757
0.021209779503051213
0.021318877490103548
0.02130570354054818
0.02115847014686513
0.021135787435599542
0.021188683927491535
0.021188683927491535
0.021203547497951242
0.021201096136133434
0.02134175324993989
0.02144601843302057
0.021423586350378807
0.021371962366919097
0.021346093132412224
0.02135617995165907
0.02138046365335492
0.021391425283114215
0.02145722377840511
0.021385744428458656
0.021238770451570767
0.021241677976343593
0.021245865291790747
0.02123984753622068
0.021289006661870138
0.02113950694080069
0.020956732902912983
0.02099101628594767
0.020996285884411166
0.020946659967299205
0.02100493992853908
0.021035564219007305
0.021101149825419597
0.021098029124808036
0.02110595726064242
0.021012862201863828
0.02097467749985349
0.020893872366740854
0.020899641029622933
0.02091564561928102
0.020922130846367005
0.020746301706141477
0.020887081444470157
0.020887020474999442
0.020876433767744004
0.020893130362190388
0.020710336283512612
0.02074055490271156
0.020676725831377463
0.02067674510069311
0.020676592391026496
0.020718935617491215
0.02067228512685455
0.020727271073094623
0.020725984479657122
0.020764333712370815
0.020759488031863203
0.020741747216241627
0.020843418124206668
0.020858037088016177
0.020854668351477836
0.02091786570486583
0.02119921704408655
0.021204629382077112
0.021110145835668937
0.021283385723594755
0.021315169899416526
0.02129903211647856
0.021368802782581388
0.021366582724793987
0.021920635825978408
0.021564040140727977
0.02151624161914496
0.02148779132597748
0.021481759715092724
0.021458845230732857
0.021577819475767566
0.021609558684033255
0.02248379959332669
0.02246929918128259
0.022416242629377168
0.02232307105337237
0.021929552287395595
0.021920389287954832
0.02191313264245971
0.021923422367405576
0.02189625997822831
0.022530893377030677
0.022524152207867017
0.022560619194293537
0.022560233176150073
0.021972743281080898
0.021468705506075554
0.021635622102068482
0.021606335548789556
0.021409473685072886
0.021422317923740466
0.021420798335053504
0.02140553854142479
0.021388254597786132
0.02134945641549457
0.021455486166503907
0.02146220049408755
0.021420529102614938
0.021169217622399854
0.021141114533678753
0.021544634056147587
0.021564880238101235
0.02176034687933733
0.021855704503008788
0.02190616883323366
0.021928860629761477
0.02181184752279933
0.021813250499243972
0.021950568253993594
0.021817377476488865
0.021714771650575723
0.021410133473942963
0.02128764968514934
0.021155835763783194
0.021100364396191534
0.02141882864842129
0.02138572541450743
0.021312268746903066
0.021281980959522967
0.02125746614292253
0.021331243572834523
0.021470974277948328
0.021446234754277902
0.021285894048374308
0.021243038979274653
0.021212142845938906
0.02118862708645047
0.021066038762962966
0.02090633729168745
0.020799022520708036
0.020834689933396076
0.02090619371792612
0.020900530394732067
0.020963458637822265
0.021003919019689465
0.02092489561583293
0.02091337784195947
0.02083782995889738
0.02083819017030478
0.020853840849189786
0.020905008200545597
0.020875927182601815
0.020873105042271037
0.021008347693715
0.020920456585903035
0.02151607007092291
0.02145272663231791
0.021273108475523855
0.021232870612825746
0.021428464425785262
0.02136724212285246
0.02128197115934929
0.021320605655137354
0.021268693505126102
0.0212534029641998
0.021280702907104963
0.021287374547865334
0.02129729669166543
0.02128849337414711
0.021221398456396943
0.021175213229269834
0.021085013012065876
0.021217079192211722
0.021199661174185463
0.021218548270680475
0.021216720914216267
0.02113589393121903
0.021148896971216836
0.021130335126383546
0.021235538801808305
0.021219554544012212
0.021220469962977995
0.021248228529093895
0.02128269855607009
0.021282477103819482
0.02133079183023169
0.021316989428489492
0.021317558509315916
0.021462526981753865
0.021446945109067445
0.021365802497259657
0.021473656116192542
0.021437398316469347
0.021461686790878662
0.021408289821771502
0.021384022198762394
0.021367505933466823
0.021696668721329696
0.02169840730260357
0.021521271740711695
0.021511150097201684
0.022098721248521757
0.02210695548781874
0.021953048137637945
0.021949061894288885
0.021966932456157665
0.021976515985296603
0.021926559725013138
0.02192901307926058
0.02200901257226664
0.021978198795916868
0.0221558843410145
0.022208044075879972
0.02242736282711126
0.022475167353768102
0.02215554638857951
0.022173014046098123
0.022065193842896166
0.02209610784263537
0.02284814821567463
0.022879278451013313
0.023078289719279763
0.023078289719279763
0.023053101833938026
0.022066875908523863
0.022063992220749416
0.021903584671320846
0.021704840812376426
0.02158613454575964
0.021565128612276677
0.02155724772561628
0.021605738575666302
0.021627028564945673
0.021617531366652776
0.021483042696532822
0.02146914496042696
0.021460208562292672
0.021394239883268037
0.021360284639356675
0.021499164935734852
0.021373852639417025
0.0212349722809058
0.021230581504069833
0.021200154461666232
0.02120217678649975
0.02120012434376378
0.021203289992566415
0.021206898242476766
0.0208996215453219
0.02089636672202282
0.02057721921290148
0.0206714651975639
0.020668948710962826
0.02101306427365624
0.020990841978500336
0.020896954661112
0.02094821910426646
0.02086424504084337
0.020867996478501443
0.02088709110565564
0.021036179715736878
0.020985169771954214
0.02088705308170691
0.020868063258314893
0.020866136110361113
0.02082785650712133
0.020921044287265045
0.020927192569749307
0.020760448053717087
0.02073920577949519
0.020776181028645258
0.020783770199381046
0.020591149077158984
0.02056238579104589
0.02056238579104589
0.02059066335566718
0.020945480581266187
0.021014721717944055
0.020959754360152672
0.020895951097326008
0.020860302444617073
0.020789575340780266
0.02078330193476463
0.02074171233314343
0.02054005046801378
0.020520439908888896
0.02054930744436274
0.020538806143624973
0.02051368641260083
0.02048385966566426
0.020443172572292286
0.020513364172232217
0.02044659508657227
0.020419446263979495
0.02042706787499593
0.02031305035400191
0.02025622264293982
