0.0375
0.05
0.06346153846153846
0.05961538461538462
0.08076923076923077
0.08269230769230769
0.10096153846153846
0.09711538461538462
0.11153846153846154
0.0673076923076923
0.08846153846153847
0.1125
0.11346153846153846
0.11826923076923077
0.1346153846153846
0.13653846153846153
0.1576923076923077
0.13942307692307693
0.13942307692307693
0.14326923076923076
0.14326923076923076
0.13365384615384615
0.13846153846153847
0.13653846153846153
0.14038461538461539
0.14711538461538462
0.14711538461538462
0.16153846153846155
0.17692307692307693
0.1605769230769231
0.18076923076923077
0.17692307692307693
0.16826923076923078
0.18653846153846154
0.18653846153846154
0.1875
0.19615384615384615
0.18653846153846154
0.19326923076923078
0.19807692307692307
0.20576923076923076
0.21057692307692308
0.21634615384615385
0.21923076923076923
0.19903846153846153
0.21057692307692308
0.2144230769230769
0.21826923076923077
0.21923076923076923
0.2173076923076923
0.2173076923076923
0.2221153846153846
0.23076923076923078
0.23942307692307693
0.23461538461538461
0.22788461538461538
0.23653846153846153
0.22788461538461538
0.2230769230769231
0.225
0.23461538461538461
0.22596153846153846
0.21923076923076923
0.22115384615384615
0.21826923076923077
0.21826923076923077
0.18846153846153846
0.20096153846153847
0.21923076923076923
0.2221153846153846
0.21057692307692308
0.2076923076923077
0.21346153846153845
0.2076923076923077
0.22692307692307692
0.2375
0.24423076923076922
0.23846153846153847
0.24807692307692308
0.25384615384615383
0.25384615384615383
0.2548076923076923
0.25384615384615383
0.2701923076923077
0.27307692307692305
0.28846153846153844
0.3019230769230769
0.2875
0.29615384615384616
0.2567307692307692
0.2519230769230769
0.24615384615384617
0.25
0.25384615384615383
0.2326923076923077
0.22788461538461538
0.23942307692307693
0.2423076923076923
0.2586538461538462
0.2567307692307692
0.24423076923076922
0.24134615384615385
0.25384615384615383
0.2586538461538462
0.28173076923076923
0.28365384615384615
0.2875
0.2923076923076923
0.29903846153846153
0.2980769230769231
0.3076923076923077
0.3125
0.3153846153846154
0.31826923076923075
0.32596153846153847
0.3298076923076923
0.32211538461538464
0.3096153846153846
0.3144230769230769
0.3230769230769231
0.32403846153846155
0.32596153846153847
0.3192307692307692
0.32019230769230766
0.3192307692307692
0.32211538461538464
0.325
0.3211538461538462
0.29903846153846153
0.28942307692307695
0.29423076923076924
0.3076923076923077
0.31153846153846154
0.31346153846153846
0.3
0.2923076923076923
0.2923076923076923
0.2980769230769231
0.3057692307692308
0.3038461538461538
0.30673076923076925
0.32211538461538464
0.3192307692307692
0.32211538461538464
0.3375
0.32884615384615384
0.32403846153846155
0.33653846153846156
0.3375
0.35
0.3471153846153846
0.34615384615384615
0.34615384615384615
0.35192307692307695
0.35384615384615387
0.36153846153846153
0.3490384615384615
0.36730769230769234
0.36923076923076925
0.3548076923076923
0.3451923076923077
0.33942307692307694
0.3375
0.3471153846153846
0.34134615384615385
0.35096153846153844
0.36153846153846153
0.36346153846153845
0.36730769230769234
0.3644230769230769
0.37403846153846154
0.3644230769230769
0.37596153846153846
0.36923076923076925
0.3682692307692308
0.375
0.36730769230769234
0.3798076923076923
0.3903846153846154
0.38269230769230766
0.37115384615384617
0.3817307692307692
0.3817307692307692
0.3875
0.39326923076923076
0.3903846153846154
0.3903846153846154
0.39134615384615384
0.38461538461538464
0.3894230769230769
0.39807692307692305
0.3798076923076923
0.3894230769230769
0.3855769230769231
0.3701923076923077
0.3817307692307692
0.3855769230769231
0.38461538461538464
0.39903846153846156
0.40865384615384615
0.40673076923076923
0.4096153846153846
0.4028846153846154
0.4096153846153846
0.3817307692307692
0.38076923076923075
0.3817307692307692
0.38846153846153847
0.3923076923076923
0.39807692307692305
0.4
0.3557692307692308
0.35673076923076924
0.3528846153846154
0.30096153846153845
0.31346153846153846
0.3528846153846154
0.3923076923076923
0.38461538461538464
0.3875
0.37884615384615383
0.32884615384615384
0.33365384615384613
0.3384615384615385
0.3528846153846154
0.3605769230769231
0.3682692307692308
0.36923076923076925
0.3730769230769231
0.3894230769230769
0.38846153846153847
0.3903846153846154
0.3951923076923077
0.39326923076923076
0.3942307692307692
0.4009615384615385
0.40384615384615385
0.39903846153846156
0.41057692307692306
0.40673076923076923
0.4125
0.40865384615384615
0.39615384615384613
0.39903846153846156
0.41057692307692306
0.4125
0.42115384615384616
0.4076923076923077
0.40384615384615385
0.41346153846153844
0.42980769230769234
0.43173076923076925
0.43653846153846154
0.4480769230769231
0.4288461538461538
0.4173076923076923
0.42403846153846153
0.4182692307692308
0.42596153846153845
0.4355769230769231
0.43173076923076925
0.42980769230769234
0.4288461538461538
0.42115384615384616
0.4346153846153846
0.4423076923076923
0.4375
0.4442307692307692
0.4442307692307692
0.4307692307692308
0.4355769230769231
0.4173076923076923
0.4182692307692308
0.43365384615384617
0.43846153846153846
0.43653846153846154
0.44134615384615383
0.4096153846153846
0.42788461538461536
0.4355769230769231
0.4346153846153846
0.4403846153846154
0.43846153846153846
0.4423076923076923
0.4403846153846154
0.4548076923076923
0.45576923076923076
0.4567307692307692
0.4701923076923077
0.4596153846153846
0.46153846153846156
0.4519230769230769
0.4528846153846154
0.46057692307692305
0.4596153846153846
0.4596153846153846
0.46153846153846156
0.45384615384615384
0.4567307692307692
0.45384615384615384
0.45865384615384613
0.4528846153846154
0.45096153846153847
0.425
0.4375
0.44711538461538464
0.45
0.46153846153846156
0.46826923076923077
0.4673076923076923
0.46634615384615385
0.4596153846153846
0.4567307692307692
0.46442307692307694
0.4625
0.45576923076923076
0.4528846153846154
0.4528846153846154
0.4567307692307692
0.4528846153846154
0.4596153846153846
0.4634615384615385
0.4596153846153846
0.4673076923076923
0.46153846153846156
0.4634615384615385
0.4634615384615385
0.4375
0.45096153846153847
0.45
0.44903846153846155
0.45384615384615384
0.42403846153846153
0.42403846153846153
0.4355769230769231
0.4326923076923077
0.4403846153846154
0.44134615384615383
0.44711538461538464
0.45865384615384613
0.46057692307692305
0.45865384615384613
0.46057692307692305
0.46057692307692305
0.46826923076923077
0.475
0.4740384615384615
0.46923076923076923
0.46442307692307694
0.4653846153846154
0.4740384615384615
0.47596153846153844
0.47692307692307695
0.4721153846153846
0.46057692307692305
0.4653846153846154
0.4721153846153846
0.46442307692307694
0.4567307692307692
0.45576923076923076
0.45865384615384613
0.4567307692307692
0.4567307692307692
0.4548076923076923
0.46153846153846156
0.4596153846153846
0.46153846153846156
0.46634615384615385
0.46923076923076923
0.4596153846153846
0.4548076923076923
0.45576923076923076
0.46057692307692305
0.4576923076923077
0.43173076923076925
0.4403846153846154
0.44134615384615383
0.44519230769230766
0.44711538461538464
0.4519230769230769
0.45865384615384613
0.49615384615384617
0.4932692307692308
0.49423076923076925
0.49423076923076925
0.4971153846153846
0.48846153846153845
0.48653846153846153
0.48846153846153845
0.4894230769230769
0.4826923076923077
0.4875
0.4855769230769231
0.4951923076923077
0.49038461538461536
0.48846153846153845
0.48173076923076924
0.4846153846153846
0.4740384615384615
0.47596153846153844
0.4826923076923077
0.4778846153846154
0.4807692307692308
0.4875
0.4875
0.4875
0.49038461538461536
0.5019230769230769
0.4980769230769231
0.4971153846153846
0.5019230769230769
0.4971153846153846
0.4971153846153846
0.4951923076923077
0.49903846153846154
0.49615384615384617
0.49615384615384617
0.4980769230769231
0.5057692307692307
0.5086538461538461
0.5086538461538461
0.5125
0.5230769230769231
0.5211538461538462
0.525
0.5259615384615385
0.5288461538461539
0.5278846153846154
0.5384615384615384
0.5269230769230769
0.5144230769230769
0.5038461538461538
0.5019230769230769
0.5076923076923077
0.5038461538461538
0.5009615384615385
0.5038461538461538
0.5067307692307692
0.48173076923076924
0.48653846153846153
0.49230769230769234
0.4846153846153846
0.48846153846153845
0.47596153846153844
0.475
0.45865384615384613
0.4653846153846154
0.4442307692307692
0.44519230769230766
0.4394230769230769
0.4442307692307692
0.45
0.4548076923076923
0.4596153846153846
0.475
0.4740384615384615
0.47884615384615387
0.48173076923076924
0.48173076923076924
0.47692307692307695
0.47115384615384615
0.47596153846153844
0.4548076923076923
0.4528846153846154
0.46057692307692305
0.45865384615384613
0.4673076923076923
0.4701923076923077
0.4778846153846154
0.4807692307692308
0.4932692307692308
0.47115384615384615
0.47307692307692306
0.4798076923076923
0.4846153846153846
0.48173076923076924
0.48365384615384616
0.4826923076923077
0.48653846153846153
0.4932692307692308
0.5019230769230769
0.5009615384615385
0.4971153846153846
0.4855769230769231
0.4826923076923077
0.4875
0.4875
0.4913461538461538
0.49423076923076925
0.5019230769230769
0.5009615384615385
0.5028846153846154
0.5086538461538461
0.5086538461538461
0.5019230769230769
0.49423076923076925
0.4894230769230769
0.4894230769230769
0.4855769230769231
0.4894230769230769
0.4971153846153846
0.5019230769230769
0.5019230769230769
0.4913461538461538
0.49423076923076925
0.4980769230769231
0.49423076923076925
0.5
0.5
0.5
0.5009615384615385
0.5019230769230769
0.5019230769230769
0.5019230769230769
0.5019230769230769
0.5076923076923077
0.4980769230769231
0.49903846153846154
0.5048076923076923
0.5028846153846154
0.5076923076923077
0.5048076923076923
0.5125
0.5125
0.5144230769230769
0.5201923076923077
0.5038461538461538
0.5028846153846154
0.4951923076923077
0.4721153846153846
0.4740384615384615
0.49230769230769234
0.4894230769230769
0.5019230769230769
0.5096153846153846
0.510576923076923
0.5076923076923077
0.5086538461538461
0.5086538461538461
0.5076923076923077
0.510576923076923
0.4951923076923077
0.5076923076923077
0.5086538461538461
0.5096153846153846
0.525
0.5173076923076924
0.5211538461538462
0.5355769230769231
0.5365384615384615
0.5375
0.5355769230769231
0.5346153846153846
0.5375
0.5471153846153847
0.5461538461538461
0.5461538461538461
0.5413461538461538
0.5384615384615384
0.5355769230769231
0.5365384615384615
0.5288461538461539
0.5346153846153846
0.5326923076923077
0.5365384615384615
0.5442307692307692
0.5423076923076923
0.5442307692307692
0.5451923076923076
0.5336538461538461
0.5432692307692307
0.5548076923076923
0.5567307692307693
0.5596153846153846
0.5365384615384615
0.5230769230769231
0.5201923076923077
0.5403846153846154
0.5384615384615384
0.5384615384615384
0.5317307692307692
0.5336538461538461
0.5480769230769231
0.5423076923076923
0.5394230769230769
0.5413461538461538
0.5038461538461538
0.5278846153846154
0.5288461538461539
0.5375
0.5413461538461538
0.5423076923076923
0.5375
0.5576923076923077
0.5692307692307692
0.5663461538461538
0.5634615384615385
0.5625
0.5625
0.5625
0.551923076923077
0.551923076923077
0.5615384615384615
0.5634615384615385
0.5721153846153846
0.5721153846153846
0.5586538461538462
0.5432692307692307
0.5490384615384616
0.5634615384615385
0.5634615384615385
0.5701923076923077
0.5788461538461539
0.5788461538461539
0.5826923076923077
0.5807692307692308
0.5855769230769231
0.5836538461538462
0.5855769230769231
0.5875
0.5894230769230769
0.5865384615384616
0.5855769230769231
0.6028846153846154
0.6115384615384616
0.6115384615384616
0.5692307692307692
0.5692307692307692
0.5721153846153846
0.5701923076923077
0.5701923076923077
0.5778846153846153
0.5846153846153846
0.5721153846153846
0.5692307692307692
0.5865384615384616
0.5884615384615385
0.5826923076923077
0.5817307692307693
0.5865384615384616
0.5903846153846154
0.5980769230769231
0.5961538461538461
0.6
0.6009615384615384
0.5884615384615385
0.5923076923076923
0.5875
0.5865384615384616
0.5951923076923077
0.5903846153846154
0.5923076923076923
0.5932692307692308
0.5769230769230769
0.5778846153846153
0.5682692307692307
0.5673076923076923
0.573076923076923
0.573076923076923
0.5740384615384615
0.5778846153846153
0.5817307692307693
0.5836538461538462
0.5798076923076924
0.5778846153846153
0.5740384615384615
0.573076923076923
0.5769230769230769
0.5778846153846153
0.5778846153846153
0.5846153846153846
0.5846153846153846
0.5817307692307693
0.5682692307692307
0.5625
0.5596153846153846
0.5653846153846154
0.5567307692307693
0.5653846153846154
0.5644230769230769
0.5769230769230769
0.5769230769230769
0.5682692307692307
0.5740384615384615
0.5692307692307692
0.5788461538461539
0.5740384615384615
0.5701923076923077
0.5769230769230769
0.5778846153846153
0.5653846153846154
0.5644230769230769
0.5644230769230769
0.5596153846153846
0.5586538461538462
0.5567307692307693
0.5576923076923077
0.5625
0.5682692307692307
0.5701923076923077
0.5701923076923077
0.5721153846153846
0.573076923076923
0.575
0.5855769230769231
0.5894230769230769
0.5826923076923077
0.5903846153846154
0.5932692307692308
0.6028846153846154
0.6028846153846154
0.5980769230769231
0.6
0.5951923076923077
0.5903846153846154
0.5836538461538462
0.5778846153846153
0.5788461538461539
0.5836538461538462
0.5836538461538462
0.5875
0.5836538461538462
0.5894230769230769
0.5923076923076923
0.5951923076923077
0.5980769230769231
0.5951923076923077
0.5932692307692308
0.5923076923076923
0.5923076923076923
0.5884615384615385
0.5894230769230769
0.5894230769230769
0.5913461538461539
0.5836538461538462
0.5692307692307692
0.5528846153846154
0.5644230769230769
0.5634615384615385
0.5673076923076923
0.5653846153846154
0.5682692307692307
0.5653846153846154
0.5740384615384615
0.5769230769230769
0.5903846153846154
0.5865384615384616
0.5836538461538462
0.5884615384615385
0.5865384615384616
0.5961538461538461
0.5971153846153846
0.5951923076923077
0.5961538461538461
0.5903846153846154
0.5855769230769231
0.5913461538461539
0.5836538461538462
0.5798076923076924
0.5846153846153846
0.5875
0.5932692307692308
0.5942307692307692
0.6009615384615384
0.6038461538461538
0.6057692307692307
0.6067307692307692
0.6125
0.5875
0.5855769230769231
0.5875
0.5932692307692308
0.5990384615384615
0.5961538461538461
0.6
0.5961538461538461
0.5951923076923077
0.5865384615384616
0.5817307692307693
0.5798076923076924
0.5807692307692308
0.5865384615384616
0.5846153846153846
0.5846153846153846
0.5826923076923077
0.5865384615384616
0.5913461538461539
0.6163461538461539
0.6182692307692308
0.6182692307692308
0.6163461538461539
0.6096153846153847
0.6125
0.6096153846153847
0.6115384615384616
0.6067307692307692
0.6067307692307692
0.6115384615384616
0.6134615384615385
0.6211538461538462
0.6201923076923077
0.6153846153846154
0.6173076923076923
0.6153846153846154
0.6125
0.6221153846153846
0.6192307692307693
0.6211538461538462
0.6230769230769231
0.6211538461538462
0.6192307692307693
0.6134615384615385
0.6105769230769231
0.6019230769230769
0.6
0.6057692307692307
0.6067307692307692
0.6153846153846154
0.6173076923076923
0.6182692307692308
0.5923076923076923
0.5903846153846154
0.6057692307692307
0.6048076923076923
0.6028846153846154
0.6
0.6096153846153847
0.5990384615384615
0.5990384615384615
0.5769230769230769
0.5769230769230769
0.5721153846153846
0.5932692307692308
0.6
0.5980769230769231
0.5894230769230769
0.5884615384615385
0.6
0.6048076923076923
0.6048076923076923
0.6115384615384616
0.6115384615384616
0.6076923076923076
0.6096153846153847
0.6009615384615384
0.5846153846153846
0.5682692307692307
0.573076923076923
0.5759615384615384
0.5961538461538461
0.6038461538461538
0.6009615384615384
0.6028846153846154
0.6028846153846154
0.6038461538461538
0.6019230769230769
0.5980769230769231
0.6096153846153847
0.6115384615384616
0.6096153846153847
0.6125
0.6076923076923076
0.6057692307692307
0.6048076923076923
0.6057692307692307
0.6086538461538461
0.6134615384615385
0.6134615384615385
0.6125
0.6125
0.6125
0.6153846153846154
0.6192307692307693
0.6192307692307693
0.6211538461538462
0.6201923076923077
0.6221153846153846
0.6221153846153846
0.6201923076923077
0.6163461538461539
0.6173076923076923
0.6173076923076923
0.6182692307692308
0.6163461538461539
0.6201923076923077
0.6278846153846154
0.6278846153846154
0.6240384615384615
0.6240384615384615
0.6269230769230769
0.6259615384615385
0.6201923076923077
0.6201923076923077
0.6201923076923077
0.6278846153846154
0.6240384615384615
0.5913461538461539
0.6019230769230769
0.6067307692307692
0.6009615384615384
0.6009615384615384
0.6019230769230769
0.6028846153846154
0.6028846153846154
0.6105769230769231
0.6009615384615384
0.6048076923076923
0.6086538461538461
0.6028846153846154
0.6028846153846154
0.6019230769230769
0.5903846153846154
0.5913461538461539
0.5951923076923077
0.5951923076923077
0.6067307692307692
0.6019230769230769
0.5961538461538461
0.5971153846153846
0.5971153846153846
0.5961538461538461
0.575
0.5701923076923077
0.5721153846153846
0.5894230769230769
0.5855769230769231
0.5855769230769231
0.5951923076923077
0.5846153846153846
0.5865384615384616
0.5836538461538462
0.5846153846153846
0.5884615384615385
0.5903846153846154
0.5951923076923077
0.6028846153846154
0.6038461538461538
0.6048076923076923
0.6057692307692307
0.6057692307692307
0.6086538461538461
0.6307692307692307
0.6317307692307692
0.6307692307692307
0.6288461538461538
0.6288461538461538
0.6288461538461538
0.6288461538461538
0.6269230769230769
0.6211538461538462
0.6259615384615385
0.6298076923076923
0.6298076923076923
0.6326923076923077
0.6336538461538461
0.6538461538461539
0.6528846153846154
0.6519230769230769
0.6519230769230769
0.6480769230769231
0.6490384615384616
0.6509615384615385
0.6509615384615385
0.6490384615384616
0.6490384615384616
0.6461538461538462
0.6480769230769231
0.6451923076923077
0.6326923076923077
0.6317307692307692
0.6288461538461538
0.6336538461538461
0.6346153846153846
0.6326923076923077
0.6269230769230769
0.6307692307692307
0.6269230769230769
0.6240384615384615
0.6259615384615385
0.6307692307692307
0.6346153846153846
0.6288461538461538
0.6259615384615385
0.625
0.6278846153846154
0.6317307692307692
0.6326923076923077
0.6307692307692307
0.6317307692307692
0.6307692307692307
0.6298076923076923
0.6038461538461538
0.6019230769230769
0.6019230769230769
0.6057692307692307
0.6153846153846154
0.6182692307692308
0.6153846153846154
0.6298076923076923
0.6317307692307692
0.6298076923076923
0.6288461538461538
0.6288461538461538
0.6317307692307692
0.6269230769230769
0.6317307692307692
0.6278846153846154
0.6307692307692307
0.6153846153846154
0.6134615384615385
0.6163461538461539
0.6221153846153846
0.6173076923076923
0.6163461538461539
0.6096153846153847
0.6192307692307693
0.6076923076923076
0.6048076923076923
0.6048076923076923
0.6086538461538461
0.6076923076923076
0.6125
0.6182692307692308
0.6182692307692308
0.6192307692307693
0.6240384615384615
0.6307692307692307
0.6317307692307692
0.6346153846153846
0.6365384615384615
0.6336538461538461
0.6288461538461538
0.6259615384615385
0.6230769230769231
0.6201923076923077
0.6173076923076923
0.6115384615384616
0.6115384615384616
0.6067307692307692
0.6086538461538461
0.6115384615384616
0.6125
0.6153846153846154
0.6076923076923076
0.6076923076923076
0.6125
0.6163461538461539
0.6115384615384616
0.6153846153846154
0.6105769230769231
0.6115384615384616
0.6057692307692307
0.5951923076923077
0.5990384615384615
0.6028846153846154
0.6105769230769231
0.6134615384615385
0.6211538461538462
0.6201923076923077
0.6201923076923077
0.6201923076923077
0.6125
0.6096153846153847
0.6067307692307692
0.6096153846153847
0.6067307692307692
0.6048076923076923
0.5990384615384615
0.6028846153846154
0.6028846153846154
0.6028846153846154
0.6009615384615384
0.6038461538461538
0.6115384615384616
0.6163461538461539
0.6192307692307693
0.6192307692307693
0.6153846153846154
0.6201923076923077
0.6182692307692308
0.6192307692307693
0.6192307692307693
0.6240384615384615
0.6173076923076923
0.6317307692307692
0.6317307692307692
0.6346153846153846
0.6326923076923077
0.6365384615384615
0.6432692307692308
0.6403846153846153
0.635576923076923
0.6307692307692307
0.6317307692307692
0.6221153846153846
0.6240384615384615
0.6259615384615385
0.6269230769230769
0.6153846153846154
0.6019230769230769
0.6028846153846154
0.6028846153846154
0.6009615384615384
0.5798076923076924
0.5807692307692308
0.5942307692307692
0.6
0.5990384615384615
0.6
0.6009615384615384
0.6028846153846154
0.6096153846153847
0.6173076923076923
0.6230769230769231
0.6288461538461538
0.6230769230769231
0.6288461538461538
0.6298076923076923
0.6211538461538462
0.6259615384615385
0.6278846153846154
0.6288461538461538
0.6298076923076923
0.6259615384615385
0.6240384615384615
0.6230769230769231
0.6259615384615385
0.6259615384615385
0.6278846153846154
0.6192307692307693
0.6153846153846154
0.6115384615384616
0.6134615384615385
0.6115384615384616
0.6125
0.614423076923077
0.6153846153846154
0.6153846153846154
0.6192307692307693
0.6173076923076923
0.6201923076923077
0.6115384615384616
0.6182692307692308
0.6153846153846154
0.6076923076923076
0.6125
0.6115384615384616
0.6153846153846154
0.6134615384615385
0.6163461538461539
0.6221153846153846
0.6221153846153846
0.6211538461538462
0.6211538461538462
0.6230769230769231
0.6230769230769231
0.614423076923077
0.6153846153846154
0.6201923076923077
0.6086538461538461
0.6115384615384616
0.6096153846153847
0.6096153846153847
0.6182692307692308
0.6163461538461539
0.6192307692307693
0.6173076923076923
0.6028846153846154
0.5778846153846153
0.5826923076923077
0.5807692307692308
0.5817307692307693
0.5817307692307693
0.5913461538461539
0.5807692307692308
0.5798076923076924
0.5817307692307693
0.5932692307692308
0.5884615384615385
0.5875
0.5923076923076923
0.5942307692307692
0.614423076923077
0.6182692307692308
0.6192307692307693
0.6230769230769231
0.6240384615384615
0.6211538461538462
0.6182692307692308
0.6173076923076923
0.614423076923077
0.6192307692307693
0.6201923076923077
0.6192307692307693
0.6201923076923077
0.625
0.6288461538461538
0.6346153846153846
0.6278846153846154
0.6278846153846154
0.6298076923076923
0.6346153846153846
0.6413461538461539
0.6384615384615384
0.6432692307692308
0.6365384615384615
0.6461538461538462
0.6461538461538462
0.65
0.6442307692307693
0.6365384615384615
0.6394230769230769
0.6384615384615384
0.6384615384615384
0.6394230769230769
0.6403846153846153
0.6394230769230769
0.6317307692307692
0.6288461538461538
0.6298076923076923
0.6317307692307692
0.6365384615384615
0.6384615384615384
0.6490384615384616
0.6509615384615385
0.6490384615384616
0.6490384615384616
0.6519230769230769
0.6567307692307692
0.6509615384615385
0.6509615384615385
0.6509615384615385
0.6509615384615385
0.6509615384615385
0.6538461538461539
0.6567307692307692
0.6528846153846154
0.6596153846153846
0.6548076923076923
0.6548076923076923
0.6538461538461539
0.6461538461538462
0.6403846153846153
0.6461538461538462
0.6461538461538462
0.6384615384615384
0.6384615384615384
0.6336538461538461
0.6298076923076923
0.6298076923076923
0.6317307692307692
0.6317307692307692
0.6163461538461539
0.6201923076923077
0.6211538461538462
0.6201923076923077
0.6240384615384615
0.6336538461538461
0.6336538461538461
0.6288461538461538
0.6307692307692307
0.6442307692307693
0.6461538461538462
0.6423076923076924
0.6384615384615384
0.6403846153846153
0.6423076923076924
0.6413461538461539
0.6403846153846153
0.6413461538461539
0.6365384615384615
0.635576923076923
0.6346153846153846
0.6375
0.6471153846153846
0.6451923076923077
0.6461538461538462
0.6480769230769231
0.6480769230769231
0.6490384615384616
0.6509615384615385
0.6509615384615385
0.6509615384615385
0.65
0.6509615384615385
0.6567307692307692
0.6557692307692308
0.6548076923076923
0.6576923076923077
0.6557692307692308
0.6538461538461539
0.6230769230769231
0.6269230769230769
0.6288461538461538
0.6326923076923077
0.6326923076923077
0.6298076923076923
0.6317307692307692
0.6307692307692307
0.6307692307692307
0.6288461538461538
0.6278846153846154
0.6288461538461538
0.6269230769230769
0.6317307692307692
0.6298076923076923
0.6307692307692307
0.6336538461538461
0.635576923076923
0.6451923076923077
0.6557692307692308
0.6509615384615385
0.6519230769230769
0.6538461538461539
0.6557692307692308
0.6567307692307692
0.6538461538461539
0.6528846153846154
0.6519230769230769
0.6509615384615385
0.6567307692307692
0.6557692307692308
0.6625
0.6653846153846154
0.6653846153846154
0.6634615384615384
0.6634615384615384
0.6634615384615384
0.6567307692307692
0.6596153846153846
0.6615384615384615
0.6673076923076923
0.6692307692307692
0.6663461538461538
0.6673076923076923
0.6663461538461538
0.6653846153846154
0.6538461538461539
0.6509615384615385
0.6509615384615385
0.6519230769230769
0.6519230769230769
0.6442307692307693
0.6442307692307693
0.6423076923076924
0.635576923076923
0.6365384615384615
0.635576923076923
0.6336538461538461
0.6278846153846154
0.6317307692307692
0.635576923076923
0.6413461538461539
0.6451923076923077
0.6221153846153846
0.6240384615384615
0.6259615384615385
0.6240384615384615
0.6221153846153846
0.6153846153846154
0.6192307692307693
0.6230769230769231
0.6230769230769231
0.6211538461538462
0.6259615384615385
0.6192307692307693
0.6240384615384615
0.6201923076923077
0.6173076923076923
0.6201923076923077
0.6182692307692308
0.6182692307692308
0.6163461538461539
0.6278846153846154
0.6269230769230769
0.6259615384615385
0.6298076923076923
0.6259615384615385
0.6269230769230769
0.6307692307692307
0.6298076923076923
0.6298076923076923
0.6346153846153846
0.6278846153846154
0.6240384615384615
0.6298076923076923
0.6259615384615385
0.6278846153846154
0.6298076923076923
0.6298076923076923
0.6298076923076923
0.625
0.6519230769230769
0.6528846153846154
0.6403846153846153
0.6384615384615384
0.6384615384615384
0.6317307692307692
0.625
0.6346153846153846
0.6394230769230769
0.6336538461538461
0.6288461538461538
0.6336538461538461
0.6336538461538461
0.6384615384615384
0.635576923076923
0.635576923076923
0.6336538461538461
0.6298076923076923
0.6240384615384615
0.6182692307692308
0.6211538461538462
0.6211538461538462
0.6221153846153846
0.6221153846153846
0.6201923076923077
0.6259615384615385
0.6259615384615385
0.6240384615384615
0.6269230769230769
0.6269230769230769
0.6269230769230769
0.625
0.6230769230769231
0.6307692307692307
0.6269230769230769
0.6336538461538461
0.6432692307692308
0.6442307692307693
0.6413461538461539
0.6413461538461539
0.6423076923076924
0.6423076923076924
0.6471153846153846
0.6442307692307693
0.6480769230769231
0.6480769230769231
0.6461538461538462
0.6480769230769231
0.6471153846153846
0.6471153846153846
0.6278846153846154
0.6288461538461538
0.6298076923076923
0.6307692307692307
0.6307692307692307
0.6105769230769231
0.6163461538461539
0.6173076923076923
0.6173076923076923
0.6326923076923077
0.6365384615384615
0.6375
0.6413461538461539
0.6442307692307693
0.6413461538461539
0.6471153846153846
0.6519230769230769
0.6480769230769231
0.6461538461538462
0.6567307692307692
0.6576923076923077
0.6567307692307692
0.6567307692307692
0.6644230769230769
0.6644230769230769
0.6625
0.6634615384615384
0.6692307692307692
0.6625
0.6653846153846154
0.6730769230769231
0.676923076923077
0.6701923076923076
0.6653846153846154
0.6673076923076923
0.6615384615384615
0.6605769230769231
0.6663461538461538
0.6682692307692307
0.6615384615384615
0.6576923076923077
0.6567307692307692
0.6298076923076923
0.6163461538461539
0.6240384615384615
0.6298076923076923
0.6317307692307692
0.6365384615384615
0.635576923076923
0.6586538461538461
0.6644230769230769
0.6644230769230769
0.6644230769230769
0.6711538461538461
0.6846153846153846
0.6817307692307693
0.6798076923076923
0.6798076923076923
0.6817307692307693
0.6826923076923077
0.6740384615384616
0.6846153846153846
0.6903846153846154
0.6903846153846154
0.6884615384615385
0.6894230769230769
0.6855769230769231
0.675
0.6798076923076923
0.6826923076923077
0.6826923076923077
0.6884615384615385
0.6826923076923077
0.675
0.6759615384615385
0.6759615384615385
0.676923076923077
0.6788461538461539
0.6798076923076923
0.6778846153846154
0.676923076923077
0.6807692307692308
0.6817307692307693
0.6836538461538462
0.6826923076923077
0.6817307692307693
0.6923076923076923
0.6894230769230769
0.6788461538461539
0.6788461538461539
0.6663461538461538
0.6615384615384615
0.6403846153846153
0.6423076923076924
0.6471153846153846
0.6557692307692308
0.6471153846153846
0.6384615384615384
0.6384615384615384
0.6240384615384615
0.6221153846153846
0.6163461538461539
0.6298076923076923
0.6278846153846154
0.6278846153846154
0.6336538461538461
0.6336538461538461
0.6336538461538461
0.6298076923076923
0.6307692307692307
0.6317307692307692
0.6336538461538461
0.6288461538461538
0.6317307692307692
0.6375
0.6423076923076924
0.6442307692307693
0.6442307692307693
0.6346153846153846
0.6336538461538461
0.6384615384615384
0.625
0.6221153846153846
0.6432692307692308
0.6403846153846153
0.6403846153846153
0.6461538461538462
0.6480769230769231
0.6519230769230769
0.6451923076923077
0.6442307692307693
0.6461538461538462
0.6461538461538462
0.6596153846153846
0.6586538461538461
0.6557692307692308
0.6557692307692308
0.6557692307692308
0.6548076923076923
0.6596153846153846
0.6615384615384615
0.6634615384615384
0.6576923076923077
0.6586538461538461
0.6548076923076923
0.6576923076923077
0.6682692307692307
0.6625
0.6625
0.6615384615384615
0.6605769230769231
0.6625
0.6615384615384615
0.6625
0.6634615384615384
0.6644230769230769
0.6721153846153847
0.6701923076923076
0.6759615384615385
0.675
0.6778846153846154
0.6740384615384616
0.6721153846153847
0.6711538461538461
0.6730769230769231
0.6730769230769231
0.6721153846153847
0.6740384615384616
0.6759615384615385
0.6807692307692308
0.6778846153846154
0.6740384615384616
0.6740384615384616
0.675
0.6740384615384616
0.6740384615384616
0.675
0.676923076923077
0.6759615384615385
0.6826923076923077
0.6826923076923077
0.6826923076923077
0.6721153846153847
0.6740384615384616
0.6682692307692307
0.6673076923076923
0.6653846153846154
0.6586538461538461
0.6576923076923077
0.6586538461538461
0.6625
0.6634615384615384
0.6682692307692307
0.6682692307692307
0.6663461538461538
0.6673076923076923
0.6673076923076923
0.6673076923076923
0.6567307692307692
0.6548076923076923
0.6576923076923077
0.6576923076923077
0.6615384615384615
0.6625
0.6634615384615384
0.6634615384615384
0.6653846153846154
0.6692307692307692
0.6682692307692307
0.6538461538461539
0.6615384615384615
0.6644230769230769
0.6663461538461538
0.6653846153846154
0.6644230769230769
0.6682692307692307
0.6673076923076923
0.6663461538461538
0.6673076923076923
0.6653846153846154
0.6538461538461539
0.6538461538461539
0.6509615384615385
0.65
0.6480769230769231
0.6480769230769231
0.65
0.65
0.6509615384615385
0.6538461538461539
0.6557692307692308
0.6528846153846154
0.6548076923076923
0.6548076923076923
0.6548076923076923
0.6576923076923077
0.6576923076923077
0.6557692307692308
0.6519230769230769
0.6480769230769231
0.6480769230769231
0.6461538461538462
0.6471153846153846
0.6471153846153846
0.6528846153846154
0.6442307692307693
0.6384615384615384
0.65
0.6490384615384616
0.6519230769230769
0.6509615384615385
0.6509615384615385
0.6432692307692308
0.6490384615384616
0.6432692307692308
0.6432692307692308
0.6442307692307693
0.6298076923076923
0.6307692307692307
0.6307692307692307
0.6298076923076923
0.6336538461538461
0.6423076923076924
0.6509615384615385
0.6538461538461539
0.6528846153846154
0.6471153846153846
0.6480769230769231
0.6471153846153846
0.6394230769230769
0.6375
0.6384615384615384
0.6375
0.6384615384615384
0.6307692307692307
0.6326923076923077
0.6346153846153846
0.6346153846153846
0.6326923076923077
0.6336538461538461
0.6384615384615384
0.6403846153846153
0.6336538461538461
0.6326923076923077
0.6326923076923077
0.6298076923076923
0.6336538461538461
0.6317307692307692
0.6346153846153846
0.6490384615384616
0.6442307692307693
0.6346153846153846
0.6365384615384615
0.635576923076923
0.6384615384615384
0.635576923076923
0.6365384615384615
0.635576923076923
0.635576923076923
0.6346153846153846
0.6365384615384615
0.6365384615384615
0.6413461538461539
0.6211538461538462
0.6182692307692308
0.6288461538461538
0.6288461538461538
0.6288461538461538
0.6288461538461538
0.6471153846153846
0.6548076923076923
0.6548076923076923
0.6634615384615384
0.6625
0.6634615384615384
0.6634615384615384
0.6644230769230769
0.6644230769230769
0.6634615384615384
0.6576923076923077
0.6528846153846154
0.6567307692307692
0.6480769230769231
0.6509615384615385
0.6509615384615385
0.6509615384615385
0.6461538461538462
0.6490384615384616
0.6490384615384616
0.6538461538461539
0.6538461538461539
0.6567307692307692
0.6586538461538461
0.6682692307692307
0.6711538461538461
0.6653846153846154
0.6721153846153847
0.6567307692307692
0.6557692307692308
0.6653846153846154
0.6634615384615384
0.6625
0.6625
0.6663461538461538
0.6653846153846154
0.6682692307692307
0.6663461538461538
0.6413461538461539
0.6394230769230769
0.6480769230769231
0.6528846153846154
0.6557692307692308
0.6586538461538461
0.6625
0.6682692307692307
0.6663461538461538
0.6663461538461538
0.6634615384615384
0.6701923076923076
0.6701923076923076
0.6692307692307692
0.6721153846153847
0.6730769230769231
0.6740384615384616
0.6644230769230769
0.6644230769230769
0.6653846153846154
0.6663461538461538
0.6644230769230769
0.6653846153846154
0.6730769230769231
0.675
0.6788461538461539
0.6807692307692308
0.6759615384615385
0.676923076923077
0.6826923076923077
0.6894230769230769
0.6894230769230769
0.6740384615384616
0.6759615384615385
0.6759615384615385
0.6740384615384616
0.676923076923077
0.675
0.6740384615384616
0.6634615384615384
0.6663461538461538
0.6653846153846154
0.6740384615384616
0.6721153846153847
0.6701923076923076
0.6682692307692307
0.6673076923076923
0.6711538461538461
0.6711538461538461
0.6711538461538461
0.6759615384615385
0.6798076923076923
0.6759615384615385
0.6778846153846154
0.6826923076923077
0.6836538461538462
0.6740384615384616
0.6701923076923076
0.6701923076923076
0.6721153846153847
0.6798076923076923
0.6826923076923077
0.6826923076923077
0.6836538461538462
0.6846153846153846
0.6817307692307693
0.6788461538461539
0.6798076923076923
0.6817307692307693
0.6788461538461539
0.6807692307692308
0.675
0.6673076923076923
0.6634615384615384
0.6884615384615385
0.6875
0.6894230769230769
0.6855769230769231
0.6817307692307693
0.6721153846153847
0.6740384615384616
0.6721153846153847
0.6721153846153847
0.6740384615384616
0.675
0.6807692307692308
0.6788461538461539
0.6778846153846154
0.6788461538461539
0.6788461538461539
0.6798076923076923
0.6836538461538462
0.6865384615384615
0.6894230769230769
0.6932692307692307
0.6894230769230769
0.6923076923076923
0.6942307692307692
0.6826923076923077
0.6865384615384615
0.6903846153846154
0.6971153846153846
0.7
0.7
0.7019230769230769
0.7019230769230769
0.7028846153846153
0.7009615384615384
0.698076923076923
0.6836538461538462
0.6778846153846154
0.6817307692307693
0.6855769230769231
0.6875
0.6865384615384615
0.6855769230769231
0.6894230769230769
0.6894230769230769
0.6913461538461538
0.6759615384615385
0.6740384615384616
0.6759615384615385
0.6788461538461539
0.6778846153846154
0.675
0.6798076923076923
0.6807692307692308
0.6836538461538462
0.6798076923076923
0.6788461538461539
0.6855769230769231
0.6884615384615385
0.6855769230769231
0.675
0.6509615384615385
0.65
0.6480769230769231
0.6480769230769231
0.6855769230769231
0.6817307692307693
0.6846153846153846
0.6807692307692308
0.6778846153846154
0.6807692307692308
0.6817307692307693
0.6826923076923077
0.6817307692307693
0.6701923076923076
0.6682692307692307
0.6701923076923076
0.6673076923076923
0.6682692307692307
0.6798076923076923
0.6817307692307693
0.6798076923076923
0.6673076923076923
0.6730769230769231
0.6798076923076923
0.6855769230769231
0.6846153846153846
0.6807692307692308
0.6846153846153846
0.6855769230769231
0.6913461538461538
0.6913461538461538
0.6913461538461538
0.6942307692307692
0.6942307692307692
0.6942307692307692
0.6951923076923077
0.6951923076923077
0.6932692307692307
0.698076923076923
0.6990384615384615
0.6961538461538461
0.6942307692307692
0.6942307692307692
0.6894230769230769
0.6846153846153846
0.6846153846153846
0.6942307692307692
0.6932692307692307
0.6971153846153846
0.7019230769230769
0.6913461538461538
0.6855769230769231
0.6894230769230769
0.6942307692307692
0.6923076923076923
0.6903846153846154
0.6855769230769231
0.6903846153846154
0.6913461538461538
0.6894230769230769
0.6884615384615385
0.6913461538461538
0.6942307692307692
0.6951923076923077
0.7067307692307693
0.7125
0.7115384615384616
0.7105769230769231
0.7115384615384616
0.7125
0.7134615384615385
0.7105769230769231
0.7096153846153846
0.7105769230769231
0.7096153846153846
0.7115384615384616
0.7125
0.7221153846153846
0.7173076923076923
0.7144230769230769
0.7125
0.7125
0.7144230769230769
0.7144230769230769
0.7125
0.7115384615384616
0.7115384615384616
0.7115384615384616
0.7048076923076924
0.6990384615384615
0.6971153846153846
0.698076923076923
0.6961538461538461
0.6884615384615385
0.698076923076923
0.6942307692307692
0.6990384615384615
0.6990384615384615
0.6961538461538461
0.6951923076923077
0.6971153846153846
0.6951923076923077
0.6971153846153846
0.6961538461538461
0.6942307692307692
0.6951923076923077
0.6951923076923077
0.6923076923076923
0.6836538461538462
0.6884615384615385
0.6903846153846154
0.6903846153846154
0.6903846153846154
0.676923076923077
0.6778846153846154
0.6807692307692308
0.6817307692307693
0.6817307692307693
0.6798076923076923
0.6875
0.6836538461538462
0.6846153846153846
0.6865384615384615
0.6875
0.6875
0.6884615384615385
0.6865384615384615
0.6913461538461538
0.6951923076923077
0.6971153846153846
0.6875
0.6846153846153846
0.6894230769230769
0.6894230769230769
0.6894230769230769
0.6875
0.6865384615384615
0.6971153846153846
0.6942307692307692
0.6903846153846154
0.6884615384615385
0.6923076923076923
0.6923076923076923
0.6913461538461538
0.6923076923076923
0.7009615384615384
0.7019230769230769
0.7019230769230769
0.7
0.7048076923076924
0.7115384615384616
0.7134615384615385
0.7134615384615385
0.7144230769230769
0.7144230769230769
0.7144230769230769
0.7201923076923077
0.7134615384615385
0.7134615384615385
0.7125
0.7125
0.7125
0.7105769230769231
0.7076923076923077
0.7057692307692308
0.7057692307692308
0.7086538461538462
0.7105769230769231
0.7086538461538462
0.7096153846153846
0.7086538461538462
0.7125
0.7144230769230769
0.7115384615384616
0.7105769230769231
0.7067307692307693
0.7
0.7
0.7009615384615384
0.7076923076923077
0.7086538461538462
0.7096153846153846
0.7115384615384616
0.7201923076923077
0.7192307692307692
0.7182692307692308
0.7115384615384616
0.7115384615384616
0.7105769230769231
0.7067307692307693
0.7067307692307693
0.7067307692307693
0.7105769230769231
0.7144230769230769
0.7240384615384615
0.7230769230769231
0.7105769230769231
0.7134615384615385
0.7105769230769231
0.7115384615384616
0.7086538461538462
0.7038461538461539
0.7057692307692308
0.7057692307692308
0.7096153846153846
0.7105769230769231
0.7076923076923077
0.7086538461538462
0.7096153846153846
0.7086538461538462
0.7076923076923077
0.7067307692307693
0.7067307692307693
0.7028846153846153
0.6990384615384615
0.6990384615384615
0.7
0.7
0.7
0.698076923076923
0.7019230769230769
0.7009615384615384
0.7
0.7057692307692308
0.7067307692307693
0.7163461538461539
0.7173076923076923
0.7134615384615385
0.7144230769230769
0.7144230769230769
0.7153846153846154
0.7134615384615385
0.7134615384615385
0.7019230769230769
0.7019230769230769
0.7028846153846153
0.7009615384615384
0.7105769230769231
0.7067307692307693
0.7115384615384616
0.7105769230769231
0.7086538461538462
0.7086538461538462
0.7144230769230769
0.7144230769230769
0.7153846153846154
0.7134615384615385
0.7115384615384616
0.7105769230769231
0.7125
0.7067307692307693
0.7048076923076924
0.7057692307692308
0.7076923076923077
0.7076923076923077
0.7105769230769231
0.7048076923076924
0.7038461538461539
0.7115384615384616
0.7144230769230769
0.7144230769230769
0.7144230769230769
0.7076923076923077
0.7076923076923077
0.7048076923076924
0.7125
0.7125
0.7115384615384616
0.7125
0.7163461538461539
0.7173076923076923
0.7105769230769231
0.7105769230769231
0.7115384615384616
0.7105769230769231
0.7125
0.7125
0.7153846153846154
0.7182692307692308
0.7192307692307692
0.7221153846153846
0.7240384615384615
0.7221153846153846
0.7230769230769231
0.7240384615384615
0.725
0.7230769230769231
0.7221153846153846
0.7211538461538461
0.7192307692307692
0.7182692307692308
0.7192307692307692
0.7173076923076923
0.7028846153846153
0.7134615384615385
0.725
0.725
0.7288461538461538
0.7288461538461538
0.7134615384615385
0.7048076923076924
0.7028846153846153
0.7125
0.7076923076923077
0.7096153846153846
0.7115384615384616
0.7115384615384616
0.7125
0.7086538461538462
0.7125
0.7134615384615385
0.7105769230769231
0.7086538461538462
0.7057692307692308
0.698076923076923
0.698076923076923
0.698076923076923
0.6990384615384615
0.6932692307692307
0.7048076923076924
0.7048076923076924
0.7057692307692308
0.7048076923076924
0.7048076923076924
0.7019230769230769
0.7048076923076924
0.7057692307692308
0.7057692307692308
0.676923076923077
0.6826923076923077
0.6855769230769231
0.6826923076923077
0.6846153846153846
0.6884615384615385
0.6923076923076923
0.7115384615384616
0.7086538461538462
0.7076923076923077
0.7115384615384616
0.7134615384615385
0.7163461538461539
0.7173076923076923
0.7163461538461539
0.7153846153846154
0.7163461538461539
0.7163461538461539
0.7163461538461539
0.7173076923076923
0.7163461538461539
0.7134615384615385
0.7153846153846154
0.7144230769230769
0.7144230769230769
0.7192307692307692
0.7192307692307692
0.7192307692307692
0.7182692307692308
0.7173076923076923
0.7173076923076923
0.7173076923076923
0.7221153846153846
0.7125
0.7153846153846154
0.7144230769230769
0.7173076923076923
0.7163461538461539
0.7144230769230769
0.7173076923076923
0.7192307692307692
0.7201923076923077
0.7134615384615385
0.7125
0.7163461538461539
0.7153846153846154
0.7221153846153846
0.7221153846153846
0.7201923076923077
0.7076923076923077
0.7067307692307693
0.7086538461538462
0.7057692307692308
0.7096153846153846
0.7086538461538462
0.7105769230769231
0.7115384615384616
0.7096153846153846
0.7028846153846153
0.7048076923076924
0.7076923076923077
0.7057692307692308
0.7048076923076924
0.7048076923076924
0.7048076923076924
0.7048076923076924
0.6990384615384615
0.6942307692307692
0.6951923076923077
0.6942307692307692
0.6923076923076923
0.6942307692307692
0.6903846153846154
0.6903846153846154
0.6923076923076923
0.6932692307692307
0.6971153846153846
0.698076923076923
0.6942307692307692
0.7
0.7067307692307693
0.7125
0.7173076923076923
0.7192307692307692
0.7173076923076923
0.7211538461538461
0.7163461538461539
0.7134615384615385
0.7076923076923077
0.7076923076923077
0.7067307692307693
0.7009615384615384
0.7048076923076924
0.7076923076923077
0.7067307692307693
0.7076923076923077
0.7057692307692308
0.7115384615384616
0.7057692307692308
0.7048076923076924
0.7028846153846153
0.7048076923076924
0.7125
0.7105769230769231
0.7134615384615385
0.7134615384615385
0.7134615384615385
0.7125
0.7125
0.7173076923076923
0.7182692307692308
0.7211538461538461
0.7211538461538461
0.7211538461538461
0.7221153846153846
0.7211538461538461
0.7211538461538461
0.7182692307692308
0.7240384615384615
0.7240384615384615
0.7221153846153846
0.7182692307692308
0.7163461538461539
0.7144230769230769
0.7134615384615385
0.7134615384615385
0.6971153846153846
0.7067307692307693
0.7096153846153846
0.7105769230769231
0.7096153846153846
0.7086538461538462
0.7105769230769231
0.7125
0.6971153846153846
0.6961538461538461
0.698076923076923
0.6961538461538461
0.6990384615384615
0.6990384615384615
0.6971153846153846
0.6971153846153846
0.6951923076923077
0.6884615384615385
0.6894230769230769
0.6894230769230769
0.6894230769230769
0.6961538461538461
0.7028846153846153
0.7028846153846153
0.7028846153846153
0.7067307692307693
0.7067307692307693
0.7076923076923077
0.7086538461538462
0.7096153846153846
0.7125
0.7067307692307693
0.7048076923076924
0.7067307692307693
0.7076923076923077
0.7028846153846153
0.6903846153846154
0.6923076923076923
0.6903846153846154
0.6894230769230769
0.6836538461538462
0.6846153846153846
0.6884615384615385
0.6884615384615385
0.6875
0.6923076923076923
0.6951923076923077
0.7048076923076924
0.7057692307692308
0.7096153846153846
0.7153846153846154
0.7057692307692308
0.7076923076923077
0.7048076923076924
0.7038461538461539
0.7038461538461539
0.7048076923076924
0.7028846153846153
0.7019230769230769
0.7019230769230769
0.7
0.7019230769230769
0.7028846153846153
0.7086538461538462
0.7105769230769231
0.7076923076923077
0.7086538461538462
0.7038461538461539
0.7038461538461539
0.7009615384615384
0.7057692307692308
0.7076923076923077
0.7067307692307693
0.7067307692307693
0.7076923076923077
0.7048076923076924
0.7048076923076924
0.7038461538461539
0.7038461538461539
0.7048076923076924
0.7048076923076924
0.698076923076923
0.7
0.7019230769230769
0.7028846153846153
0.698076923076923
0.6971153846153846
0.6971153846153846
0.6961538461538461
0.698076923076923
0.698076923076923
0.6990384615384615
0.698076923076923
0.7009615384615384
0.7
0.7009615384615384
0.7019230769230769
0.7019230769230769
0.6951923076923077
0.6951923076923077
0.6951923076923077
0.6951923076923077
0.6990384615384615
0.7
0.7
0.6971153846153846
0.698076923076923
0.6961538461538461
0.6932692307692307
0.6951923076923077
0.6961538461538461
0.698076923076923
0.698076923076923
0.698076923076923
0.6903846153846154
0.6903846153846154
0.6932692307692307
0.6951923076923077
0.6951923076923077
0.6942307692307692
0.6961538461538461
0.6961538461538461
0.6990384615384615
0.6932692307692307
0.6942307692307692
0.698076923076923
0.6942307692307692
0.6865384615384615
0.6875
0.6913461538461538
0.6913461538461538
0.6971153846153846
0.698076923076923
0.7009615384615384
0.7009615384615384
0.7009615384615384
0.7009615384615384
0.6961538461538461
0.6942307692307692
0.6951923076923077
0.6961538461538461
0.7028846153846153
0.7019230769230769
0.7019230769230769
0.7
0.6913461538461538
0.6894230769230769
0.6836538461538462
0.6836538461538462
0.6846153846153846
0.7019230769230769
0.7
0.7028846153846153
0.7105769230769231
0.7105769230769231
0.7096153846153846
0.7096153846153846
0.7048076923076924
0.7038461538461539
0.7048076923076924
0.7096153846153846
0.7076923076923077
0.7076923076923077
0.7076923076923077
0.7105769230769231
0.7057692307692308
0.7057692307692308
0.7086538461538462
0.7086538461538462
0.7076923076923077
0.7076923076923077
0.7076923076923077
0.7076923076923077
0.7105769230769231
0.7269230769230769
0.7278846153846154
0.7336538461538461
0.7317307692307692
0.7317307692307692
0.7259615384615384
0.7240384615384615
0.7221153846153846
0.7211538461538461
0.7201923076923077
0.7173076923076923
0.7134615384615385
0.7076923076923077
0.7096153846153846
0.7134615384615385
0.7173076923076923
0.7192307692307692
0.7192307692307692
0.7201923076923077
0.7201923076923077
0.7182692307692308
0.7211538461538461
0.7221153846153846
0.7221153846153846
0.7182692307692308
0.7192307692307692
0.7192307692307692
0.7153846153846154
0.7115384615384616
0.7096153846153846
0.7173076923076923
0.7182692307692308
0.7182692307692308
0.7192307692307692
0.7201923076923077
0.7211538461538461
0.7317307692307692
0.7317307692307692
0.7278846153846154
0.7259615384615384
0.7278846153846154
0.7298076923076923
0.7326923076923076
0.7307692307692307
0.7298076923076923
0.7326923076923076
0.7336538461538461
0.7336538461538461
0.7336538461538461
