0.46260561439964004
0.05594618810898082
0.042629626911320745
0.03840343633587693
0.037684882943009645
0.035868619909404126
0.035072960603956184
0.033532166892784064
0.0332989542064006
0.032558584441193625
0.03167396943427237
0.03113337227555697
0.030986233780834014
0.031057997520437784
0.02965226639152347
0.029915756605874966
0.029192564235738277
0.028656684927908925
0.02789633652858674
0.027896821251248764
0.0287288062426647
0.028743473746004024
0.02764763556954111
0.027849478141307255
0.026842705402601447
0.026611332748441848
0.025856066263087014
0.025606834840701337
0.02512799882526198
0.0248290703009396
0.024535832737702993
0.024493175777500074
0.025525946855298246
0.02485697205582113
0.02407889028848751
0.024527885239664638
0.024448359964402203
0.023747370253727605
0.023056033012933984
0.023579098830851804
0.023002729276313135
0.022598156084246288
0.02194429579199091
0.021979202778474746
0.02135861217827716
0.02137701530687273
0.02149886878733483
0.021384728378406843
0.02170969867765651
0.021516262845171157
0.021667432259694818
0.021458749174989186
0.021859096819920945
0.022150223886750545
0.02190765270594851
0.021470036171888425
0.02106071842429094
0.020210907037240357
0.02006872578977353
0.0201410313240532
0.02017784959176318
0.020678902008658986
0.020333845430174968
0.020431498182745852
0.02100985958165966
0.020494483597821245
0.020979293421290287
0.021155515267900254
0.021530150550945575
0.020532131336070684
0.020603999543585595
0.02003463291964741
0.02043286271563126
0.020051520749844075
0.019686364516640464
0.019211909871584838
0.019138061273488386
0.019230885658114413
0.019613320977658055
0.019224608957728984
0.018741816301020224
0.018751967855244692
0.01880390154568273
0.018636135900512493
0.01888269960108777
0.018635805855976448
0.018650552340701818
0.01851355960745717
0.01911397642628521
0.019491400621275697
0.018724512717904346
0.018947168045951396
0.018597594748442966
0.018348366874489375
0.018347302116841335
0.01808548219398
0.018159600911955093
0.01823193424374746
0.018330768871116728
0.018020406249617968
0.018594929090453478
0.018337378922121835
0.018665527093304084
0.018549743896176165
0.01900656416328761
0.018447525931432753
0.018293264007693884
0.01777913020259356
0.01788624850234107
0.018026311417178333
0.017916728213248728
0.017994037581534658
0.01825308017435582
0.018199929482417842
0.01735750358280199
0.01788307070600276
0.017561055978079592
0.01762760229574813
0.017343465838323902
0.01766803653996541
0.01835369139498228
0.018763109025008017
0.018237044195520177
0.01800596832395421
0.017713732860375465
0.01776526098946973
0.017669757751699995
0.017482774624322756
0.01730693768827166
0.017245978798231427
0.017253687658225072
0.01748371050984356
0.01811052868377348
0.017947367561415586
0.01759618895788011
0.017893226183386436
0.018191935432956097
0.01760817653283099
0.017307947549871607
0.017553725060584904
0.017250984948555922
0.017227222547013754
0.016906731582276017
0.01697317748759241
0.01679461569883882
0.016651208937753497
0.01673793732547722
0.01684394017718399
0.017031930960474666
0.016836246826645723
0.016943029323631967
0.016906246908717098
0.017247136707368247
0.017531989140088338
0.017215450914099043
0.017179301496238183
0.016875771638891954
0.016455810577721837
0.016482516740691247
0.016557993941275547
0.01648595223927975
0.016799071438851787
0.016749447993569703
0.016890861785009106
0.017439459092184733
0.01695630341492461
0.017419068119575463
0.017704199842134206
0.017848489450881955
0.017324393270349778
0.017616878554200754
0.016949884410217848
0.017171859384763368
0.017029067802427158
0.01683714866337197
0.016599303502996165
0.01651556839935482
0.016509093741454227
0.016719211658906732
0.01647820130134433
0.01627918613738221
0.016327892588426325
0.016407518033064505
0.01624257970718231
0.0163722865835473
0.016157325328473617
0.016192377297639934
0.016109138777233783
0.016521616368356862
0.01689114638556006
0.016574983721120186
0.016683489997818216
0.01637278099632694
0.016239154423590148
0.016245223607140022
0.01616144708454089
0.016154619406122537
0.016221958899902203
0.016325205678602187
0.016225631583906587
0.01665716699157474
0.016568917189107586
0.016753865990150787
0.016588149318963352
0.016800183948402166
0.016375341548898758
0.016260319909113988
0.016105836683811624
0.016103815309870696
0.016177366311369953
0.0161881301983454
0.016235838617618282
0.016495063556322524
0.016552965841809063
0.015807951675726694
0.016232078150340737
0.01608642426519247
0.01615401766552112
0.01598224560857806
0.016245559573969177
0.01679124833717317
0.017327614850377662
0.016863080101840008
0.016452706735705
0.016268929419036238
0.016344898586268055
0.016247607015010025
0.016042684824691796
0.015894294497939245
0.01587747147638618
0.015890904434196853
0.016138106513685836
0.016599932822785567
0.01649257537951121
0.016244967372959076
0.01643464851576979
0.016683983705932576
0.016283935228917197
0.016065482355443455
0.016250019498351767
0.01605602908784609
0.01605849217047832
0.0158794358999083
0.015908082803313767
0.01581009459980241
0.015626853487219726
0.015725738553248016
0.015796608911318052
0.01590542489584512
0.01575470757022008
0.01576621543223944
0.015776342080839542
0.01606085194329563
0.01627721045445216
0.01601917966802462
0.016062230143619714
0.01583373365229636
0.015607956105841328
0.01562402728150102
0.01567568213240504
0.015603737497891675
0.015797791566438787
0.015800684457151836
0.01587064932504662
0.016369440590635477
0.016002613683658566
0.01629195136106069
0.016608988334255018
0.0168424828127536
0.01643388004163142
0.016807061834195763
0.016107051355716405
0.01620450329860354
0.016118566568198923
0.015960961483168386
0.01591290927164008
0.01576603506852976
0.015785506372638945
0.015850365038851538
0.015689932770825428
0.015580781455359006
0.015617981616037014
0.015671114760699545
0.015509437430914187
0.015589491449996261
0.015420474217544583
0.015427723382274841
0.015356403672280472
0.0156520135846451
0.015961588625686158
0.015806249472894336
0.015893227975765888
0.015641614137176116
0.015539838179121029
0.015527288465031059
0.015515127334870638
0.015516242617167546
0.015569959090980889
0.015636451108752083
0.015616762183895716
0.015962053250028824
0.015917718984198897
0.016049666361335105
0.01589785206165735
0.016031628033178515
0.015700009243001484
0.015593767856314888
0.015547651618575041
0.015506033798009723
0.015535632032549361
0.015566665912266416
0.015616007313696957
0.015866979990175247
0.015980784128051748
0.015300911207109044
0.015677314990200936
0.015596345390119799
0.01565832295375052
0.015538031059506123
0.015735213838326084
0.016177854752538398
0.01678312805036163
0.016389880110043407
0.015914527407759723
0.015768358608310856
0.015833711160279207
0.015734146875251497
0.015541445861410208
0.015395886103279261
0.015384205391331889
0.015395395277802051
0.01561822762271583
0.016042270509211233
0.015929017003712485
0.015724700542799556
0.01584953010711476
0.01604254264250567
0.015753267397353003
0.015573297209119938
0.015727690561666684
0.01558960267504001
0.015595052806701516
0.015482242555191518
0.015499687782652292
0.015434062467967977
0.015252335618108652
0.01533457841689107
0.015380900635215085
0.015454794239169439
0.015324220055904295
0.015304804206611042
0.015318704803666771
0.015559920278984844
0.015736730901097618
0.015527952082079514
0.015600644981486349
0.015409164054562231
0.01527268331317332
0.015276009895521065
0.015315066836650631
0.015269496075562468
0.015393741352932984
0.015399394899174586
0.015413403092426687
0.01588664384453022
0.015610345057356326
0.015830232719007548
0.01612999337498569
0.01644772719577664
0.016084794362745482
0.016490033690868978
0.015770526187690977
0.015803459360005007
0.015734919909182417
0.015589443685067445
0.01566453273503095
0.015455047385001527
0.015500771883848869
0.015498336412856998
0.015364147820344887
0.015275857316830035
0.015313182137042863
0.015345130581781446
0.01518771144936055
0.01523284402940672
0.01510089113001316
0.015086245669237688
0.015021872975195806
0.01525298773283937
0.015527246579059482
0.01543866497283957
0.015522852350500847
0.015308881681742275
0.01522641866015364
0.015197507961912883
0.015219166454976117
0.015233492400476995
0.015279027173891159
0.01531212931790238
0.015326580047373792
0.015620814324295426
