0.1172587840176564
0.09444566843592161
0.10211250461640592
0.09934631930168115
0.09648455779027994
0.06538926906805344
0.0652890466531419
0.08062445445863278
0.07370022443920878
0.0680414306750246
0.07365409038527108
0.08056885354132308
0.08056885354132308
0.08964989210792373
0.07464453428783936
0.09124099168779277
0.08115152598730592
0.07077659709826065
0.07442815518663431
0.06737530109386936
0.06843761743786488
0.07600452538656312
0.07600452538656312
0.06692691313710006
0.06645557932263148
0.07375986374626937
0.07199214720864597
0.08801128678509232
0.06964186674498221
0.0651998747222329
0.07413894558445917
0.06619962648645923
0.06626753887823152
0.06715222558704541
0.0756109695447236
0.08235453869128234
0.07966574276173555
0.07254961437579083
0.06951223617449559
0.07593993282205129
0.06831416535915977
0.06579616147041634
0.06259252526272643
0.05964522231253799
0.06123329145914312
0.06314610526022206
0.05518741768740386
0.05441559949569432
0.07522607329145538
0.06559038365801333
0.06438997511968533
0.06318810937679577
0.05897743478584503
0.05749153798887213
0.058358928049988386
0.06098764708820408
0.057614879443868255
0.0577288492807623
0.06456177791997263
0.07210620661618462
0.07786903386416019
0.07731579973066233
0.07731579973066233
0.07045881445931647
0.06353672255930835
0.0792686766032177
0.06159232596988625
0.06485601030741871
0.07139115910803431
0.07343733117115092
0.07128924445942612
0.06669347245236645
0.07436249510327887
0.08190637886839978
0.07325592313076419
0.06430408598001028
0.07125813764143096
0.08297868433055328
0.06762735471178848
0.06732619061853738
0.06873260745683901
0.07092739613599114
0.07360311612285719
0.07120840779072235
0.0789711617220383
0.0780934008988914
0.08102941081260796
0.07860793771837622
0.07849431913615659
0.06875317424752314
0.0647528646426062
0.07215260479103931
0.059764881869057575
0.06715612031968553
0.0648413615243469
0.06408329471182123
0.06542897177794688
0.06911264977556397
0.06833701097310656
0.06697128891534349
0.06700596996480887
0.07270869172619926
0.07171426430928626
0.0719833833860364
0.07106030075633539
0.07916187288057351
0.06438612479781816
0.06558598342917542
0.06503815946450277
0.07153372043372098
0.06717847233997946
0.06957917183167012
0.06959448430352816
0.06979432261100786
0.07732768533665202
0.07207747692917946
0.07141605637321644
0.0717952921269798
0.06497887489556997
0.06187060444663895
0.06146786945082107
0.06170087251613198
0.06434163865772709
0.060944290133003766
0.05984890299120521
0.05981960765378753
0.05686658286484534
0.05685712528139891
0.052852089653782734
0.052457063082667434
0.048404839681462836
0.04969940858329003
0.051111137705081314
0.050431069296866256
0.0530773788443091
0.055861603295857085
0.05747083484826419
0.05481420861404516
0.05500767103736666
0.05271589676948896
0.05726271325347171
0.04983181568769524
0.05113479493050922
0.05051719655383697
0.05691226488989025
0.05653869540642508
0.05599592464275049
0.05248378971811582
0.05248378969785238
0.054010092220777295
0.05402270692023537
0.052906300479475483
0.05407324050959044
0.05520611384376198
0.05519502282518701
0.054735590116007884
0.058969884780350375
0.06845883730123603
0.06417822550155025
0.06355974020071749
0.06355974020071749
0.05599648244164514
0.059131369564898055
0.06271048105002759
0.06223563829291779
0.05612082429653743
0.05757498442032682
0.06022281444078213
0.06440692802114098
0.06154461985221834
0.0616461911179203
0.06291157073645391
0.06325566882596992
0.060402301789959735
0.05985840392807078
0.06042904356143794
0.05814242639129183
0.05827912239145788
0.054860740010874855
0.056088163177865955
0.0520778125188615
0.05368637552935666
0.053697337139061684
0.05434800368422415
0.05289053998113134
0.055327202789365364
0.05588711156042664
0.056049909287124826
0.05893149229806426
0.06160937622633197
0.05982539591939688
0.057754460777784296
0.05969699802834981
0.05969699802834981
0.05956170051326303
0.06512472596819462
0.06609032570684827
0.06996674847194133
0.06926273955287021
0.06513087141412195
0.06458915490930847
0.05876354637095368
0.058583135660398744
0.050806698743007396
0.04927695587639217
0.0485606675512628
0.04760602108668165
0.047375408884388605
0.045920535948843336
0.048347001052979455
0.047584588747566506
0.048580482394234965
0.051347376449812375
0.05293655314653781
0.05136493319784403
0.052533293770458636
0.051112749482678896
0.05118637822440743
0.054151684317059565
0.06346021629142028
0.06315017596092284
0.0556243366547862
0.057228384073470216
0.05722031690547958
0.05702262843014746
0.05408535607791525
0.054080786418820005
0.054080786418820005
0.055296697061077336
0.0576101645547973
0.05985279022829631
0.06266748273463463
0.06218042860724368
0.060861087769745595
0.06189601643819521
0.056799805238608156
0.05702739782174239
0.056867989223736495
0.060310095868685985
0.060310095868685985
0.059228004444027316
0.05979675229979871
0.05617382991256377
0.056162846476969557
0.05807758863888705
0.0607288062607684
0.06072844557678654
0.0579091156094763
0.057908374716243355
0.057514430479891944
0.058936070344898395
0.06083239878383858
0.060350278350238505
0.059635771130583375
0.05891982980215582
0.05891982980215582
0.055503910800126614
0.05610291223646402
0.053219585301234044
0.055001013464994836
0.0558007089479045
0.05500399384884034
0.05339900104388376
0.05507332273682493
0.0529510784619877
0.05372645337873736
0.05342656481017809
0.05535912784676081
0.05363528430854806
0.053322743196662005
0.057466590858738384
0.05737808639180998
0.05664093143765083
0.059901471578002664
0.0619941766999796
0.06194638302293471
0.06190981871522145
0.05983036210322432
0.05954617567046149
0.05790842344764473
0.05839863487992022
0.05833561514607952
0.05565367870205446
0.05477534369882605
0.05477532815230289
0.057615947941434875
0.05703676702305978
0.055423504635737544
0.05590215143163562
0.05720530447815092
0.054002311388507765
0.051952966698182536
0.05120555575585531
0.05119210716341575
0.05136293549228586
0.05129111215061021
0.054476583734591945
0.05861902234212997
0.056267526535433
0.05531247009263937
0.0552054290645565
0.05662343105687429
0.05742800640754962
0.05736958339558468
0.05734593275952825
0.053084149979698805
0.05398221759130625
0.05187068143304929
0.05434256270059741
0.05526936560516494
0.061338859084789296
0.06025399851344975
0.05499043909892794
0.048941808365036005
0.0489123626936687
0.04863814582705351
0.04872232305259303
0.054402224370006504
0.056516301163774825
0.056469300020541985
0.056443620377322534
0.0559164374782791
0.052925613828661115
0.05289662610802977
0.053518291842844366
0.05184761030052233
0.052699772584809165
0.05264218982267939
0.05546882651812629
0.05546194750908802
0.05605348300256636
0.056376308358589186
0.057053363831986434
0.05705326966471864
0.05705326966471864
0.0541768746636274
0.05348565003470548
0.06267954185392485
0.06394850375834436
0.05712352715017682
0.058494746798233514
0.05857351840852948
0.05366029631949448
0.05313280475786684
0.054783581788118055
0.05473404042657169
0.05364071825476082
0.055272170780802224
0.053637865752784245
0.05258586623857543
0.053667713991996595
0.053735183492478515
0.05270196116362073
0.05270105571962144
0.05178872628090092
0.05158664123477758
0.05158656425485546
0.05107463212764328
0.049283413357334695
0.052087969055074124
0.051421093956452134
0.0535534963228811
0.053371990381847784
0.05162862641869016
0.052743615935285794
0.05214002546828713
0.05213919953690099
0.0569358906402852
0.05605625216900769
0.05465999905297225
0.05515684118013471
0.04886490388822069
0.048885138117249025
0.047661034855108725
0.04763241273492613
0.047620793093846155
0.04901135085981171
0.048918002590944865
0.048941263147204664
0.04891290856534946
0.04891260790013989
0.04899878078191327
0.04949272219966566
0.04803876639210806
0.04804717125449685
0.04858284135425439
0.04915334824653983
0.04912203342007221
0.04850214327414975
0.05050959330810453
0.04847764914191367
0.04629677404000228
0.04629220380757497
0.04381416231747109
0.04381290412254141
0.04324163633095698
0.04163777592110112
0.04129706496196212
0.04080922216384935
0.04184102814425006
0.04303516541369466
0.042496887926020334
0.04214105527681954
0.04197432594930763
0.04187555306017898
0.041840254384747394
0.04183992413704089
0.04209399175319696
0.0416119588826504
0.043803934881050846
0.046426129614776185
0.04643564381233046
0.04855567192749665
0.04864444411233136
0.04676788168142412
0.04530090639908411
0.044175483070903916
0.04388166879661726
0.04431845334837612
0.0452649943554164
0.04526621129360372
0.04596250590149188
0.047448973162926976
0.04815322170215474
0.048240639141583275
0.04843771150514807
0.048048069504255594
0.04900634797069594
0.04900634757591382
0.048133468768827965
0.04931770493597745
0.0492541145983778
0.0467337953140961
0.04672387727460815
0.04628908133228419
0.04734258411444763
0.04857252457022489
0.052558566181754626
0.047641056084652675
0.04763963365373445
0.047639416214786186
0.044767997569961464
0.044948819301984834
0.0449488171775381
0.04549400532627353
0.04586114131175032
0.0473684301910915
0.04638726805949135
0.046385268325660145
0.046336573285720474
0.0459743495198814
0.04565634557541414
0.045446872710725006
0.04644266178692716
0.045960835602926936
0.045283726942299804
0.04451775687555075
0.044516744281366344
0.044516739510022774
0.04457895049021595
0.0468041605871508
0.04713925123415989
0.04528906490881932
0.048654910688324754
0.048756621131199225
0.05079910087525213
0.04724071681204622
0.04723954944747689
0.047843121131541405
0.04701744423160085
0.04683319222668088
0.04825642470079554
0.045811280892414964
0.045780542174423976
0.04570737456503611
0.04691210469730733
0.04796358691936509
0.049146135675211276
0.04620829106068335
0.04592310356004183
0.04592308465777797
0.047605270450824716
0.04710193306665401
0.045164482826655604
0.04516446914537597
0.04515845370208393
0.04679919673233235
0.04704715049866594
0.04720343989606479
0.046770882892110496
0.04718417869830275
0.051701262036516364
0.05170126129259451
0.05391656756401148
0.05251603044828567
0.05245749967974563
0.052184682282239825
0.05097995890229798
0.05329612247179772
0.05924991356985117
0.06000068536860349
0.06135733056211312
0.06433207363202857
0.0641462699990727
0.06309864467423476
0.057782871501340656
0.06163113677372213
0.05814046336454366
0.05814046217777036
0.052530847304615394
0.048713396492269176
0.04572691528412042
0.04463439458080085
0.04465976035933885
0.04459958260742261
0.04459370946603251
0.04463796974009193
0.05010466791646183
0.04974009025778014
0.04537251491764584
0.04901539541639621
0.04901539541639621
0.052132080498700946
0.052131227562815116
0.05191209495953514
0.04834512392870677
0.04797995608143406
0.04638074683875826
0.049320551708360354
0.05147072224055753
0.053491525891417493
0.05191647773669922
0.04794584267042184
0.04672666473358273
0.04640309076375124
0.046519075953541274
0.04651905031159111
0.044701658016190395
0.04718017072043499
0.0486165568776689
0.04878100478476932
0.052155623117663745
0.05038713593795669
0.05128171998773659
0.04841096025057886
0.04678495746811634
0.04548203072035467
0.046012538748237075
0.04554086564331917
0.04459044952686694
0.045411297536113365
0.04421196625611865
0.04391945677302971
0.04394082344118742
0.044459023617942524
0.045274433260386084
0.04522148065494713
0.046628580723789684
0.0457329769752957
0.0490479201484564
0.04901789081187351
0.04867440440439452
0.04867408778988248
0.047985277848038195
0.04354743472394081
0.04403235404055879
0.04421168516885649
0.04368326783375287
0.04367474979431937
0.04366640458542699
0.04029895406293757
0.04037006495764623
0.039988305791533084
0.038485279903634324
0.03819210192544865
0.03819109686403815
0.038591123240588866
0.04428056672443736
0.04428045079584052
0.043754930218338664
0.04626303357510994
0.04240756270250777
0.040323211582679694
0.04031807924185325
0.04128980036482623
0.04153544945681443
0.041535311234850825
0.04210297031991387
0.0444035057001299
0.04333392818316686
0.044073096256029246
0.04409586743944326
0.04261007140748111
0.042963828625002864
0.0434100091032221
0.049839303222471515
0.05109989664129381
0.05109989664129381
0.05109989664129381
0.051099375817441214
0.04980979435103201
0.052702503862877045
0.04865438666743976
0.048654832824886786
0.048577774050468814
0.04926224767616521
0.04926222316738864
0.04887396518269864
0.04887394509488786
0.0452337431157729
0.04527334925519798
0.045268816928383075
0.04389780432139746
0.04321185250917707
0.042847541774217436
0.04051973594427314
0.04094710182638005
0.04153073229122523
0.041419302159315344
0.04172409322369921
0.04161643157319636
0.043261593567662265
0.04260045503241625
0.042032641043730556
0.04263119153224907
0.043669727602408025
0.043971794543851146
0.043885390152598125
0.04323942465806364
0.042882661504853654
0.04218070655092989
0.040998566367348756
0.041042942704078475
0.0409644002753961
0.04177910332361791
0.04459409862335
0.04630491233441305
0.04530742427814924
0.04783561675898535
0.046345604224712095
0.04293974578100964
0.04245351538430014
0.04245201301178458
0.042453527683939694
0.04304000732816429
0.043039904962889654
0.04173249802446556
0.041733158903325844
0.04202792365661645
0.04265242775083703
0.04122997949302274
0.041163136390230524
0.04104761136130883
0.041047756128033686
0.041523026845901444
0.04149786764705827
0.04278723436290571
0.042787235167612514
0.04439063941251973
0.043594838024197176
0.04341226910141216
0.042001749149753714
0.04136849058620529
0.04095266180412327
0.0422854171333363
0.0422854171333363
0.04226263685340202
0.0420481556376843
0.043848362300518404
0.04287652199438915
0.04406914140928864
0.04405394133374435
0.044165396817822146
0.04370502876836325
0.04209293804725213
0.04187008635922367
0.04343409524153128
0.04343409362341766
0.045546663876450295
0.04554674968268648
0.046368917227461996
0.05065841257957106
0.050647598659857476
0.050646251675045086
0.045175247826166574
0.045000465708390634
0.04458855028332284
0.04678620909229081
0.046005294541001066
0.04597983890837849
0.04596694465985787
0.04590184043655608
0.0440744997975332
0.044265734790444336
0.04134738261946931
0.04207452726503903
0.042074505367650186
0.04133155538196814
0.04116220909498521
0.040856531504134555
0.041102637728904545
0.041163564945036125
0.04090402899935901
0.04090399467413043
0.04221851159978629
0.04362490524371053
0.041801944281058295
0.04173259323348397
0.04173259076138849
0.04174418313284472
0.04174417163842382
0.04159647162961574
0.04236826878814423
0.042336976847375425
0.04457299847546654
0.044487554678491734
0.04490453116693692
0.0478823887819583
0.04775065059463476
0.04850630120290353
0.04850630029443948
0.048489422630619027
0.047974485909162666
0.04738140493148513
0.04769187447045126
0.04769182267676308
0.046632147291359706
0.04303161133622853
0.04307056822757389
0.04335208729370235
0.043906189965351144
0.04360979015281476
0.044169962115207254
0.04557108824893754
0.045533069179419294
0.04513985047064164
0.04575392561270346
0.0457547543207757
0.04484675765002117
0.04810489618317617
0.04666170930177008
0.04766456246936092
0.046117648330769
0.04712344282754008
0.04713428049774114
0.04689169746979378
0.04792430872342485
0.048053612183247774
0.04738008433314497
0.045536769011610266
0.04444037788154366
0.04444037788154366
0.044440377879553454
0.044440377784391145
0.04544358822016622
0.045381845225136254
0.04432125809081087
0.0442351093731937
0.04423499105501731
0.04381353480011876
0.04303883473218689
0.04270818228193347
0.04572544407775593
0.04439303625721897
0.04438791245017171
0.04515851348583578
0.04542524826717636
0.04495680448580488
0.044947031781036685
0.043957323266231606
0.04478530448201894
0.04493102630054161
0.04552222714196357
0.04680106668702323
0.04680106668702323
0.04785369474198606
0.04908419723090323
0.04908419723090323
0.052345240302646694
0.051569271801667496
0.05014861272418861
0.04982084002782215
0.04994953179534844
0.04926096070799312
0.04919560021572797
0.0491488994611047
0.049146426942224986
0.04516804492591308
0.04488083735683951
0.04356486082066241
0.043149858336135716
0.04110405506352074
0.04199150473875718
0.04199150375496698
0.04404097132365984
0.04200260825732547
0.0430924946948259
0.04309020975510596
0.0436591930987931
0.04365919138451201
0.04229543673348893
0.0419909616656227
0.041990817512607505
0.04140222532403583
0.03994179741175237
0.03999030788055897
0.040675136797526906
0.04271064484738206
0.042708856872147836
0.04270175983220008
0.04269799206095985
0.04269799196194989
0.042742314919396895
0.043582685151054845
0.04338904743108318
0.04287009450527627
0.041722801704539444
0.03969111526304996
0.04108150342447969
0.04378930754632573
0.04378683106219628
0.04372630343407592
0.0438664040704921
0.045168302621830914
0.044976490743311205
0.04659123406228449
0.04573386977651862
0.04600200116958252
0.04478190349499822
0.04478194380607235
0.04478193226412098
0.04608523015110479
0.046086330505827104
0.04646490737752755
0.045943176009252525
0.04551378007557492
0.0467090200559346
0.04630328904964075
0.04621337545527453
0.04283778076280955
0.04283775068710239
0.04283775068333814
0.04383881914837279
0.04441063498183815
0.04333655297813838
0.04249598198405946
0.04177510028480166
0.04287387575859664
0.04482253101459269
0.045785021274775836
0.04577700562864075
0.04366678711292677
0.043716517782914285
0.0427067512291353
0.042706735108735655
0.04214839865865471
0.04339450276079957
0.04258102974194029
0.04387941007066729
0.043866483524338855
0.043518429314160854
0.042103615485728225
0.04140971740805601
0.04140971733264428
0.04140971724621875
0.0413745996798839
0.041374628554217134
0.04409132837648358
0.04231356825666999
0.042027756070595675
0.042185403937584
0.04328637398363372
0.04328637398363372
0.044014514748718314
0.04434628224444903
0.04421672525421388
0.04421672649441001
0.044200278424792946
0.044200189876253654
0.04457851384149772
0.04464604725279144
0.04554385698074169
0.04618533972320424
0.045674686987647005
0.04567030602541367
0.04566045958381768
0.04696271049009251
0.04420763157769145
0.046136779442194555
0.04631560834419346
0.044737592837113635
0.043833717419143804
0.0439429729075796
0.042693293245214724
0.04223757877187719
0.04540902354683169
0.042030277649872334
0.04339465168307583
0.04312257458494357
0.04319942256302318
0.04239521238622289
0.04140859478785836
0.04026476137611776
0.039676466144408035
0.03876919030624731
0.03880658699314647
0.038941364594834556
0.038941364594834556
0.040216413470303504
0.040434652233034586
0.04042688990053135
0.03943146797654329
0.03942799665643835
0.03931676691978054
0.039374395319398764
0.04050503179661786
0.039955572948036
0.039742379034765116
0.039742375768660784
0.03914968448274592
0.039861421434504135
0.04121494521542275
0.04183716079479356
0.04183151518276513
0.041712366489245804
0.040410707820836
0.040410685803448886
0.043129587440662934
0.043129587440662934
0.04313107556387051
0.04304613632498207
0.0432259621655285
0.04608273405734691
0.04521397573939268
0.045213471419448495
0.04561391369706201
0.046099390151234244
0.04348096199502246
0.04352724707647991
0.04317455164165751
0.04317494070611567
0.04317494220858702
0.04326841151728252
0.04306307598413916
0.04293478159490895
0.04279273677334783
0.04412059004429288
0.042501437589732766
0.04247970532678363
0.04256050221811227
0.04681911388211231
0.0461113230726509
0.04572061308702539
0.04621689022414546
0.04381089812086398
0.043810891452154894
0.0438108898537836
0.04378906626894309
0.04346668095043305
0.044212560331164656
0.04418453049545942
0.04312654771025304
0.042915086113403916
0.04169135179886239
0.04127964028904807
0.04127962416137527
0.0417626612263701
0.04378384353695985
0.04378039552976866
0.04380473929771117
0.043797016485897476
0.042722579741942275
0.047948107541954936
0.04553685953328839
0.046417155454064635
0.04600731115202365
0.044528449757927684
0.04508908123544697
0.04509316031093722
0.04515232748845222
0.04463656064885299
0.04482650126153232
0.04472192793910282
0.045343884576072996
0.04534392514732168
0.045329197803812504
0.04533116464792586
0.044177933861423956
0.041068721767897415
0.04087508171341404
0.040763497602337294
0.04075008750937728
0.042183806522034926
0.045802813488074336
0.045802813102346074
0.046633645468012436
0.04657766526973866
0.045513028600367086
0.046880781134521946
0.044398777671597826
0.04222873952835462
0.04192221573198738
0.04574991179833792
0.04574987631273356
0.048124274183063254
0.04834473440807367
0.048321926517001235
0.047833258824785306
0.04822294252249381
0.048155432480766314
0.04815360856397581
0.048153608563967915
0.0487608952760983
0.0549898402760778
0.05236884996214128
0.057298033323883224
0.05085033580247989
0.05540678222593077
0.05238830187336738
0.04984910507115843
0.04970200092555998
0.04884998615659268
0.04770571736160634
0.04756218301471799
0.04565403128122781
0.043672932143598
0.04410491582221833
0.04410491582221833
0.03950970619039067
0.03916703796962136
0.039336312797001054
0.03867088094819277
0.03778996125378632
0.03767002105295479
0.03767938040031371
0.038038654639497925
0.039753205871878576
0.03902700862610763
0.03879579399496501
0.04202756924609596
0.04202756918535364
0.04048560755820038
0.04075564106080751
0.03853375954416317
0.03954238159660931
0.039533188364371315
0.03953204838501275
0.04248681339248684
0.041355930025454894
0.04120572226186128
0.04038946331090427
0.04149429554681332
0.04149429511905523
0.03994252825209944
0.039942537056679515
0.03867270309832887
0.03850985846262825
0.03915443324000847
0.03975852067542142
0.03976198686461418
0.039761375243837035
0.03946105880540939
0.039339191962230895
0.039489939621482395
0.03839809933072555
0.03836708082271341
0.038019831711191304
0.037478745273642186
0.037583498935692745
0.036681606050781655
0.03761178191017525
0.036765575007817686
0.036765575005607176
0.03676557499537641
0.03661791943914258
0.035655603217839824
0.03512790679317165
0.03533658177234196
0.035978713022746384
0.035978713022746384
0.03572450444475168
0.0362911470731643
0.036276189873665717
0.03656384563602065
0.036563846438995636
0.03782895407078664
0.037828950675039996
0.037828950675039996
0.037628591374851784
0.03772664933936194
0.03766015327906326
0.03762912909945569
0.03762912909945569
0.03762912003483996
0.03762917909324483
0.040897549089812066
0.04185692322626619
0.04180435463864608
0.042000610119299515
0.04236763597747185
0.04229456851495974
0.04209403566674645
0.04209552783146345
0.042238085510055624
0.03948155654730071
0.03956661780407416
0.038364283868045676
0.03876239588894709
0.04024151285511926
0.039541783943467364
0.0395416633313334
0.03954166336970868
0.03841199738882219
0.03841199738877665
0.03840478814808205
0.03913040966921219
0.03900850506130227
0.039012314073359776
0.03877526684589416
0.03820245473806737
0.039732238453166285
0.039721210226732424
0.03959755806417354
0.037834011276309656
0.03572213966382481
0.036516275672117876
0.03953772300171644
0.04145623672734939
0.04145605772296373
0.04078616157360512
0.0406388826888024
0.03937259642041338
0.03961113580502921
0.037155813882688224
0.03791973867754149
0.0379166731556651
0.0388482032064208
0.038848192008033466
0.03884705769366146
0.03884703426960265
0.039405719437520144
0.038391131001787114
0.037997539775844136
0.03801856407613569
0.037922418754489304
0.0379012005547379
0.03790126219408107
0.03807140972446871
0.03874021376150284
0.04013552772172631
0.040137851349043574
0.038648074669546124
0.04117004358235759
0.041010741941193515
0.043998896820419256
0.04206484661474979
0.041840757172524105
0.04213200494296547
0.04213827030164902
0.042027788479193535
0.041933782332266155
0.04073060431753455
0.04085622477919444
0.04057106829379366
0.04059449360292648
0.04059432337079844
0.04059428645261817
0.04059427804666774
0.04070431425979606
0.040670139601599264
0.04040331502059461
0.04033621130671499
0.039781857721262304
0.039270438435218144
0.03960438204815283
0.039603918876008
0.03869147815988328
0.03831034223269749
0.03790083725482879
0.03872418061345539
0.03872421910036394
0.038690182098830586
0.038690182097322785
0.03867733335874834
0.03845899420467548
0.03938491219007623
0.039386152756415015
0.039392357517725844
0.042276637176376516
0.039612737319294815
0.03817075602769595
0.03817224469118719
0.03815510160305136
0.038154993185193484
0.0381503298638474
0.037845571949209185
0.038193521825631634
0.03763643806508648
0.037839479417139506
0.03741701081170448
0.038745581423300805
0.0387455814229152
0.03856659827273943
0.039026586807547385
0.038570458070656115
0.037711918858854214
0.03683229305856918
0.03756373749938304
0.037467111590533606
0.03785298048246179
0.03785261029168216
0.038062514193542715
0.03725596012367858
0.03688495665800951
0.03688495643750999
0.03533724109773435
0.035829430257892814
0.03558253948324406
0.03555137238403879
0.03555137238403879
0.03523937627142368
0.035239717672687826
0.035067757007921446
0.034811933799825764
0.03432942418916564
0.03452299099281836
0.03452299061817074
0.03466271214082077
0.03643972111648145
0.03613592578814411
0.03607587967453032
0.03607587967458218
0.036057873500588485
0.03605787350053958
0.03605961706820167
0.037915206769332514
0.03822126618351223
0.03806782491831388
0.03804717668683469
0.038981711690197866
0.038646340573027786
0.039030350286271116
0.038995887794778465
0.03738520518050682
0.03674504880230229
0.03674195689690562
0.036741959168090935
0.036796850044681834
0.03680003322520362
0.03656300097806646
0.03660035382485704
0.03689044580993999
0.03749217879412679
0.037532332976358905
0.038354230544099185
0.0393660115327286
0.04423383859167254
0.04528470513324844
0.04518615675774102
0.04518615436726925
0.04226453535702601
0.042409522018996844
0.04138004365698166
0.044323010574345824
0.04432308496451456
0.04329965233802313
0.04329958353987152
0.04330049297887815
0.043136854135371994
0.04365862345123999
0.04365841714401514
0.03907057011879224
0.03898498327505832
0.039123402030236704
0.03928336747082074
0.046173367420190715
0.04596451728749467
0.042197220306238
0.042411693604259504
0.04420753330683402
0.04420738063464353
0.04281011228972198
0.04238176252941307
0.04211462000462959
0.04212272666323418
0.04212272672851733
0.0404002056752024
0.041036888506621946
0.04103688850336916
0.0407309496048848
0.040728032670444274
0.04133993404556969
0.04317275150547948
0.04413917061938254
0.044138995243850475
0.04410304931839704
0.045070884517807205
0.044154542336114405
0.04412618369231591
0.043374312223321214
0.043194650594963066
0.043141420286445784
0.044991567091766556
0.04408898190834332
0.043968168524058264
0.04015769999625215
0.040153845037389134
0.04009250851722571
0.04007143651531669
0.039839291372200804
0.03767463735098038
0.03803230044687828
0.038030993510933475
0.04011580809483251
0.04011579440470772
0.04087101917709613
0.04087077106025078
0.04086707556026719
0.040614519473842536
0.04075817023759436
0.040758164963113165
0.040535578764769466
0.040535353925040034
0.04098494904166872
0.04061018440967052
0.03909892036069698
0.03909834573216679
0.040157603409309996
0.04015760432561767
0.040422102234820484
0.0404220739917155
0.04042207395215706
0.04042228763519992
0.04041081507581414
0.039426763577876014
0.038147122260014814
0.038445289434354296
0.038233280320711216
0.03822067218942321
0.03802255412754563
0.03985114706601016
0.039850033186496076
0.040215122572868106
0.03933973069049629
0.0402586782211113
0.04137807202054934
0.042909123932424915
0.041476513890035635
0.041785781717333534
0.041785473044687216
0.04176774135067959
0.0417675998433707
0.041518635977309405
0.041900400543095496
0.04049102735981009
0.04122047419488822
0.041639828214633544
0.04111629013385253
0.04081807038959534
0.040313877267568805
0.040782473034610835
0.04013477130884907
0.03978168391276562
0.03978168303609803
0.03929422001134917
0.039067341708884804
0.040937924703898065
0.04091808814564038
0.04091808814564038
0.040918088117280885
0.04055403262655115
0.0412783728553532
0.040472657323665104
0.04002391450675701
0.040021929673804586
0.04002182652125508
0.04009900572890527
0.04019193247770382
0.0401916773194944
0.03942691757554098
0.0394299020365765
0.040533430398620146
0.04088813717930856
0.04013852743761828
0.04013156446122698
0.03939490272585075
0.03939490272585075
0.03973987740385909
0.03862631491157719
0.03825738418817143
0.03773512163339894
0.03742607662741835
0.037484060983872976
0.03811668908242447
0.03811477662507274
0.0374850675903767
0.037990431321880846
0.037886985117938456
0.03830013172512107
0.03830013172507053
0.03829983300348133
0.03829982940286576
0.03900785634828919
0.03898564508035525
0.03862629926545815
0.03862629922787275
0.03862629922785998
0.03849092204606493
0.03875757680593987
0.039032719255410415
0.03865883400414952
0.039306204507636625
0.03936913840587761
0.03936903790216116
0.039369028589690616
0.04050897830871544
0.03917718524291639
0.03994747579061469
0.040035080357214745
0.04029832827841015
0.040947830432100346
0.04086304139355335
0.040399063126929834
0.03994564079398685
0.03977212229785894
0.039850562900837494
0.04018553078129083
0.039769459553543884
0.038804110237452116
0.03870281414717567
0.03868997133739027
0.03829883116013468
0.03873500720721954
0.03872453676534898
0.03884786180209134
0.03849195924920308
0.03646676013897122
0.03646676014125989
0.03502058631711278
0.034588541174466955
0.03458586730558056
0.0340526992614346
0.03405259147210062
0.03372655468052851
0.03369286314263015
0.03333561913679653
0.03290431942897657
0.03206862617633052
0.03176509500106327
0.03225272947306991
0.032252607163626976
0.03219688179009945
0.03288928249823461
0.03270682211789354
0.03271072407284874
0.03271072407284874
0.033770434143423504
0.033770433145536134
0.03461279296656612
0.033971653360254234
0.03389863833798711
0.03389860053121237
0.033744143108666524
0.03424495465296525
0.03424495465296525
0.03424366509355862
0.03560058559071265
0.03539546382852217
0.035372391572972325
0.0353726769131752
0.03537258909877408
0.035372588434955894
0.03537258843463729
0.03558525412022811
0.036693883025231154
0.0375486000486594
0.03753536580768624
0.03654363753465793
0.03650879519260035
0.03639123402286675
0.03643591314842198
0.036435900600763925
0.036299583200666875
0.035724255368450364
0.035926216283070515
0.037763037065079795
0.037763037065079795
0.03710001061266335
0.03728233121972286
0.037282327276571735
0.03775634498678985
0.03775537760801446
0.03785405588136469
0.041180262240461035
0.04118025976037514
0.04094304592600761
0.040911956520714006
0.0406925356397134
0.04069187983372359
0.0374240620725904
0.0374835338798388
0.03719845944790096
0.03729899033852928
0.036222912161999465
0.037502521157552926
0.037494983460668575
0.036632184618026434
0.03678545585250544
0.037822187227177444
0.03811996659727716
0.038690219490315494
0.03866119496009705
0.03836912166082248
0.03836912166082248
0.038351039510010856
0.03764390097576484
0.0376438948327306
0.038688996361257624
0.03803447654035029
0.03803447588148463
0.03993262617285847
0.039863448723873984
0.03898920055233515
0.03890372305008482
0.03762195173677544
0.03712979495519276
0.03762878312651355
0.037598632651457534
0.037598495108152566
0.03793723972619238
0.03784125007135002
0.03805584100145772
0.03859524411698818
0.04001065736171809
0.04019212119633431
0.03920465161911677
0.038373332836183376
0.038373340550844987
0.03806991489692719
0.03605617853364467
0.03605617853372733
0.03700614533188257
0.0370061453240477
0.036206398494805704
0.035829068737993304
0.0368040665877013
0.036804063796695916
0.03745122076678029
0.03968683543166496
0.037589653541351305
0.036677925330179384
0.0354471957707413
0.03693990661672519
0.036519022879213305
0.036500345203937086
0.03649937307511673
0.03889635181159135
0.03849653314681295
0.03686913469033304
0.038217899575860734
0.03937367489368582
0.03937366598188354
0.03908808776583592
0.03908795701393422
0.03809367002933315
0.03973613815572733
0.03910437875754457
0.03558855675202064
0.035280585079555726
0.037386906738600616
0.037161133366902965
0.034799945681246586
0.034799943017417935
0.03479872458362375
0.03567219924696913
0.035556957156857374
0.033316668695431255
0.03615711990585386
0.03615711974631408
0.03634900181529039
0.03685865141489776
0.03828920657722072
0.03828878741926209
0.04014695677141444
0.03829687439002959
0.0384020981699171
0.03780421649682253
0.03557723834692737
0.03550644725120214
0.03581791196764528
0.03578205487630489
0.035677917637189395
0.03409582377227691
0.034095818895099717
0.033182716019931835
0.03327224353285854
0.03327185063504
0.03360393366109869
0.033603933652951515
0.03355650951092863
0.03349971844553812
0.03360644020327158
0.03356855221083874
0.0335473357452096
0.033542728223422906
0.034364551482564565
0.03455586508108536
0.034334166357891605
0.03421411616246794
0.03372895963950489
0.034174101831064826
0.036614971041471586
0.036303469861331414
0.036365610290742575
0.036365611833190405
0.0363630509889479
0.03646733184848265
0.03570714504204119
0.035648086562142293
0.03564568540097736
0.03347214154124238
0.03283926173740915
0.03283925982872883
0.032806497250141224
0.032805664638346374
0.03397052047037505
0.034096322104754634
0.03352025032987725
0.03388165371542706
0.033558039563076555
0.033379798450308314
0.033403524036508245
0.03322470129792764
0.033224664249453265
0.033224663953872136
0.03427527434120402
0.03427008401540659
0.03427006263124366
0.03519687989359826
0.036440820707541836
0.03646819509472569
0.0352422303396568
0.03525040427998999
0.035236491403217135
0.03523649015395178
0.03523648167000168
0.03447086504542237
0.03447086622050174
0.03433455034862103
0.03433259088159899
0.03545098729353337
0.036058607562165085
0.03468105970705476
0.03469068970193752
0.034817898823836554
0.03506377738857272
0.03506377738857025
0.03438650576371032
0.03438649598504332
0.03539995855573973
0.035399958558152214
0.03539995854249335
0.03528561599448537
0.035470290187223474
0.03677800532251823
0.037028691746377275
0.036980867028681655
0.03656484005795082
0.03659041142321396
0.03593826026304249
0.03604921870169739
0.036044017756690944
0.035352840084514635
0.03534862816609272
0.0356102333995834
0.03603225682428375
0.03603225296385205
0.03603894897927908
0.035104375750060174
0.035104084715877934
0.03546826768394365
0.03673711359191336
0.037232005142188655
0.038859655032902916
0.03906422151321758
0.03767133865680083
0.03825500106197297
0.03846403899121521
0.038464039581858595
0.038255483700948875
0.0390269260510376
0.0390114176733292
0.039005340986193966
0.03753557238276118
0.03745463304240214
0.037454631123210916
0.037620319734730845
0.036839096722713766
0.03672450979353692
0.036376590350367735
0.036329669825429706
0.036726270313302584
0.03665979179328413
0.036660179681293634
0.03710324031212668
0.03707942453581835
0.037079412644344396
0.041293949302109605
0.036852202766468986
0.035313294248171895
0.03531077479349705
0.03482778948683487
0.03516200874348041
0.035021919942239625
0.03400534344809511
0.033831260270841296
0.03347611372227871
0.0343851013625905
0.03470162080617794
0.03470161329435792
0.034405645983655996
0.03384500648524622
0.03384498663951919
0.03317251283789604
0.033345099682438845
0.033345099682438845
0.033708884626975744
0.03370888108318185
0.033701982741897854
0.03370065593777942
0.03305979924097377
0.03307869348675451
0.03307861070907422
0.03307680965281303
0.033076807571134514
0.03372373041467638
0.033967907457690016
0.03396790731831279
0.03382992315039703
0.03463144633859265
0.03456981919142751
0.03456981775435122
0.033398362344909976
0.03339836231513759
0.033378470283150906
0.03342245797988885
0.03342110772102681
0.034727785580086136
0.03462955353015163
0.034287857481142284
0.033492844172756234
0.033887394167797784
0.033945552102921654
0.033945555495676495
0.03398278406451789
0.03383492539570886
0.034143688756395785
0.035452808954514275
0.034869762622895706
0.033251746961393054
0.03325174532933906
0.033497821153420176
0.0334978199838027
0.03349642365702276
0.03349860558535823
0.03349858540111491
0.03271874007530449
0.03589814702322822
0.036018436218209986
0.03291479740764213
0.03291479166141895
0.03284003645174992
0.03282300499716473
0.03282300499498478
0.03281199849212378
0.032811039636473825
0.03281103709710097
0.03229128491109035
0.032171973874589484
0.03217163494089961
0.03248627604209956
0.03249641955249744
0.032496419380938855
0.032188027781040796
0.03218778180273852
0.031390987380094056
0.03139096910198897
0.03157035229384252
0.03168093810131991
0.0316803985614622
0.031537682638521004
0.03166968269196892
0.03136671158813759
0.03135408633179295
0.031677438660318635
0.03145824364302744
0.031655002276798704
0.03165540655307498
0.031655406552827836
0.03165624574816329
0.03191635060329018
0.031887582828549664
0.03152247997392662
0.032283488693865596
0.03228345854602412
0.03228345713934581
0.032283437287835025
0.032397287011972996
0.03187406230705758
0.031819600056354994
0.03171770114592604
0.03161781715190876
0.03161787195443444
0.03179688543291948
0.031871765760325396
0.03186849742832014
0.03186832097169531
0.033471923570738416
0.0346752277296833
0.035918047157063385
0.03598582045239525
0.03598582038341792
0.035985831961769174
0.03598583185020557
0.03594585436662109
0.034651199101275544
0.0339622184812473
0.033924332587248016
0.033186505957106455
0.033446871975084315
0.03239493674427997
0.03239491840549531
0.03340103402719268
0.03340103402903629
0.033401032077280186
0.03253659434275761
0.03335863916872581
0.03368509463861295
0.03244241605263375
0.03217188246169852
0.0321718824616881
0.03362333896773576
0.03509250490697733
0.03503778333561656
0.03513853810362275
0.0351260295467092
0.034658053403059615
0.034695481492453814
0.03469469160985823
0.03463148322108878
0.034475717621389325
0.035204490004927216
0.0347812077681452
0.03543665056291325
0.03543656012053699
0.035436560186592074
0.036107151893128644
0.03616882593897921
0.03530792078942304
0.03418309085663773
0.03418479235497499
0.03418481646060968
0.03417884034668367
0.034176155519098604
0.03417615526641615
0.03417547954016114
0.03417548109681645
0.03414366042093696
0.033575301540832464
0.03355414666204792
0.034144612562600894
0.03414439140150688
0.03407858948692248
0.03401331355455561
0.03494171779879156
0.03508707863005197
0.035148359824044226
0.035148359838292675
0.03405837529787707
0.033361738409235876
0.03276303325140685
0.03276303328179895
0.03311290648313205
0.033105266324381176
0.03310527661934004
0.034921332714495754
0.03492131037402825
0.03492034267664581
0.034912964094720736
0.03491038538690601
0.03490946876475704
0.0341567526108944
0.033353926657831316
0.03335429254136279
0.03293733527189054
0.0328196959657763
0.03370830288292993
0.03370830368492747
0.03384099089381471
0.035145420147519035
0.03514539515574599
0.034862044845297764
0.03486204617907207
0.03470721152568824
0.03467420824781128
0.03456912123240615
0.034568262313617114
0.034561984339212176
0.03443498774589413
0.03395472219746985
0.03322675281201656
0.03386796038782299
0.03386794146238168
0.03412680749247274
0.0341265921740607
0.033669851466834
0.03350331775535978
0.033777201007418954
0.03428480709064072
0.033505873209834204
0.03473496409081757
0.034098260621869894
0.034099856750163485
0.036675663944681774
0.036675663944484786
0.03667557347503691
0.03469949099025261
0.03469590790107399
0.03469559513301319
0.034645161049114595
0.034572365148108235
0.03249569707522578
0.03249567745508413
0.032495677455026434
0.03249567775727406
0.032585818330099596
0.03292497693566249
0.03292497635291957
0.03268433945703445
0.03268131768002574
0.03307875172814359
0.03263444872554321
0.03263514648861276
0.03263514648861276
0.03296083807991282
0.03186108991680592
0.03186108697833984
0.03173276929493661
0.031116368641267395
0.03178450204925264
0.031784107784270016
0.031633587095062
0.031633077770129796
0.03163307863756833
0.0316330700945749
0.03198171682521397
0.03191110802556714
0.0323050842736748
0.03223728858520693
0.03252245033162981
0.03165269216153722
0.031652675926314884
0.03158719711205601
0.0312169089281006
0.031216908932860603
0.03157621414521674
0.03155997458793794
0.030802336678042684
0.030383312546388427
0.030173156076936384
0.030172189024136178
0.03017212833163992
0.030326551679165425
0.03033744142212098
0.030658316043923873
0.030628977178390946
0.03015948751886485
0.030532766935507168
0.030425370940818763
0.030425370940823083
0.03178129420853885
0.03178126965717963
0.031192774873855973
0.031187681050995335
0.031388842023283174
0.03128058379911832
0.03047224402205541
0.030072969248284828
0.0300733428603955
0.03053505936970451
0.030961763345926274
0.032835035902801145
0.03382872808682624
0.033828786743501815
0.03384359365019823
0.03380973724539032
0.03471825721601691
0.033594060898681846
0.034447683410926404
0.03439938772538048
0.03439938772538048
0.03510061838822934
0.03463957349488343
0.033410435275232436
0.0332336157868747
0.0332384561145178
0.03323845392212161
0.033735251183260054
0.03326016259366033
0.03323520194990386
0.033235202090125135
0.03312061317892425
0.033120603184915665
0.033075367307926894
0.03389021053922073
0.033909431470352205
0.033910701557606726
0.03394697573822417
0.03383443255396945
0.0320641100299483
0.031682105938993975
0.03168210591227637
0.0312775252174364
0.03113881866065316
0.03113881270792593
0.03113880382413959
0.03113620192496058
0.03139218137485365
0.03139218130099823
0.0314131243609385
0.03249722621538009
0.03230795909261003
0.0318908366865487
0.031848284847943435
0.03184833052516497
0.032030991835556445
0.03203096636660238
0.03203086754552357
0.031292355195493754
0.03129286625872618
0.031832153993868184
0.03217921718569377
0.032178003231195254
0.03220230224718835
0.03140542510673105
0.03165303904789071
0.031646292723801706
0.033168153753217446
0.03316624356021777
0.033129454740736586
0.03394744532907934
0.033362575521982955
0.03346932373276142
0.032395718141898254
0.03239571655378462
0.032384920799994686
0.03354187714290275
0.034125662182716975
0.03424881675492912
0.03418492204387929
0.0344106845352045
0.034410136915960454
0.0356238945939252
0.0356238945939252
0.035623883274427844
0.035623883274427844
0.034436567222351756
0.03458049012921206
0.033328920418349964
0.03364615793418633
0.03365902639865151
0.03365901364496103
0.03321506175595124
0.033214857639442624
0.03346479267957799
0.03359059035321122
0.03363236571677052
0.033564943309023064
0.0331237098417115
0.033150088932879754
0.03315009147718731
0.032556216449642336
0.03167202383868259
0.03167202484827542
0.0316154566150407
0.03159048453338016
0.03160850589927384
0.03244708645522858
0.032025813117644075
0.03211238197363349
0.03252121638557094
0.03252118474966928
0.032466105013255905
0.03161671462432219
0.03138751016582261
0.03138751016582261
0.031387382977393116
0.0313873812524167
0.03139209208505302
0.03137706267933325
0.031377052905235
0.03137705290506109
0.03184229307642479
0.031842292893584825
0.03182817060824474
0.03206554876340353
0.03194802620586499
0.03175566885868808
0.03175566885724488
0.031662447764928305
0.031770359450428116
0.03158515650572545
0.031586919528229146
0.03158689919962742
0.03227484089249478
0.031835926914539764
0.03156207668764963
0.0315620676150059
0.03116026846325462
0.030114377514805692
0.03011381359743829
0.030113812659125265
0.02973341618873844
0.029732161757425983
0.02962294510873952
0.030385650534719595
0.029707087497250467
0.029707087443765986
0.030294739411239544
0.03040297739038767
0.030754857347582636
0.030805481783934996
0.03321583378761191
0.03384359093368667
0.0338345312413904
0.033976042610241876
0.034246526107549746
0.034246526107549746
0.03207127250072336
0.033934006789270055
0.03378176815445162
0.033781767092849
0.03375730376682709
0.0337573038348667
0.03375750730103393
0.033756923771243105
0.03333212953746716
0.03258017332686724
0.032580171048197035
0.03313722132840197
0.033571006524710706
0.03416189380554661
0.036469490608013085
0.036469486793831565
0.03604100405671225
0.03602936335412953
0.03602935886688495
0.035778025389346504
0.03649426559557294
0.036210367092259554
0.03621027742002072
0.03621027742003006
0.03626327990226649
0.036190494981642694
0.036222200469591695
0.036219961156183006
0.03621996115547849
0.03468124277275818
0.03464426703724255
0.03464426703724255
0.03348638392160207
0.03581009626763002
0.035810096404495034
0.035888907300509955
0.035863586940578875
0.036527456048362925
0.036512180917345836
0.03586805961764761
0.03586799894075271
0.03571422834379062
0.035671957508151525
0.03618465289494272
0.03589678183935707
0.03587204343170914
0.03585732187617559
0.036002923388496436
0.036003351676258254
0.0352797971253596
0.03561859387409758
0.035739283837030913
0.035740315419993854
0.03655409442463327
0.0364151331326307
0.03636720742737284
0.03815968520712052
0.038027610695709514
0.038028280295427055
0.038028278511378404
0.03792216753205686
0.03747868319136446
0.037477918867424714
0.03763955550691745
0.03643380913746244
0.03628316728101272
0.0365035145971951
0.03649977406782746
0.03535424404124069
0.037481213827090486
0.03738095848710573
0.03738098627324505
0.03737805993616816
0.03735728239033842
0.037357222349010746
0.03758531712116968
0.03758375087124421
0.03796695249164765
0.03752101763159692
0.03738418207278229
0.03669630436986236
0.0355565484557634
0.036507825977787275
0.03650773360611005
0.038095394618953976
0.03809539461803381
0.03809534326851045
0.037877527845981966
0.037767104254349905
0.03809278102040418
0.03595324116005893
0.035953241160054245
0.03538884454233791
0.03538877437212151
0.035977804078128645
0.035977794852068444
0.03540603873826056
0.03508436438081837
0.03473250075318417
0.03392905028586424
0.03355522899428671
0.03450740304611557
0.035302620590627304
0.03472630162144447
0.034726301584996296
0.03490372228214326
0.03489428776827814
0.03490395430195176
0.03490395238929113
0.03389902294023927
0.03389819736894142
0.03388645106734023
0.03388644973434293
0.03437821312936021
0.03438939948904918
0.036370901874806814
0.036416466872217265
0.036415957154011656
0.03793324212536404
0.038574967643482394
0.038572417036768766
0.035286554057797806
0.03528655435786323
0.03538998157396755
0.03448153974023322
0.035405036468317545
0.033177663209925184
0.0331474342541201
0.03352778171042668
0.03352778142484476
0.03352777265529077
0.033586535635989234
0.033271241762513025
0.03307916765974903
0.032627050558653344
0.0320976022305135
0.03278538503035761
0.0327853846932871
0.03286382514533931
0.03296906978061592
0.03296906978061592
0.03191330895766078
0.031902265641795324
0.031859554720129996
0.032328163282019186
0.03233303590487839
0.03370600434359909
0.03299205115108145
0.032795230635278255
0.03279523061474834
0.032785461393570525
0.032785461393435356
0.03386983030193575
0.03506536411913158
0.03505280466006416
0.034754512563309164
0.03646201871842151
0.03551753956142901
0.035517525197443306
0.039052184148789304
0.03986023391099017
0.040878678314299415
0.04409015520660252
0.04511824560858154
0.04381738397895354
0.04381738397895354
0.04381656628327313
0.043816565862228936
0.041870417623150115
0.04086352576249539
0.039291320361508966
0.03706514329416083
0.039379299545877454
0.03937929946590766
0.03937930013812801
0.038750899054106135
0.038151903805633866
0.038152386753166435
0.03857853084381445
0.038656209110868575
0.038656209110868575
0.037025040472946004
0.03723206239142683
0.037007117382190736
0.03700777394796942
0.036723472231038265
0.03638716907254189
0.03638716907254177
0.03639188531522499
0.038198271244630044
0.03819827126985572
0.0393263790716532
0.039326370026414585
0.03741630892843696
0.03741555977485573
0.03774650117285321
0.03806297772735108
0.03689611471997578
0.036893571299998616
0.03533693299498998
0.03533505718877232
0.03533505718801418
0.035254926720066554
0.03745923852629069
0.03745368240438333
0.035842747745945536
0.03554996135202904
0.035551032018386
0.035550693425476045
0.035258453054115804
0.034912998894779494
0.03314200611789968
0.033141700620259576
0.031025641210271796
0.03139441981297622
0.03178931979912836
0.031641858796475644
0.03163904825746457
0.032472746673550545
0.03247274738346425
0.0320376490551263
0.03200230490663069
0.03313980687957155
0.03308259459174737
0.03339957718573836
0.03423296312506459
0.0342354939495148
0.034235465906492
0.0333400149230138
0.032457323582913845
0.033607973866276404
0.03328955919041988
0.03373997677762038
0.03376654833754846
0.03376654825668614
0.03376654811468246
0.03432457533178314
0.034306606397299606
0.033989436381425535
0.03398292878040337
0.03347828120031303
0.032649724615216265
0.032719239545304264
0.0333755577924985
0.03348913292937262
0.034924546247026074
0.033819733351561077
0.03381971024722618
0.03392133780722534
0.0339212862417851
0.034070692379558544
0.03396244520263448
0.03508865326193484
0.0348371769403508
0.034731679906227574
0.034688942878850874
0.03446890117257724
0.034468901138638326
0.034467862924924236
0.034639195995206276
0.034639195995206276
0.0341134367065454
0.03413724414068942
0.03393002115955506
0.033930020574253934
0.03393302739060669
0.033927216292979914
0.03392721630479097
0.03392721630479072
0.03457634933237999
0.03449386602970762
0.03494027722592235
0.035309670237752035
0.03558045895161141
0.03760761676486841
0.037581114617471115
0.03715596398913925
0.03708581531762628
0.03708581531181153
0.03708581533241229
0.03732042014789886
0.0362840139975194
0.038604260921051965
0.036485946289770116
0.03647745970453793
0.03744303402836798
0.03737906871409817
0.038134875908325254
0.038133078725580055
0.03633970969453492
0.03680545728359233
0.03916855802720196
0.03916855193906645
0.03741413596132542
0.0374141419662703
0.03693257206271151
0.03738328685620233
0.03688770211678434
0.03544588272082571
0.036172355392767516
0.03615272851521705
0.035568609548526094
0.03515458496330766
0.03383284948244956
0.03474011375640458
0.03415435106363354
0.033824701581193196
0.03511613045835104
0.03511625844809653
0.03459658816391575
0.03421947556789682
0.03414001999525032
0.03414316896053343
0.03394210531529668
0.032552190992254294
0.032552190992254294
0.032397793424743006
0.03237860351642498
0.03207406196928631
0.03217754041216001
0.03167563518344425
0.031671849701948904
0.03167185002194688
0.03168092141814263
0.03157206068721468
0.031133666215901513
0.030943844731156696
0.030943839078421718
0.030850874084529935
0.030923414470291236
0.030923402311627744
0.032031225555911376
0.03241784259490238
0.03119546251378747
0.031056484632893917
0.031056481432552307
0.032102047904717095
0.03209698021085624
0.03209698020991856
0.03362396233703556
0.03362375221959428
0.03391586354452268
0.033915961119917924
0.03401346491331599
0.0355773504994882
0.03582912619924788
0.035328593611297296
0.03498386719270274
0.03498383629375084
0.035258025148654185
0.04072219802021179
0.040722614421729156
0.040575504637876014
0.040689452239139126
0.040689489627024775
0.040689489627024775
0.04040817283457429
0.04040815627402434
0.04040817350077096
0.03739514012134727
0.037302380263353724
0.0372674739640692
0.0361129739134335
0.03619419011297685
0.03640881259281942
0.0351676498329961
0.03766326496424455
0.03766227672181436
0.03761582749409441
0.0376158268351364
0.0375393748615186
0.037537003804364096
0.03760191503911051
0.037601819676582875
0.03760181966214327
0.037601819553946696
0.03564859931861903
0.03585847658550471
0.035858475555739455
0.03531563770917162
0.03545559995656435
0.03545554839490251
0.03389886438698397
0.033863633909166246
0.03380222138525702
0.033253273870830866
0.033080477295268654
0.03292801502673725
0.0326718096976017
0.033066004900850605
0.03256217389359652
0.03256217389359652
0.032963135343070944
0.03324890330874379
0.033242778856151345
0.033243422329151444
0.03368983420351126
0.03368945206600291
0.033689742887432934
0.03368974288764256
0.03368933514847928
0.03368936889862139
0.03347928507244557
0.033523865319827595
0.034530028588545196
0.0345270779221199
0.03453639028349822
0.0336987944170212
0.03414001648182502
0.034083675163689035
0.0325688035302453
0.03054826273364765
0.030762013358752095
0.030768848639929344
0.030009873190527683
0.03000987318621849
0.03000983528120913
0.030009835240156314
0.02943451507109445
0.02943451528434965
0.029434516178562495
0.029971975667186325
0.030000157139916925
0.030000158583691306
0.02999993724728787
0.029674696009427338
0.030594716628279364
0.0305947144573789
0.030339801582652967
0.030339801579088874
0.03048862760019787
0.03048862760019787
0.030330287505887718
0.030747452038717774
0.03105953400914101
0.031059530249076962
0.03282369586372051
0.033151483653697134
0.036488555789425864
0.036377576947499546
0.03642648181160805
0.03641730843645054
0.03855487658485976
0.038554873931882845
0.04226874302250807
0.0434049608198979
0.043404960713704095
0.04340486315618167
0.043402332863072234
0.042944684273278536
0.04294467526643648
0.04381693997230153
0.04381693974006936
0.04427390812065618
0.043527176599464854
0.04326147022706839
0.043798784373994995
0.04125201709466285
0.041263791876901434
0.04126402184550738
0.04126402184550738
0.0412604512185489
