0.04903846153846154
0.13942307692307693
0.23365384615384616
0.2586538461538462
0.19326923076923078
0.3375
0.34615384615384615
0.33653846153846156
0.39903846153846156
0.43365384615384617
0.43365384615384617
0.425
0.42596153846153845
0.45384615384615384
0.47596153846153844
0.46634615384615385
0.4740384615384615
0.5019230769230769
0.5125
0.4894230769230769
0.47307692307692306
0.425
0.4894230769230769
0.46634615384615385
0.5182692307692308
0.5336538461538461
0.5269230769230769
0.5009615384615385
0.5221153846153846
0.5721153846153846
0.5490384615384616
0.5615384615384615
0.5173076923076924
0.5538461538461539
0.5903846153846154
0.5480769230769231
0.5769230769230769
0.5798076923076924
0.6134615384615385
0.5576923076923077
0.5826923076923077
0.6105769230769231
0.6346153846153846
0.6038461538461538
0.6432692307692308
0.6230769230769231
0.6442307692307693
0.6201923076923077
0.6086538461538461
0.6403846153846153
0.5923076923076923
0.6278846153846154
0.6259615384615385
0.5942307692307692
0.6057692307692307
0.6298076923076923
0.625
0.6692307692307692
0.6692307692307692
0.6557692307692308
0.6673076923076923
0.6451923076923077
0.6403846153846153
0.6336538461538461
0.6192307692307693
0.6480769230769231
0.6615384615384615
0.6490384615384616
0.6115384615384616
0.6471153846153846
0.6461538461538462
0.6480769230769231
0.6326923076923077
0.6519230769230769
0.6730769230769231
0.6894230769230769
0.6826923076923077
0.6778846153846154
0.6634615384615384
0.6653846153846154
0.6605769230769231
0.6701923076923076
0.6740384615384616
0.676923076923077
0.6807692307692308
0.6644230769230769
0.6798076923076923
0.6913461538461538
0.6519230769230769
0.6625
0.675
0.676923076923077
0.6942307692307692
0.6894230769230769
0.6663461538461538
0.6855769230769231
0.6971153846153846
0.6942307692307692
0.6557692307692308
0.6740384615384616
0.6384615384615384
0.6759615384615385
0.6942307692307692
0.7153846153846154
0.6807692307692308
0.698076923076923
0.7076923076923077
0.7307692307692307
0.7201923076923077
0.7105769230769231
0.7163461538461539
0.6932692307692307
0.6846153846153846
0.6798076923076923
0.7269230769230769
0.7134615384615385
0.698076923076923
0.6990384615384615
0.7134615384615385
0.7105769230769231
0.6836538461538462
0.6413461538461539
0.7096153846153846
0.7067307692307693
0.7269230769230769
0.7192307692307692
0.7182692307692308
0.7240384615384615
0.7221153846153846
0.7201923076923077
0.7144230769230769
0.7336538461538461
0.6855769230769231
0.7076923076923077
0.7192307692307692
0.7019230769230769
0.7076923076923077
0.7192307692307692
0.7086538461538462
0.6798076923076923
0.7115384615384616
0.7211538461538461
0.7259615384615384
0.7163461538461539
0.7230769230769231
0.7269230769230769
0.7221153846153846
0.7153846153846154
0.7278846153846154
0.7201923076923077
0.7057692307692308
0.7105769230769231
0.6932692307692307
0.6807692307692308
0.7076923076923077
0.6942307692307692
0.7028846153846153
0.7240384615384615
0.7230769230769231
0.7134615384615385
0.7221153846153846
0.7163461538461539
0.7230769230769231
0.6990384615384615
0.6625
0.7038461538461539
0.7115384615384616
0.6855769230769231
0.6653846153846154
0.6971153846153846
0.6836538461538462
0.7076923076923077
0.7144230769230769
0.7182692307692308
0.7230769230769231
0.7182692307692308
0.7096153846153846
0.7086538461538462
0.6932692307692307
0.7144230769230769
0.7125
0.7115384615384616
0.7201923076923077
0.7115384615384616
0.7096153846153846
0.7105769230769231
0.7096153846153846
0.7192307692307692
0.7086538461538462
0.6875
0.7125
0.6990384615384615
0.7278846153846154
0.7230769230769231
0.7182692307692308
0.725
0.7307692307692307
0.7173076923076923
0.7134615384615385
0.7269230769230769
0.6778846153846154
0.7057692307692308
0.7278846153846154
0.7336538461538461
0.7278846153846154
0.7336538461538461
0.7278846153846154
0.725
0.7259615384615384
0.7259615384615384
0.7346153846153847
0.7259615384615384
0.6990384615384615
0.7
0.7182692307692308
0.7269230769230769
0.7134615384615385
0.7134615384615385
0.7240384615384615
0.7288461538461538
0.7125
0.6942307692307692
0.7211538461538461
0.7144230769230769
0.7355769230769231
0.7288461538461538
0.7298076923076923
0.7278846153846154
0.7336538461538461
0.7375
0.7451923076923077
0.7432692307692308
0.7307692307692307
0.7471153846153846
0.7413461538461539
0.7298076923076923
0.7317307692307692
0.7317307692307692
0.7240384615384615
0.7086538461538462
0.725
0.7375
0.7355769230769231
0.7336538461538461
0.7336538461538461
0.7442307692307693
0.7355769230769231
0.739423076923077
0.7336538461538461
0.7298076923076923
0.7163461538461539
0.7307692307692307
0.7153846153846154
0.7144230769230769
0.7307692307692307
0.7163461538461539
0.7298076923076923
0.7346153846153847
0.7240384615384615
0.7298076923076923
0.7317307692307692
0.7375
0.739423076923077
0.7375
0.6990384615384615
0.7278846153846154
0.7288461538461538
0.7163461538461539
0.6932692307692307
0.7192307692307692
0.6836538461538462
0.7317307692307692
0.7480769230769231
0.7269230769230769
0.7317307692307692
0.7259615384615384
0.7288461538461538
0.725
0.7192307692307692
0.7355769230769231
0.7336538461538461
0.7326923076923076
0.7384615384615385
0.7365384615384616
0.7346153846153847
0.7336538461538461
0.7384615384615385
0.7375
0.7317307692307692
0.7076923076923077
0.7336538461538461
0.7240384615384615
0.7288461538461538
0.7336538461538461
0.7346153846153847
0.7442307692307693
0.7365384615384616
0.7413461538461539
0.7355769230769231
0.7423076923076923
0.7115384615384616
0.7240384615384615
0.725
0.7355769230769231
0.725
0.7384615384615385
0.7375
0.7384615384615385
0.7423076923076923
0.7413461538461539
0.7336538461538461
0.7326923076923076
0.7105769230769231
0.7153846153846154
0.7432692307692308
0.7336538461538461
0.7192307692307692
0.7153846153846154
0.7384615384615385
0.7403846153846154
0.7230769230769231
0.6807692307692308
0.7259615384615384
0.7298076923076923
0.7423076923076923
0.7432692307692308
0.7451923076923077
0.7432692307692308
0.7567307692307692
0.7567307692307692
0.7519230769230769
0.7480769230769231
0.7375
0.7480769230769231
0.7451923076923077
0.7365384615384616
0.7355769230769231
0.7384615384615385
0.7365384615384616
0.7173076923076923
0.7278846153846154
0.7375
0.7451923076923077
0.7413461538461539
0.7384615384615385
0.7461538461538462
0.7451923076923077
0.7451923076923077
0.7432692307692308
0.7375
0.7317307692307692
0.7365384615384616
0.7269230769230769
0.725
0.7432692307692308
0.7355769230769231
0.739423076923077
0.7413461538461539
0.7461538461538462
0.7490384615384615
0.7509615384615385
0.7442307692307693
0.7403846153846154
0.7403846153846154
0.7201923076923077
0.7413461538461539
0.7346153846153847
0.7153846153846154
0.6855769230769231
0.7240384615384615
0.6923076923076923
0.739423076923077
0.7442307692307693
0.7423076923076923
0.7384615384615385
0.7317307692307692
0.7375
0.7230769230769231
0.7298076923076923
0.7461538461538462
0.75
0.7490384615384615
0.7548076923076923
0.7548076923076923
0.7509615384615385
0.7490384615384615
0.7538461538461538
0.7557692307692307
0.7557692307692307
0.7336538461538461
0.7471153846153846
0.7384615384615385
0.7442307692307693
0.7442307692307693
0.7403846153846154
0.739423076923077
0.7384615384615385
0.7432692307692308
0.739423076923077
0.7451923076923077
0.725
