0.46499201447293037
0.05955044552640075
0.06022200648850821
0.04923794584354104
0.05259170542644182
0.05208408072031524
0.048581899483782824
0.050804322640813096
0.04134757780148911
0.04098578385921197
0.0443484885344396
0.03979009421994106
0.03953447200472452
0.04796483050390262
0.045761235818974275
0.05505334749037956
0.046816311623728624
0.03858370715590921
0.03425056241816783
0.03475369078558981
0.03711243193015699
0.03634956551573619
0.037313821122802834
0.04140469334352548
0.04438722414888725
0.03685153587338922
0.040037442169188184
0.034998059256323356
0.036231829459703914
0.0378485315243323
0.03519419921339173
0.03585555800853464
0.03489386660741546
0.03897782364072041
0.03869220137847368
0.042331294925280205
0.0367392858545877
0.03815452599027282
0.03349020011908565
0.03462808464650733
0.0345276792189673
0.030786165102959086
0.030784806847377416
0.033607755622913744
0.03398048668882916
0.03499590731730732
0.03598408381797534
0.03348225906676494
0.038914976925094526
0.0331648400782454
0.034330841891003834
0.03326089738924539
0.03358083782244625
0.03001162495215255
0.030745547095745337
0.029792872591087524
0.029646403026613935
0.03473047978655099
0.033149500173908705
0.03398640867585525
0.03525243247968571
0.030546950396363168
0.031137476472464506
0.03147216877952454
0.02976647789591678
0.03059582930528021
0.030640853696391766
0.031599478181542615
0.03310141288608428
0.03249994515805676
0.034303034431146996
0.033605617042780506
0.030607554077604866
0.03130871277842543
0.03049081083427856
0.030411685324096886
0.0354949900245894
0.028303108622061788
0.02838463144898154
0.03125497073865736
0.028734619202676472
0.029996555691623787
0.03164596947162417
0.02999307308392851
0.027923293879673607
0.027816343068669473
0.0288567091374019
0.0290718564917453
0.02894907944864085
0.028062776069041846
0.030772109399457265
0.029148215367723117
0.029431160618885437
0.029710470306838106
0.02748443881987918
0.027036138088209115
0.029248473010861798
0.030087065161342703
0.03186144374007912
0.03240194584430271
0.028021276945320753
