0.4641241143267325
0.04557417935590326
0.03942991041816829
0.03624635366507338
0.03979198380591219
0.03425351557653201
0.033893682399183556
0.03213244792097764
0.03139995853454927
0.03040415225221096
0.028926726739493605
0.0292084371840177
0.029078449595200742
0.029461675706823905
0.02807813933915928
0.028098162151129705
0.027911460714206027
0.026842557591845468
0.026323932134930332
0.027004976548833267
0.028654452470031688
0.028906780738548965
0.026339143106207885
0.02738283361115288
0.025341214132196737
0.02475550685723038
0.024711306327318387
0.024833251093024814
0.024123554642335072
0.02326936611822
0.0233039657391185
0.02310665368576592
0.026051446036703427
0.024198717014679738
0.022583981736638045
0.023896859010040718
0.02353005074851674
0.022478231201656578
0.021631069175769742
0.02354985754986204
0.02183880843479584
0.021394946335268804
0.020241499499465205
0.02078499001494251
0.019685816036062096
0.02063668980043104
0.020209778753534576
0.02046918309637545
0.021116395076768334
0.02057402018545807
0.02153385301958153
0.020744778222237997
0.02134856298511479
0.02230818943235236
0.021475299838226762
0.020927293255492866
0.020190985654181426
0.01933090581987097
0.019125418012363844
0.019654658544862032
0.019175232025189684
0.020154338896587975
0.019989099798522387
0.020600358619062096
0.021548379141567587
0.020248824506355234
0.021004903357545162
0.021502166347433432
0.02223812584452321
0.02039574054008463
0.020427121333396026
0.01977583668365135
0.020287433398876224
0.01984720598759358
0.019429180675094887
0.018206275789239598
0.018010061789782164
0.018448355638988022
0.019368605579508986
0.01881744565007236
0.01799498298158596
0.018046899533006446
0.017945048112442765
0.017745642953999437
0.018126987440843664
0.01797233062246537
0.01813820624999608
0.01769138807274392
0.019107169334360144
0.019806080982251412
0.018376303943725705
0.018926518210736334
0.0178999785944798
0.017639426433288228
0.01787495276139561
0.017493379387463856
0.01793425597279672
0.018075426098907003
0.018679926812184923
0.01804277232654875
0.019362519011794057
0.01852718010371713
0.01848297388825396
0.01787807856715791
0.018979270989519494
0.018130783178919464
0.017771919400865303
0.016799703511918614
0.01691452461264458
0.0172942047806729
0.017152816915564105
0.01778178817633391
0.018433709302054086
0.018145368906303052
0.01663903255368815
0.017542114031780482
0.017622743017765907
0.017451703471369543
0.017006281364413525
0.017606732217006458
0.018955885172546164
0.01981998995113471
0.01809498737745248
0.017596522576169994
0.01722062928765507
0.01751800288946818
0.017388670438338524
0.01697699912475466
0.01690718978761673
0.016751998901573754
0.016740974616908297
0.017089281813743102
0.018371222469978712
0.0179010432973038
0.017262875247535597
0.01763595662635519
0.017771046873323378
0.017065738347245098
0.016901064645150447
0.017923601133529345
0.01710860088138165
0.017100599455552073
0.016606247723070393
0.016698625089465756
0.01633545334536743
0.01629731970365541
0.01650870296332761
0.01671780496791581
0.016930120098899465
0.016639727235665872
0.017047416299582705
0.016987635449545443
0.01774364919357086
0.01800005650822492
0.017037236558979065
0.017307840935574952
0.016997096511005397
0.01648494477455993
0.016567997241620218
0.016832638219698347
0.016245039328209573
0.016815992159772565
0.016793254200265315
0.017213294617238428
0.01855556581209721
0.017364435912574434
0.01777425619495417
0.018650503345986835
0.019045700689739094
0.018049374347483375
0.018565768148291473
0.017374716974918342
0.017517812901513406
0.017529043451645694
0.017112129033579854
0.016819996639205446
0.016509116071843834
0.016766689177946135
0.017201001444338566
0.01670645213332737
0.016349096729339114
0.016437182024112512
0.016449216790638786
0.016155516060366866
0.016460901337959497
0.016152696051147948
0.016272592922138954
0.01607955775607758
0.016731934801601303
0.017743917660067665
0.01671508222041366
0.017070190627907295
0.016325628394311804
0.016200443225990586
0.01631158897953089
0.01618746886733392
0.016275585051977636
0.016602072338074828
0.01683979658670781
0.016744224913350054
0.017763219513224734
0.017413851860858726
0.017152578250204824
0.016698315932289987
0.017296013851891
0.01656063871729637
0.01640496263877291
0.016067035119280638
0.016011505465692487
0.016199875096533208
0.016221570057155202
0.016433569352352264
0.01723631521134809
0.017040215030572486
0.015667055461561292
0.01633560614563998
0.016604330446039556
0.016510064576592313
0.016209532675828617
0.016598511226325996
0.017701450180578542
0.018983785124053902
0.01734683451161049
0.016628862186442682
0.01638072132387722
0.016632967566968398
0.01641712722190065
0.016044929478992054
0.016029359567338874
0.015948732110056225
0.01592635682553572
0.016297562711503722
0.017286560896089938
0.01683415156847872
0.016388763297403297
0.016604300413979454
0.016695790632235388
0.016303674142726887
0.01613314863797062
0.01693036767055777
0.016423958882876743
0.016412288570855103
0.01614348865263003
0.016120413555874017
0.01586047502417476
0.015586091776343658
0.015811829369525212
0.01605536988931078
0.016209650760463035
0.015966808943795856
0.01607208201858405
0.016112458780785377
0.016885659669715974
0.017038698698798482
0.016264027510838133
0.016573573182023828
0.016386768246226605
0.0160637393002179
0.016063291529887596
0.016197835663608134
0.015909576545910686
0.016205214075764744
0.016203820026785113
0.016298856945626328
0.017540756058272534
0.016742718421659867
0.016757212598726694
0.01751705962446877
0.018327324159125108
0.017516361437035846
0.01836189125471898
0.016758938989132294
0.01676338622712859
0.01691295952475458
0.01652255471292504
0.01675207084020125
0.016216889856756164
0.016493594234819577
0.016638977607439074
0.016278444488614582
0.0159669179937373
0.016087535323908386
0.01605309244757957
0.015759106775900006
0.015938790635381724
0.015739037089796914
0.0157334798439472
0.015637602216738093
0.016045535029590646
0.01700827252161932
0.01629591446935136
0.016578879044805123
0.015979617683121616
0.015829124197044197
0.01580998103512366
0.015804737778672348
0.015878773019811793
0.016109432028640847
0.01615956967969667
0.016247034630632155
0.017043972778052793
0.016881814698971282
0.016783578511184376
0.016414692655118576
0.01672804390228926
0.016048089457795765
0.01595948867814997
0.015872307866872864
0.01578909828544285
0.015904375035470635
0.015895273331145914
0.016088695731821142
0.016836987609072776
0.016777700214834323
0.015518037816004478
0.016154655763749082
0.016446054350368798
0.01636607162063316
0.016143669237016767
0.016442347625890034
0.01726170343100539
0.018724187135445908
0.01731090215901329
0.01640788172470903
0.016250590647966766
0.016462893966466025
0.01624332581297463
0.01587387886808407
0.015824725873860888
0.015776672154269377
0.015755756195575375
0.01609361433228636
0.016985223206089375
0.016568158528968105
0.016188851226636804
0.016310828312132136
0.016358833431251007
0.016116131841557562
0.015944436066339947
0.016566213014941177
0.01624372728997819
0.01620088817627136
0.016008882506823738
0.016014070513170362
0.01580910144082816
0.015500717358281235
0.015655972138286223
0.015822776541984676
0.016005679874865935
0.015775386882609713
0.015768629243606155
0.015840523066199447
0.016541542917135794
0.016704436779732296
0.01602969779410482
0.01635168747853226
0.016204687089912663
0.016005928542924996
0.015914245927639372
0.015973083846450718
0.015882226979219354
0.01604173253385501
0.016047110691773676
0.016094646682282058
0.01720500389852823
0.016593907494304644
0.016664932339240938
0.01723663917025937
0.018127817730642745
0.017336212710464503
0.018261271893959825
0.016604492296355418
0.016480483333522172
0.01663831831435092
0.01626642050505241
0.016767179348816684
0.01611807150076076
0.016436923726134065
0.016485048624161888
0.016131195184814623
0.015823345480195674
0.015966952866992807
0.015897541230213013
0.015607547437664996
0.015712939375992073
0.015565935843421884
0.015518170885974293
0.01544328596608888
0.01574485364209501
0.016633293477809164
0.01610426133541597
0.016345518071246394
0.015883835509236298
0.015741812387621765
0.015651277381367446
0.01567595208948617
0.01576985540221935
0.015952197073841327
0.0159169739528149
0.016044883686507087
0.016693997217246657
