0.05096153846153846
0.1548076923076923
0.2201923076923077
0.18557692307692308
0.1605769230769231
0.26826923076923076
0.2653846153846154
0.32596153846153847
0.3278846153846154
0.3211538461538462
0.35384615384615387
0.3298076923076923
0.3682692307692308
0.37596153846153846
0.40865384615384615
0.35
0.3384615384615385
0.38846153846153847
0.40192307692307694
0.40192307692307694
0.34326923076923077
0.28942307692307695
0.3625
0.36346153846153845
0.40192307692307694
0.4009615384615385
0.42115384615384616
0.325
0.4307692307692308
0.47692307692307695
0.4403846153846154
0.44519230769230766
0.43653846153846154
0.4326923076923077
0.45576923076923076
0.42115384615384616
0.46442307692307694
0.4894230769230769
0.5125
0.45
0.5076923076923077
0.5259615384615385
0.5442307692307692
0.5288461538461539
0.5413461538461538
0.5413461538461538
0.5365384615384615
0.5125
0.5336538461538461
0.5567307692307693
0.49230769230769234
0.5
0.5115384615384615
0.4980769230769231
0.5259615384615385
0.5201923076923077
0.5461538461538461
0.5865384615384616
0.5673076923076923
0.5538461538461539
0.5548076923076923
0.55
0.551923076923077
0.5346153846153846
0.5557692307692308
0.5701923076923077
0.5692307692307692
0.5692307692307692
0.5211538461538462
0.5528846153846154
0.5807692307692308
0.5413461538461538
0.5576923076923077
0.5432692307692307
0.5663461538461538
0.5980769230769231
0.5769230769230769
0.5634615384615385
0.5509615384615385
0.55
0.5557692307692308
0.5692307692307692
0.5855769230769231
0.5701923076923077
0.6038461538461538
0.5846153846153846
0.5923076923076923
0.6048076923076923
0.6086538461538461
0.5913461538461539
0.6067307692307692
0.5990384615384615
0.6048076923076923
0.614423076923077
0.5855769230769231
0.6105769230769231
0.6057692307692307
0.6153846153846154
0.5903846153846154
0.6134615384615385
0.5778846153846153
0.5951923076923077
0.5932692307692308
0.6182692307692308
0.6134615384615385
0.6048076923076923
0.6211538461538462
0.6557692307692308
0.6528846153846154
0.6278846153846154
0.6298076923076923
0.625
0.625
0.6326923076923077
0.6403846153846153
0.6278846153846154
0.6048076923076923
0.6346153846153846
0.6451923076923077
0.6653846153846154
0.6269230769230769
0.5913461538461539
0.6490384615384616
0.6634615384615384
0.6576923076923077
0.6673076923076923
0.6346153846153846
0.6442307692307693
0.6701923076923076
0.6711538461538461
0.6548076923076923
0.6692307692307692
0.6173076923076923
0.6423076923076924
0.6451923076923077
0.6346153846153846
0.6384615384615384
0.6480769230769231
0.6567307692307692
0.6038461538461538
0.6423076923076924
0.6346153846153846
0.6596153846153846
0.6346153846153846
0.6471153846153846
0.6461538461538462
0.6269230769230769
0.6086538461538461
0.6471153846153846
0.6548076923076923
0.6432692307692308
0.6528846153846154
0.6307692307692307
0.6538461538461539
0.6653846153846154
0.6423076923076924
0.6451923076923077
0.6759615384615385
0.6740384615384616
0.6576923076923077
0.6711538461538461
0.6653846153846154
0.6721153846153847
0.6375
0.5903846153846154
0.6471153846153846
0.6471153846153846
0.6278846153846154
0.5778846153846153
0.6182692307692308
0.6211538461538462
0.6490384615384616
0.6567307692307692
0.6490384615384616
0.6730769230769231
0.6634615384615384
0.6557692307692308
0.6365384615384615
0.6461538461538462
0.6394230769230769
0.6711538461538461
0.6576923076923077
0.6576923076923077
0.6721153846153847
0.6605769230769231
0.6576923076923077
0.6461538461538462
0.65
0.6586538461538461
0.6163461538461539
0.6557692307692308
0.6557692307692308
0.6653846153846154
0.6875
0.6692307692307692
0.6653846153846154
0.675
0.6711538461538461
0.6567307692307692
0.6509615384615385
0.6461538461538462
0.6567307692307692
0.6519230769230769
0.6711538461538461
0.65
0.6605769230769231
0.675
0.6798076923076923
0.6865384615384615
0.6875
0.6846153846153846
0.6615384615384615
0.6605769230769231
0.6855769230769231
0.6923076923076923
0.6605769230769231
0.6326923076923077
0.6461538461538462
0.6605769230769231
0.6653846153846154
0.6480769230769231
0.6211538461538462
0.6519230769230769
0.6548076923076923
0.6692307692307692
0.6644230769230769
0.6740384615384616
0.6788461538461539
0.6682692307692307
0.6625
0.6557692307692308
0.6615384615384615
0.6615384615384615
0.6346153846153846
0.6461538461538462
0.6548076923076923
0.6519230769230769
0.6442307692307693
0.6548076923076923
0.6596153846153846
0.6673076923076923
0.6615384615384615
0.6625
0.6644230769230769
0.6605769230769231
0.676923076923077
0.6817307692307693
0.6711538461538461
0.6663461538461538
0.6615384615384615
0.6375
0.6394230769230769
0.6365384615384615
0.6384615384615384
0.6615384615384615
0.6711538461538461
0.676923076923077
0.6798076923076923
0.6740384615384616
0.6788461538461539
0.6884615384615385
0.6778846153846154
0.6826923076923077
0.6730769230769231
0.6182692307692308
0.6538461538461539
0.6567307692307692
0.6317307692307692
0.6317307692307692
0.6278846153846154
0.6403846153846153
0.6846153846153846
0.6798076923076923
0.6548076923076923
0.6701923076923076
0.6663461538461538
0.6855769230769231
0.6625
0.6519230769230769
0.6644230769230769
0.6711538461538461
0.6634615384615384
0.6663461538461538
0.6701923076923076
0.675
0.6644230769230769
0.6692307692307692
0.6596153846153846
0.6576923076923077
0.6432692307692308
0.6509615384615385
0.6394230769230769
0.6576923076923077
0.676923076923077
0.6644230769230769
0.6701923076923076
0.6721153846153847
0.6759615384615385
0.6605769230769231
0.6721153846153847
0.6634615384615384
0.6682692307692307
0.676923076923077
0.6682692307692307
0.6653846153846154
0.6788461538461539
0.6932692307692307
0.6951923076923077
0.6913461538461538
0.6894230769230769
0.6855769230769231
0.6778846153846154
0.6663461538461538
0.6653846153846154
0.6865384615384615
0.7009615384615384
0.6884615384615385
0.6740384615384616
0.6788461538461539
0.6932692307692307
0.6711538461538461
0.6586538461538461
0.6894230769230769
0.6951923076923077
0.6951923076923077
0.6826923076923077
0.6817307692307693
0.6836538461538462
0.6894230769230769
0.6903846153846154
0.6855769230769231
0.6826923076923077
0.6634615384615384
0.6721153846153847
0.6846153846153846
0.6865384615384615
0.6798076923076923
0.6798076923076923
0.6826923076923077
0.6721153846153847
0.6778846153846154
0.6798076923076923
0.6788461538461539
0.6788461538461539
0.6807692307692308
0.6923076923076923
0.6817307692307693
0.6826923076923077
0.6788461538461539
0.6884615384615385
0.6817307692307693
0.6759615384615385
0.6644230769230769
0.6586538461538461
0.6711538461538461
0.6682692307692307
0.6778846153846154
0.6990384615384615
0.7038461538461539
0.7019230769230769
0.698076923076923
0.6894230769230769
0.6913461538461538
0.675
0.6509615384615385
0.6634615384615384
0.6653846153846154
0.6701923076923076
0.6298076923076923
0.6221153846153846
0.6528846153846154
0.6557692307692308
0.6528846153846154
0.6625
0.6740384615384616
0.65
0.6836538461538462
0.6788461538461539
0.6721153846153847
0.6961538461538461
0.7067307692307693
0.7019230769230769
0.7009615384615384
0.6951923076923077
0.7096153846153846
0.7067307692307693
0.6951923076923077
0.6990384615384615
0.6826923076923077
0.6394230769230769
0.7009615384615384
0.698076923076923
0.7096153846153846
0.6971153846153846
0.6942307692307692
0.6913461538461538
0.6913461538461538
0.6855769230769231
0.6894230769230769
0.6923076923076923
0.6875
