0.027884615384615386
0.18653846153846154
0.18653846153846154
0.275
0.30096153846153845
0.3173076923076923
0.33557692307692305
0.34134615384615385
0.3971153846153846
0.40384615384615385
0.3903846153846154
0.38269230769230766
0.4269230769230769
0.4115384615384615
0.43365384615384617
0.36923076923076925
0.4394230769230769
0.5096153846153846
0.5086538461538461
0.5269230769230769
0.5153846153846153
0.5230769230769231
0.5163461538461539
0.5048076923076923
0.5096153846153846
0.510576923076923
0.4932692307692308
0.5548076923076923
0.5019230769230769
0.4932692307692308
0.5173076923076924
0.5125
0.5288461538461539
0.5259615384615385
0.5298076923076923
0.5115384615384615
0.5336538461538461
0.5278846153846154
0.5423076923076923
0.5471153846153847
0.5644230769230769
0.5923076923076923
0.575
0.5807692307692308
0.5923076923076923
0.5817307692307693
0.5596153846153846
0.5586538461538462
0.5480769230769231
0.5788461538461539
0.5442307692307692
0.55
0.5528846153846154
0.6105769230769231
0.6134615384615385
0.6057692307692307
0.6182692307692308
0.6201923076923077
0.614423076923077
0.6115384615384616
0.6019230769230769
0.6192307692307693
0.6173076923076923
0.5913461538461539
0.6153846153846154
0.6182692307692308
0.625
0.6163461538461539
0.6346153846153846
0.6384615384615384
0.6153846153846154
0.6125
0.6048076923076923
0.6384615384615384
0.6192307692307693
0.6548076923076923
0.5894230769230769
0.6653846153846154
0.6682692307692307
0.6230769230769231
0.6288461538461538
0.6451923076923077
0.6509615384615385
0.6625
0.6394230769230769
0.6375
0.6538461538461539
0.6432692307692308
0.6528846153846154
0.6451923076923077
0.6038461538461538
0.6451923076923077
0.6576923076923077
0.6865384615384615
0.6740384615384616
0.6548076923076923
0.6653846153846154
0.6519230769230769
0.6471153846153846
0.6586538461538461
0.6817307692307693
