0.03942307692307692
0.052884615384615384
0.06346153846153846
0.07211538461538461
0.07211538461538461
0.09519230769230769
0.10576923076923077
0.10192307692307692
0.09134615384615384
0.08365384615384615
0.10673076923076923
0.11057692307692307
0.11057692307692307
0.09615384615384616
0.10096153846153846
0.09615384615384616
0.12211538461538461
0.1076923076923077
0.08557692307692308
0.0875
0.1125
0.10480769230769231
0.10480769230769231
0.12115384615384615
0.11730769230769231
0.11346153846153846
0.11538461538461539
0.09903846153846153
0.1201923076923077
0.11923076923076924
0.12980769230769232
0.15384615384615385
0.1548076923076923
0.1605769230769231
0.1576923076923077
0.1451923076923077
0.1423076923076923
0.1576923076923077
0.15576923076923077
0.13846153846153847
0.15673076923076923
0.15384615384615385
0.15384615384615385
0.14807692307692308
0.13653846153846153
0.12596153846153846
0.12692307692307692
0.15096153846153845
0.09519230769230769
0.14038461538461539
0.13653846153846153
0.14423076923076922
0.1605769230769231
0.15865384615384615
0.16923076923076924
0.14615384615384616
0.16346153846153846
0.16634615384615384
0.16634615384615384
0.1576923076923077
0.15384615384615385
0.1528846153846154
0.1528846153846154
0.17884615384615385
0.18269230769230768
0.13365384615384615
0.18846153846153846
0.20192307692307693
0.18846153846153846
0.18365384615384617
0.18846153846153846
0.2
0.2153846153846154
0.19038461538461537
0.2048076923076923
0.20865384615384616
0.18173076923076922
0.18461538461538463
0.19903846153846153
0.19903846153846153
0.2048076923076923
0.19423076923076923
0.19038461538461537
0.21634615384615385
0.19903846153846153
0.18942307692307692
0.19807692307692307
0.1951923076923077
0.20096153846153847
0.22115384615384615
0.22403846153846155
0.20096153846153847
0.225
0.21634615384615385
0.23365384615384616
0.23557692307692307
0.23365384615384616
0.24134615384615385
0.24326923076923077
0.24711538461538463
0.25384615384615383
0.24807692307692308
0.24519230769230768
0.2567307692307692
0.2519230769230769
0.23173076923076924
0.25961538461538464
0.2625
0.27403846153846156
0.2519230769230769
0.27307692307692305
0.275
0.275
0.2673076923076923
0.26634615384615384
0.2644230769230769
0.2644230769230769
0.2644230769230769
0.27884615384615385
0.2528846153846154
0.25576923076923075
0.2567307692307692
0.25384615384615383
0.2644230769230769
0.26153846153846155
0.2605769230769231
0.25384615384615383
0.25384615384615383
0.2605769230769231
0.2673076923076923
0.3019230769230769
0.2875
0.2903846153846154
0.2923076923076923
0.28942307692307695
0.2923076923076923
0.30288461538461536
0.3096153846153846
0.30480769230769234
0.3144230769230769
0.2875
0.30865384615384617
0.3105769230769231
0.3096153846153846
0.2778846153846154
0.275
0.28173076923076923
0.30096153846153845
0.30096153846153845
0.30288461538461536
0.3057692307692308
0.29903846153846153
0.2923076923076923
0.2875
0.2875
0.30096153846153845
0.2865384615384615
0.24519230769230768
0.26153846153846155
0.26153846153846155
0.26153846153846155
0.2951923076923077
0.2846153846153846
0.27692307692307694
0.27403846153846156
0.29903846153846153
0.28846153846153844
0.2875
0.2778846153846154
0.2826923076923077
0.28173076923076923
0.28365384615384615
0.28846153846153844
0.2980769230769231
0.27692307692307694
0.28076923076923077
0.29134615384615387
0.30288461538461536
0.30673076923076925
0.3057692307692308
0.31346153846153846
0.30865384615384617
0.3096153846153846
0.32019230769230766
0.3144230769230769
0.30865384615384617
0.3
0.2865384615384615
0.29423076923076924
0.29423076923076924
0.2971153846153846
0.2923076923076923
0.27884615384615385
0.27884615384615385
0.27884615384615385
0.2759615384615385
0.2692307692307692
0.27692307692307694
0.2903846153846154
0.30096153846153845
0.29615384615384616
0.29615384615384616
0.2971153846153846
0.3211538461538462
0.33076923076923076
0.33365384615384613
0.3451923076923077
0.35
0.3471153846153846
0.32019230769230766
0.32596153846153847
0.3278846153846154
0.32884615384615384
0.32403846153846155
0.32596153846153847
0.3105769230769231
0.3125
0.3153846153846154
0.2875
0.24423076923076922
0.24519230769230768
0.2759615384615385
0.27307692307692305
0.2653846153846154
0.2653846153846154
0.27115384615384613
0.27115384615384613
0.27115384615384613
0.275
0.2759615384615385
0.2701923076923077
0.2548076923076923
0.2548076923076923
0.2605769230769231
0.2653846153846154
0.2903846153846154
0.29903846153846153
0.2932692307692308
0.28942307692307695
0.28942307692307695
0.29134615384615387
0.30096153846153845
0.325
0.325
0.3192307692307692
0.3
0.3
0.3153846153846154
0.3153846153846154
0.31634615384615383
0.30480769230769234
0.30480769230769234
0.30480769230769234
0.3144230769230769
0.31826923076923075
0.31826923076923075
0.32403846153846155
0.325
0.34423076923076923
0.3403846153846154
0.35096153846153844
0.34615384615384615
0.3471153846153846
0.34615384615384615
0.34615384615384615
0.34326923076923077
0.34134615384615385
0.35096153846153844
0.36153846153846153
0.3596153846153846
0.3471153846153846
0.34615384615384615
0.3471153846153846
0.33653846153846156
0.33557692307692305
0.33365384615384613
0.33365384615384613
0.325
0.3269230769230769
0.3375
0.33365384615384613
0.33365384615384613
0.34423076923076923
0.34423076923076923
0.34423076923076923
0.3490384615384615
0.35096153846153844
0.34807692307692306
0.34326923076923077
0.33942307692307694
0.34423076923076923
0.3403846153846154
0.3423076923076923
0.3423076923076923
0.3451923076923077
0.3230769230769231
0.2971153846153846
0.2903846153846154
0.29423076923076924
0.30096153846153845
0.30096153846153845
0.30865384615384617
0.27884615384615385
0.28076923076923077
0.28173076923076923
0.30288461538461536
0.3076923076923077
0.3269230769230769
0.325
0.32596153846153847
0.2980769230769231
0.3038461538461538
0.33076923076923076
0.3375
0.34134615384615385
0.35
0.3596153846153846
0.3548076923076923
0.35096153846153844
0.35
0.35
0.3326923076923077
0.3326923076923077
0.3326923076923077
0.3346153846153846
0.35192307692307695
0.3528846153846154
0.3557692307692308
0.34807692307692306
0.34807692307692306
0.3451923076923077
0.34615384615384615
0.33557692307692305
0.33557692307692305
0.33557692307692305
0.34423076923076923
0.35096153846153844
0.3057692307692308
0.3
0.3384615384615385
0.3317307692307692
0.3490384615384615
0.35192307692307695
0.35384615384615387
0.35192307692307695
0.35192307692307695
0.3403846153846154
0.3528846153846154
0.3663461538461538
0.3644230769230769
0.3625
0.36153846153846153
0.3528846153846154
0.3528846153846154
0.3576923076923077
0.35
0.35
0.3490384615384615
0.3490384615384615
0.33557692307692305
0.3423076923076923
0.34134615384615385
0.35192307692307695
0.36923076923076925
0.3682692307692308
0.3721153846153846
0.3721153846153846
0.34807692307692306
0.35
0.35192307692307695
0.3557692307692308
0.38653846153846155
0.37403846153846154
0.3769230769230769
0.3778846153846154
0.3769230769230769
0.37596153846153846
0.37596153846153846
0.37596153846153846
0.37596153846153846
0.37596153846153846
0.3778846153846154
0.38269230769230766
0.40673076923076923
0.40673076923076923
0.39615384615384613
0.39134615384615384
0.39326923076923076
0.39807692307692305
0.39807692307692305
0.39807692307692305
0.4048076923076923
0.40192307692307694
0.40865384615384615
0.40865384615384615
0.4096153846153846
0.40673076923076923
0.4096153846153846
0.41057692307692306
0.40673076923076923
0.4
0.4028846153846154
0.3971153846153846
0.4048076923076923
0.4028846153846154
0.40384615384615385
0.40384615384615385
0.39134615384615384
0.3923076923076923
0.3769230769230769
0.3663461538461538
0.3682692307692308
0.36730769230769234
0.3701923076923077
0.36923076923076925
0.3730769230769231
0.38076923076923075
0.3798076923076923
0.3817307692307692
0.3836538461538462
0.3836538461538462
0.38461538461538464
0.3778846153846154
0.375
0.3769230769230769
0.37596153846153846
0.37403846153846154
0.3701923076923077
0.3701923076923077
0.36730769230769234
0.3701923076923077
0.3663461538461538
0.3798076923076923
0.3817307692307692
0.3769230769230769
0.3769230769230769
0.3721153846153846
0.3701923076923077
0.37596153846153846
0.37596153846153846
0.37596153846153846
0.38653846153846155
0.3817307692307692
0.3817307692307692
0.3798076923076923
0.3951923076923077
0.38653846153846155
0.38461538461538464
0.38461538461538464
0.38461538461538464
0.38846153846153847
0.40192307692307694
0.40384615384615385
0.39615384615384613
0.3971153846153846
0.40576923076923077
0.41057692307692306
0.41057692307692306
0.41057692307692306
0.4096153846153846
0.40865384615384615
0.4173076923076923
0.4221153846153846
0.3923076923076923
0.39326923076923076
0.3836538461538462
0.40384615384615385
0.40384615384615385
0.4096153846153846
0.4076923076923077
0.40673076923076923
0.3951923076923077
0.4076923076923077
0.40673076923076923
0.40192307692307694
0.3923076923076923
0.3894230769230769
0.3817307692307692
0.3971153846153846
0.3942307692307692
0.3942307692307692
0.38846153846153847
0.39615384615384613
0.40192307692307694
0.40192307692307694
0.40192307692307694
0.39326923076923076
0.3894230769230769
0.39134615384615384
0.3951923076923077
0.3951923076923077
0.3778846153846154
0.3778846153846154
0.3721153846153846
0.3663461538461538
0.36153846153846153
0.36153846153846153
0.3625
0.3528846153846154
0.32211538461538464
0.32211538461538464
0.3153846153846154
0.3096153846153846
0.3057692307692308
0.29615384615384616
0.3038461538461538
0.29903846153846153
0.30673076923076925
0.30673076923076925
0.33942307692307694
0.3557692307692308
0.36730769230769234
0.36730769230769234
0.3721153846153846
0.3730769230769231
0.37403846153846154
0.3817307692307692
0.3548076923076923
0.3557692307692308
0.38076923076923075
0.36923076923076925
0.36923076923076925
0.3596153846153846
0.3596153846153846
0.35192307692307695
0.3596153846153846
0.36346153846153845
0.3682692307692308
0.3576923076923077
0.3548076923076923
0.3576923076923077
0.3730769230769231
0.37403846153846154
0.3769230769230769
0.38461538461538464
0.39903846153846156
0.39903846153846156
0.40576923076923077
0.40384615384615385
0.3942307692307692
0.3942307692307692
0.38461538461538464
0.3942307692307692
0.39615384615384613
0.39903846153846156
0.3903846153846154
0.3903846153846154
0.3923076923076923
0.3951923076923077
0.3894230769230769
0.3903846153846154
0.3971153846153846
0.39615384615384613
0.3942307692307692
0.39903846153846156
0.39615384615384613
0.39326923076923076
0.3942307692307692
0.39807692307692305
0.3894230769230769
0.3855769230769231
0.3798076923076923
0.3798076923076923
0.3778846153846154
0.3942307692307692
0.3875
0.3855769230769231
0.3875
0.3875
0.3875
0.4173076923076923
0.4230769230769231
0.4230769230769231
0.42403846153846153
0.4269230769230769
0.4269230769230769
0.42596153846153845
0.3778846153846154
0.3778846153846154
0.3798076923076923
0.36923076923076925
0.40384615384615385
0.4269230769230769
0.42788461538461536
0.4182692307692308
0.4182692307692308
0.4182692307692308
0.4201923076923077
0.40576923076923077
0.4048076923076923
0.40865384615384615
0.4076923076923077
0.4076923076923077
0.40192307692307694
0.3971153846153846
0.3625
0.36730769230769234
0.36730769230769234
0.36730769230769234
0.36730769230769234
0.36153846153846153
0.3471153846153846
0.37596153846153846
0.37596153846153846
0.375
0.3730769230769231
0.3730769230769231
0.375
0.375
0.40673076923076923
0.40673076923076923
0.40673076923076923
0.41442307692307695
0.4201923076923077
0.4307692307692308
0.4375
0.43653846153846154
0.4403846153846154
0.45096153846153847
0.45
0.45
0.4375
0.43653846153846154
0.43846153846153846
0.43365384615384617
0.4355769230769231
0.4230769230769231
0.41634615384615387
0.4269230769230769
0.42596153846153845
0.4269230769230769
0.43365384615384617
0.43365384615384617
0.4355769230769231
0.42403846153846153
0.4009615384615385
0.40384615384615385
0.40673076923076923
0.39615384615384613
0.40384615384615385
0.41346153846153844
0.41442307692307695
0.41442307692307695
0.4153846153846154
0.41057692307692306
0.41057692307692306
0.4125
0.4125
0.4125
0.41346153846153844
0.4182692307692308
0.4182692307692308
0.4201923076923077
0.4201923076923077
0.41634615384615387
0.41634615384615387
0.4153846153846154
0.4153846153846154
0.4048076923076923
0.40865384615384615
0.4076923076923077
0.41346153846153844
0.4201923076923077
0.4173076923076923
0.4182692307692308
0.4182692307692308
0.4182692307692308
0.4201923076923077
0.4153846153846154
0.41346153846153844
0.41057692307692306
0.41057692307692306
0.41442307692307695
0.41923076923076924
0.4355769230769231
0.4355769230769231
0.4403846153846154
0.4403846153846154
0.4346153846153846
0.4346153846153846
0.42980769230769234
0.41057692307692306
0.41057692307692306
0.41057692307692306
0.44326923076923075
0.4442307692307692
0.44711538461538464
0.41634615384615387
0.41634615384615387
0.4153846153846154
0.41634615384615387
0.42115384615384616
0.4288461538461538
0.4355769230769231
0.4480769230769231
0.4480769230769231
0.4480769230769231
0.45096153846153847
0.45384615384615384
0.45
0.4480769230769231
0.45
0.4519230769230769
0.4519230769230769
0.45096153846153847
0.44519230769230766
0.4596153846153846
0.45865384615384613
0.45865384615384613
0.4576923076923077
0.4576923076923077
0.4567307692307692
0.45096153846153847
0.4548076923076923
0.43653846153846154
0.43653846153846154
0.44134615384615383
0.4153846153846154
0.41634615384615387
0.4182692307692308
0.4182692307692308
0.4182692307692308
0.42596153846153845
0.42788461538461536
0.4288461538461538
0.4288461538461538
0.4288461538461538
0.46442307692307694
0.4634615384615385
0.4567307692307692
0.4596153846153846
0.45865384615384613
0.44711538461538464
0.44519230769230766
0.4442307692307692
0.4548076923076923
0.45384615384615384
0.4576923076923077
0.46153846153846156
0.44519230769230766
0.46057692307692305
0.4576923076923077
0.45865384615384613
0.4442307692307692
0.44519230769230766
0.4519230769230769
0.44134615384615383
0.4346153846153846
0.4355769230769231
0.44326923076923075
0.45
0.45
0.45
0.45
0.4461538461538462
0.44326923076923075
0.4461538461538462
0.4461538461538462
0.4461538461538462
0.4442307692307692
0.4394230769230769
0.44711538461538464
0.43173076923076925
0.4326923076923077
0.4326923076923077
0.43653846153846154
0.4375
0.4346153846153846
0.4346153846153846
0.44134615384615383
0.4307692307692308
0.4173076923076923
0.4115384615384615
0.40192307692307694
0.40192307692307694
0.4048076923076923
0.40384615384615385
0.40384615384615385
0.3875
0.38846153846153847
0.3923076923076923
0.40673076923076923
0.40192307692307694
0.40384615384615385
0.40673076923076923
0.40673076923076923
0.40673076923076923
0.4153846153846154
0.42596153846153845
0.42115384615384616
0.42403846153846153
0.4346153846153846
0.43365384615384617
0.43365384615384617
0.40384615384615385
0.43653846153846154
0.43365384615384617
0.43365384615384617
0.4375
0.4375
0.45
0.44711538461538464
0.44711538461538464
0.45576923076923076
0.46153846153846156
0.46057692307692305
0.4625
0.45576923076923076
0.45576923076923076
0.45576923076923076
0.45576923076923076
0.45576923076923076
0.45576923076923076
0.4394230769230769
0.4326923076923077
0.43365384615384617
0.43846153846153846
0.4673076923076923
0.4653846153846154
0.43846153846153846
0.43846153846153846
0.4375
0.4403846153846154
0.4307692307692308
0.4346153846153846
0.425
0.4355769230769231
0.43653846153846154
0.42403846153846153
0.42403846153846153
0.42403846153846153
0.4221153846153846
0.4221153846153846
0.4230769230769231
0.42403846153846153
0.4375
0.4403846153846154
0.44519230769230766
0.44519230769230766
0.4576923076923077
0.4576923076923077
0.4576923076923077
0.46057692307692305
0.45384615384615384
0.45576923076923076
0.45865384615384613
0.4634615384615385
0.44903846153846155
0.4442307692307692
0.4403846153846154
0.4288461538461538
0.4528846153846154
0.44711538461538464
0.45865384615384613
0.45865384615384613
0.46057692307692305
0.4567307692307692
0.46057692307692305
0.4548076923076923
0.4548076923076923
0.4634615384615385
0.4846153846153846
0.4826923076923077
0.4826923076923077
0.4826923076923077
0.48173076923076924
0.48173076923076924
0.4701923076923077
0.46634615384615385
0.46923076923076923
0.47596153846153844
0.47115384615384615
0.47115384615384615
0.4625
0.4701923076923077
0.47115384615384615
0.47115384615384615
0.47115384615384615
0.47115384615384615
0.47307692307692306
0.4625
0.45576923076923076
0.45576923076923076
0.4567307692307692
0.4567307692307692
0.45
0.4423076923076923
0.4596153846153846
0.46057692307692305
0.46634615384615385
0.46057692307692305
0.46634615384615385
0.4673076923076923
0.46923076923076923
0.46442307692307694
0.4461538461538462
0.475
0.46442307692307694
0.46826923076923077
0.4634615384615385
0.46634615384615385
0.475
0.4740384615384615
0.47115384615384615
0.47596153846153844
0.48365384615384616
0.4875
0.4875
0.47692307692307695
0.4721153846153846
0.47884615384615387
0.48365384615384616
0.48365384615384616
0.4778846153846154
0.48365384615384616
0.4826923076923077
0.4826923076923077
0.48846153846153845
0.48846153846153845
0.4951923076923077
0.49423076923076925
0.48365384615384616
0.4894230769230769
0.49038461538461536
0.4913461538461538
0.4932692307692308
0.4932692307692308
0.4528846153846154
0.4528846153846154
0.46442307692307694
0.4625
0.46153846153846156
0.4576923076923077
0.46442307692307694
0.46442307692307694
0.46153846153846156
0.4576923076923077
0.46826923076923077
0.475
0.475
0.475
0.475
0.47596153846153844
0.475
0.475
0.4807692307692308
0.475
0.4826923076923077
0.4826923076923077
0.4951923076923077
0.4740384615384615
0.4740384615384615
0.4798076923076923
0.475
0.48365384615384616
0.48365384615384616
0.48365384615384616
0.48365384615384616
0.4778846153846154
0.47596153846153844
0.46923076923076923
0.46826923076923077
0.46923076923076923
0.47884615384615387
0.48365384615384616
0.48365384615384616
0.4740384615384615
0.47307692307692306
0.47307692307692306
0.47307692307692306
0.47307692307692306
0.47596153846153844
0.4346153846153846
0.4673076923076923
0.47115384615384615
0.47596153846153844
0.4894230769230769
0.4913461538461538
0.4913461538461538
0.4951923076923077
0.4980769230769231
0.4807692307692308
0.4807692307692308
0.4798076923076923
0.4798076923076923
0.4798076923076923
0.4807692307692308
0.4913461538461538
0.5096153846153846
0.5086538461538461
0.5144230769230769
0.5144230769230769
0.5096153846153846
0.4913461538461538
0.4913461538461538
0.4875
0.4875
0.49423076923076925
0.49230769230769234
0.4875
0.5009615384615385
0.5009615384615385
0.48653846153846153
0.48653846153846153
0.4701923076923077
0.4548076923076923
0.4548076923076923
0.45
0.4548076923076923
0.46153846153846156
0.46153846153846156
0.46153846153846156
0.47115384615384615
0.42596153846153845
0.43365384615384617
0.4182692307692308
0.4548076923076923
0.41634615384615387
0.4307692307692308
0.44326923076923075
0.4442307692307692
0.4403846153846154
0.44519230769230766
0.44903846153846155
0.4653846153846154
0.4701923076923077
0.47115384615384615
0.47115384615384615
0.5125
0.5115384615384615
0.5076923076923077
0.5115384615384615
0.5163461538461539
0.5201923076923077
0.5201923076923077
0.5336538461538461
0.5288461538461539
0.5259615384615385
0.5211538461538462
0.4846153846153846
0.4846153846153846
0.4894230769230769
0.4875
0.5125
0.5125
0.5125
0.5125
0.5038461538461538
0.510576923076923
0.510576923076923
0.5134615384615384
0.5057692307692307
0.5057692307692307
0.510576923076923
0.510576923076923
0.5230769230769231
0.5269230769230769
0.5211538461538462
0.5144230769230769
0.5144230769230769
0.5144230769230769
0.5201923076923077
0.5221153846153846
0.5125
0.5144230769230769
0.5134615384615384
0.5211538461538462
0.5173076923076924
0.5192307692307693
0.5288461538461539
0.5288461538461539
0.5413461538461538
0.5413461538461538
0.5413461538461538
0.5394230769230769
0.5413461538461538
0.5461538461538461
0.5490384615384616
0.5480769230769231
0.5480769230769231
0.5403846153846154
0.5355769230769231
0.5346153846153846
0.5355769230769231
0.5355769230769231
0.5211538461538462
0.5211538461538462
0.5211538461538462
0.5259615384615385
0.5317307692307692
0.5336538461538461
0.5355769230769231
0.5355769230769231
0.5355769230769231
0.5355769230769231
0.5067307692307692
0.5028846153846154
0.5019230769230769
0.5038461538461538
0.5
0.5048076923076923
0.510576923076923
0.510576923076923
0.5086538461538461
0.5259615384615385
0.5269230769230769
0.5355769230769231
0.5365384615384615
0.5307692307692308
0.5192307692307693
0.5192307692307693
0.5192307692307693
0.5269230769230769
0.5269230769230769
0.5269230769230769
0.5201923076923077
0.5134615384615384
0.5134615384615384
0.5163461538461539
0.525
0.49230769230769234
0.49230769230769234
0.49038461538461536
0.5144230769230769
0.5298076923076923
0.5230769230769231
0.48653846153846153
0.4826923076923077
0.4826923076923077
0.4875
0.48653846153846153
0.4932692307692308
0.48846153846153845
0.5067307692307692
0.5009615384615385
0.5009615384615385
0.4826923076923077
0.4826923076923077
0.4826923076923077
0.4826923076923077
0.48173076923076924
0.49903846153846154
0.4894230769230769
0.48653846153846153
0.4894230769230769
0.4894230769230769
0.4894230769230769
0.48173076923076924
0.4807692307692308
0.47307692307692306
0.47596153846153844
0.4826923076923077
0.47307692307692306
0.4798076923076923
0.4528846153846154
0.4855769230769231
0.48653846153846153
0.4778846153846154
0.4798076923076923
0.4807692307692308
0.4807692307692308
0.48365384615384616
0.4798076923076923
0.48173076923076924
0.47692307692307695
0.47692307692307695
0.47692307692307695
0.47692307692307695
0.47884615384615387
0.47884615384615387
0.4807692307692308
0.48173076923076924
0.4971153846153846
0.5019230769230769
0.5048076923076923
0.5048076923076923
0.5048076923076923
0.5057692307692307
0.5
0.5019230769230769
0.5019230769230769
0.49615384615384617
0.49615384615384617
0.49615384615384617
0.49903846153846154
0.4951923076923077
0.4951923076923077
0.4951923076923077
0.47884615384615387
0.4913461538461538
0.5028846153846154
0.5028846153846154
0.5028846153846154
0.5028846153846154
0.5038461538461538
0.5009615384615385
0.5057692307692307
0.510576923076923
0.510576923076923
0.5153846153846153
0.49615384615384617
0.49615384615384617
0.49615384615384617
0.49230769230769234
0.4913461538461538
0.5057692307692307
0.5153846153846153
0.5125
0.5125
0.5115384615384615
0.5115384615384615
0.5173076923076924
0.5259615384615385
0.525
0.525
0.5346153846153846
0.5211538461538462
0.5211538461538462
0.5211538461538462
0.5211538461538462
0.5230769230769231
0.5230769230769231
0.5278846153846154
0.5240384615384616
0.5201923076923077
0.5211538461538462
0.5211538461538462
0.5230769230769231
0.5125
0.5134615384615384
0.5125
0.5125
0.5125
0.5125
0.5134615384615384
0.49903846153846154
0.5028846153846154
0.5048076923076923
0.5048076923076923
0.4980769230769231
0.4971153846153846
0.4951923076923077
0.4913461538461538
0.5009615384615385
0.5076923076923077
0.5076923076923077
0.5076923076923077
0.5076923076923077
0.5076923076923077
0.510576923076923
0.5201923076923077
0.5288461538461539
0.5298076923076923
0.5278846153846154
0.510576923076923
0.5067307692307692
0.4740384615384615
0.4634615384615385
0.46153846153846156
0.46153846153846156
0.4875
0.4778846153846154
0.4875
0.4625
0.4625
0.4740384615384615
0.4740384615384615
0.4740384615384615
0.4778846153846154
0.47115384615384615
0.47115384615384615
0.5019230769230769
0.5038461538461538
0.5067307692307692
0.5115384615384615
0.43365384615384617
0.43846153846153846
0.49903846153846154
0.49230769230769234
0.4855769230769231
0.4855769230769231
0.48653846153846153
0.49038461538461536
0.49423076923076925
0.49423076923076925
0.49423076923076925
0.5057692307692307
0.510576923076923
0.510576923076923
0.5192307692307693
0.5192307692307693
0.5201923076923077
0.5144230769230769
0.5086538461538461
0.5086538461538461
0.5048076923076923
0.5009615384615385
0.5048076923076923
0.5028846153846154
0.5086538461538461
0.5115384615384615
0.5125
0.5019230769230769
0.5125
0.5125
0.5317307692307692
0.5317307692307692
0.5288461538461539
0.5288461538461539
0.5298076923076923
0.5423076923076923
0.5355769230769231
0.5355769230769231
0.5240384615384616
0.5240384615384616
0.5201923076923077
0.5201923076923077
0.5201923076923077
0.5230769230769231
0.5230769230769231
0.5230769230769231
0.5125
0.5125
0.510576923076923
0.5115384615384615
0.5201923076923077
0.5201923076923077
0.5173076923076924
0.5173076923076924
0.5076923076923077
0.5076923076923077
0.5076923076923077
0.5076923076923077
0.5057692307692307
0.5182692307692308
0.525
0.5269230769230769
0.5221153846153846
0.5221153846153846
0.5134615384615384
0.4894230769230769
0.4894230769230769
0.4875
0.4951923076923077
0.4846153846153846
0.4913461538461538
0.48846153846153845
0.4951923076923077
0.4932692307692308
0.4932692307692308
0.4932692307692308
0.4932692307692308
0.49423076923076925
0.4951923076923077
0.5153846153846153
0.5153846153846153
0.5115384615384615
0.5086538461538461
0.5009615384615385
0.4951923076923077
0.4971153846153846
0.5086538461538461
0.5201923076923077
0.5201923076923077
0.5259615384615385
0.5192307692307693
0.5096153846153846
0.5096153846153846
0.5096153846153846
0.5096153846153846
0.5144230769230769
0.5163461538461539
0.5153846153846153
0.5182692307692308
0.5182692307692308
0.5182692307692308
0.5173076923076924
0.5163461538461539
0.5163461538461539
0.5182692307692308
0.5221153846153846
0.5125
0.5163461538461539
0.5173076923076924
0.5173076923076924
0.5125
0.5125
0.5048076923076923
0.5115384615384615
0.5144230769230769
0.5173076923076924
0.5173076923076924
0.5173076923076924
0.510576923076923
0.510576923076923
0.5211538461538462
0.5221153846153846
0.525
0.5317307692307692
0.5317307692307692
0.5317307692307692
0.5317307692307692
0.5230769230769231
0.5230769230769231
0.5192307692307693
0.5192307692307693
0.5192307692307693
0.5230769230769231
0.5269230769230769
0.5336538461538461
0.5336538461538461
0.5240384615384616
0.5240384615384616
0.5240384615384616
0.5240384615384616
0.5288461538461539
0.5269230769230769
0.5298076923076923
0.5298076923076923
0.5298076923076923
0.5298076923076923
0.5269230769230769
0.5336538461538461
0.5278846153846154
0.5346153846153846
0.5375
0.5375
0.5394230769230769
0.5355769230769231
0.5336538461538461
0.5346153846153846
0.5403846153846154
0.5413461538461538
0.5413461538461538
0.5471153846153847
0.55
0.5682692307692307
0.5682692307692307
0.5807692307692308
0.5759615384615384
0.5759615384615384
0.5778846153846153
0.5778846153846153
0.5759615384615384
0.575
0.5701923076923077
0.5855769230769231
0.5894230769230769
0.5961538461538461
0.5971153846153846
0.5971153846153846
0.5961538461538461
0.5894230769230769
0.5903846153846154
0.5903846153846154
0.5903846153846154
0.5759615384615384
0.5759615384615384
0.573076923076923
0.5721153846153846
0.5923076923076923
0.5913461538461539
0.5942307692307692
0.5836538461538462
0.5836538461538462
0.5836538461538462
0.573076923076923
0.5807692307692308
0.5788461538461539
0.5788461538461539
0.5788461538461539
0.5788461538461539
0.5788461538461539
0.5798076923076924
0.5721153846153846
0.5586538461538462
0.5586538461538462
0.5663461538461538
0.5586538461538462
0.5625
0.5625
0.5625
0.5692307692307692
0.5682692307692307
0.5682692307692307
0.5567307692307693
0.5567307692307693
0.5701923076923077
0.5682692307692307
0.5682692307692307
0.573076923076923
0.573076923076923
0.5634615384615385
0.5384615384615384
0.5384615384615384
0.5384615384615384
0.5394230769230769
0.5355769230769231
0.5355769230769231
0.5605769230769231
0.5576923076923077
0.5567307692307693
0.5605769230769231
0.5596153846153846
0.5528846153846154
0.5528846153846154
0.55
0.5442307692307692
0.5413461538461538
0.5461538461538461
0.5480769230769231
0.5480769230769231
0.5480769230769231
0.5480769230769231
0.5480769230769231
0.5596153846153846
0.5596153846153846
0.551923076923077
0.5576923076923077
0.5576923076923077
0.55
0.55
0.551923076923077
0.5509615384615385
0.5586538461538462
0.5615384615384615
0.55
0.5567307692307693
0.5567307692307693
0.5576923076923077
0.5528846153846154
0.5557692307692308
0.5596153846153846
0.5423076923076923
0.5413461538461538
0.5365384615384615
0.5471153846153847
0.5471153846153847
0.5432692307692307
0.5528846153846154
0.5528846153846154
0.5567307692307693
0.5567307692307693
0.5567307692307693
0.5557692307692308
0.5461538461538461
0.5461538461538461
0.551923076923077
0.5317307692307692
0.5538461538461539
0.5605769230769231
0.5692307692307692
0.5605769230769231
0.5644230769230769
0.5634615384615385
0.5634615384615385
0.5394230769230769
0.5355769230769231
0.5528846153846154
0.5461538461538461
0.5451923076923076
0.5451923076923076
0.5442307692307692
0.5442307692307692
0.5538461538461539
0.5423076923076923
0.5471153846153847
0.5663461538461538
0.5759615384615384
0.5653846153846154
0.5682692307692307
0.5798076923076924
0.5798076923076924
0.5798076923076924
0.5778846153846153
0.5875
0.6
0.5769230769230769
0.5769230769230769
0.575
0.5701923076923077
0.5576923076923077
0.5576923076923077
0.551923076923077
0.5634615384615385
0.5625
0.5615384615384615
0.5663461538461538
0.5634615384615385
0.5605769230769231
0.5625
0.5625
0.5711538461538461
0.5711538461538461
0.5701923076923077
0.5759615384615384
0.5759615384615384
0.5769230769230769
0.5769230769230769
0.5692307692307692
0.5673076923076923
0.5596153846153846
0.5605769230769231
0.5605769230769231
0.5605769230769231
0.5596153846153846
0.55
0.5548076923076923
0.5461538461538461
0.5461538461538461
0.5471153846153847
0.5365384615384615
0.5375
0.5336538461538461
0.5336538461538461
0.5384615384615384
0.5442307692307692
0.5490384615384616
0.5490384615384616
0.5490384615384616
0.5653846153846154
0.5653846153846154
0.5653846153846154
0.5605769230769231
0.5605769230769231
0.5586538461538462
0.5548076923076923
0.5576923076923077
0.5567307692307693
0.5557692307692308
0.5586538461538462
0.5634615384615385
0.573076923076923
0.573076923076923
0.573076923076923
0.5528846153846154
0.551923076923077
0.551923076923077
0.5471153846153847
0.5442307692307692
0.5394230769230769
0.551923076923077
0.551923076923077
0.551923076923077
0.551923076923077
0.551923076923077
0.5663461538461538
0.5663461538461538
0.5653846153846154
0.5653846153846154
0.5653846153846154
0.5634615384615385
0.5711538461538461
0.5682692307692307
0.5692307692307692
0.5701923076923077
0.5701923076923077
0.5701923076923077
0.5701923076923077
0.5673076923076923
0.5673076923076923
0.5673076923076923
0.5721153846153846
0.5711538461538461
0.5701923076923077
0.5663461538461538
0.5673076923076923
0.5769230769230769
0.5701923076923077
0.5701923076923077
0.5778846153846153
0.5778846153846153
0.5817307692307693
0.5817307692307693
0.5836538461538462
0.5826923076923077
0.5826923076923077
0.5798076923076924
0.5778846153846153
0.5778846153846153
0.5692307692307692
0.5567307692307693
0.5567307692307693
0.5461538461538461
0.5461538461538461
0.5605769230769231
0.5548076923076923
0.5586538461538462
0.5586538461538462
0.5596153846153846
0.5615384615384615
0.5615384615384615
0.5615384615384615
0.5711538461538461
0.5625
0.5625
0.5634615384615385
0.5644230769230769
0.5644230769230769
0.5701923076923077
0.5721153846153846
0.5701923076923077
0.573076923076923
0.573076923076923
0.5663461538461538
0.5653846153846154
0.5653846153846154
0.5307692307692308
0.5663461538461538
0.5769230769230769
0.5769230769230769
0.5769230769230769
0.5778846153846153
0.5798076923076924
0.5865384615384616
0.5865384615384616
0.5903846153846154
0.5855769230769231
0.5778846153846153
0.5778846153846153
0.5846153846153846
0.5788461538461539
0.5788461538461539
0.5807692307692308
0.5788461538461539
0.5788461538461539
0.5836538461538462
0.5836538461538462
0.5836538461538462
0.5846153846153846
0.5855769230769231
0.5769230769230769
0.5769230769230769
0.5769230769230769
0.5769230769230769
0.5778846153846153
0.5788461538461539
0.5788461538461539
0.5682692307692307
0.5528846153846154
0.5644230769230769
0.5644230769230769
0.5836538461538462
0.5836538461538462
0.5846153846153846
0.5846153846153846
0.5846153846153846
0.5721153846153846
0.5740384615384615
0.573076923076923
0.5778846153846153
0.5759615384615384
0.5759615384615384
0.5759615384615384
0.5740384615384615
0.5673076923076923
0.5673076923076923
0.5740384615384615
0.5721153846153846
0.5826923076923077
0.5826923076923077
0.5807692307692308
0.5807692307692308
0.5807692307692308
0.5807692307692308
0.5807692307692308
0.5913461538461539
0.5711538461538461
0.573076923076923
0.5923076923076923
0.5923076923076923
0.5923076923076923
0.5932692307692308
0.5932692307692308
0.5932692307692308
0.5923076923076923
0.5923076923076923
0.6
0.6
0.6009615384615384
0.5951923076923077
0.5942307692307692
0.5942307692307692
0.5903846153846154
0.5903846153846154
0.6
0.6
0.6019230769230769
0.6038461538461538
0.6038461538461538
0.6115384615384616
0.6028846153846154
0.6048076923076923
0.6048076923076923
0.6038461538461538
0.6115384615384616
0.6125
0.6125
0.6125
0.6125
0.6057692307692307
0.6028846153846154
0.6067307692307692
0.6028846153846154
0.6028846153846154
0.6028846153846154
0.6028846153846154
0.6067307692307692
0.6038461538461538
0.6048076923076923
0.6057692307692307
0.6057692307692307
0.6057692307692307
0.6086538461538461
0.6163461538461539
0.6163461538461539
0.6163461538461539
0.6048076923076923
0.5942307692307692
0.5826923076923077
0.5875
0.5875
0.5875
0.5875
0.5884615384615385
0.5951923076923077
0.6019230769230769
0.5971153846153846
0.6
0.5971153846153846
0.5980769230769231
0.5980769230769231
0.5942307692307692
0.5942307692307692
0.5942307692307692
0.6
0.6019230769230769
0.6086538461538461
0.6201923076923077
0.625
0.625
0.6134615384615385
0.6086538461538461
0.6067307692307692
0.6105769230769231
0.6105769230769231
0.6115384615384616
0.6076923076923076
0.6076923076923076
0.6076923076923076
0.6134615384615385
0.6
0.5913461538461539
0.5961538461538461
0.5961538461538461
0.5961538461538461
0.5971153846153846
0.5990384615384615
0.6038461538461538
0.6086538461538461
0.6086538461538461
0.6086538461538461
0.6096153846153847
0.6096153846153847
0.6096153846153847
0.6096153846153847
0.6096153846153847
0.6067307692307692
0.6086538461538461
0.6076923076923076
0.6105769230769231
0.6105769230769231
0.6096153846153847
0.5980769230769231
0.5913461538461539
0.5884615384615385
0.5884615384615385
0.5884615384615385
0.5971153846153846
0.6028846153846154
0.6067307692307692
0.6067307692307692
0.6067307692307692
0.6086538461538461
0.6086538461538461
0.6086538461538461
0.6086538461538461
0.6086538461538461
0.6086538461538461
0.6086538461538461
0.6086538461538461
0.6105769230769231
0.6221153846153846
0.6221153846153846
0.6240384615384615
0.625
0.614423076923077
0.614423076923077
0.6182692307692308
0.6125
0.6125
0.6201923076923077
0.6201923076923077
0.6163461538461539
0.6163461538461539
0.6163461538461539
0.6163461538461539
0.6163461538461539
0.6192307692307693
0.6134615384615385
0.6153846153846154
0.6115384615384616
0.6115384615384616
0.6009615384615384
0.6009615384615384
0.6028846153846154
0.6038461538461538
0.6019230769230769
0.6019230769230769
0.6096153846153847
0.6028846153846154
0.6096153846153847
0.6096153846153847
0.5894230769230769
0.5894230769230769
0.5894230769230769
0.5961538461538461
0.5961538461538461
0.5961538461538461
0.5942307692307692
0.6
0.6086538461538461
0.6086538461538461
0.6086538461538461
0.6086538461538461
0.6048076923076923
0.5980769230769231
0.5980769230769231
0.5961538461538461
0.5961538461538461
0.5884615384615385
0.5961538461538461
0.5961538461538461
0.5961538461538461
0.5932692307692308
0.5951923076923077
0.5951923076923077
0.5990384615384615
0.6009615384615384
0.6
0.6048076923076923
0.6134615384615385
0.6134615384615385
0.6134615384615385
0.6134615384615385
0.6134615384615385
0.6134615384615385
0.6009615384615384
0.6009615384615384
0.6009615384615384
0.6028846153846154
0.6028846153846154
0.5971153846153846
0.5971153846153846
0.5971153846153846
0.5932692307692308
0.5875
0.5903846153846154
0.5932692307692308
0.6028846153846154
0.6028846153846154
0.6028846153846154
0.6019230769230769
0.6019230769230769
0.5971153846153846
0.5971153846153846
0.5990384615384615
0.5923076923076923
0.5932692307692308
0.5932692307692308
0.5778846153846153
0.5778846153846153
0.5846153846153846
0.5846153846153846
0.5855769230769231
0.5826923076923077
0.6038461538461538
0.6086538461538461
0.6086538461538461
0.6067307692307692
0.6009615384615384
0.5951923076923077
0.5942307692307692
0.5942307692307692
0.5942307692307692
0.6019230769230769
0.5961538461538461
0.5961538461538461
0.5846153846153846
0.5884615384615385
0.5884615384615385
0.5913461538461539
0.5923076923076923
0.6
0.5951923076923077
0.5951923076923077
0.5951923076923077
0.5951923076923077
0.5951923076923077
0.5951923076923077
0.5951923076923077
0.5980769230769231
0.5980769230769231
0.5990384615384615
0.5826923076923077
0.5846153846153846
0.5846153846153846
0.5807692307692308
0.5817307692307693
0.6
0.6076923076923076
0.6076923076923076
0.5971153846153846
0.5961538461538461
0.5961538461538461
0.5961538461538461
0.5971153846153846
0.6028846153846154
0.6028846153846154
0.6009615384615384
0.5932692307692308
0.5932692307692308
0.6019230769230769
0.6038461538461538
0.6038461538461538
0.6
0.6
0.6
0.6019230769230769
0.6019230769230769
0.5980769230769231
0.5923076923076923
0.5923076923076923
0.5971153846153846
0.5990384615384615
0.6028846153846154
0.6028846153846154
0.5817307692307693
0.5817307692307693
0.5817307692307693
0.5653846153846154
0.5673076923076923
0.5673076923076923
0.5826923076923077
0.5826923076923077
0.5826923076923077
0.5740384615384615
0.575
0.5788461538461539
0.575
0.5826923076923077
0.5826923076923077
0.5701923076923077
0.5701923076923077
0.5701923076923077
0.5701923076923077
0.5759615384615384
0.5711538461538461
0.5875
0.5846153846153846
0.5836538461538462
0.5836538461538462
0.5884615384615385
0.5884615384615385
0.5884615384615385
0.5817307692307693
0.5846153846153846
0.5855769230769231
0.5923076923076923
0.5865384615384616
0.5865384615384616
0.5913461538461539
0.5961538461538461
0.5961538461538461
0.5923076923076923
0.5951923076923077
0.5951923076923077
0.5846153846153846
0.5836538461538462
0.5846153846153846
0.5846153846153846
0.5846153846153846
0.5826923076923077
0.5951923076923077
0.5875
0.5875
0.5875
0.5875
0.5884615384615385
0.5884615384615385
0.5884615384615385
0.5884615384615385
0.5923076923076923
0.5923076923076923
0.5923076923076923
0.5932692307692308
0.5932692307692308
0.5942307692307692
0.5942307692307692
0.5884615384615385
0.5884615384615385
0.5894230769230769
0.5932692307692308
0.5932692307692308
0.5836538461538462
0.5903846153846154
0.5894230769230769
0.5894230769230769
0.5942307692307692
0.5971153846153846
0.5971153846153846
0.5971153846153846
0.6019230769230769
0.6019230769230769
0.6057692307692307
0.6057692307692307
0.6086538461538461
0.6086538461538461
0.6019230769230769
0.5990384615384615
0.5971153846153846
0.6009615384615384
0.5826923076923077
0.5788461538461539
0.5788461538461539
0.5836538461538462
0.5903846153846154
0.5903846153846154
0.6009615384615384
0.5884615384615385
0.5951923076923077
0.5951923076923077
0.6
0.6
0.6
0.6
0.6009615384615384
0.6048076923076923
0.6048076923076923
0.6067307692307692
0.6
0.6
0.5807692307692308
0.5807692307692308
0.5826923076923077
0.5807692307692308
0.5807692307692308
0.5798076923076924
0.5769230769230769
0.5769230769230769
0.5769230769230769
0.5769230769230769
0.5807692307692308
0.5817307692307693
0.5788461538461539
0.5798076923076924
0.5798076923076924
0.575
0.5701923076923077
0.5701923076923077
0.5807692307692308
0.5586538461538462
0.5586538461538462
0.5692307692307692
0.5778846153846153
0.5788461538461539
0.5798076923076924
0.5865384615384616
0.5865384615384616
0.5875
0.5875
0.5884615384615385
0.5875
0.5894230769230769
0.5894230769230769
0.5855769230769231
0.5855769230769231
0.5855769230769231
0.5807692307692308
0.5711538461538461
0.5711538461538461
0.5625
0.5653846153846154
0.5673076923076923
0.5509615384615385
0.551923076923077
0.551923076923077
0.551923076923077
0.5548076923076923
0.5625
0.5625
0.5663461538461538
0.5807692307692308
0.5846153846153846
0.5807692307692308
0.5817307692307693
0.5855769230769231
0.5711538461538461
0.5778846153846153
0.5778846153846153
0.5778846153846153
0.5778846153846153
0.5778846153846153
0.5817307692307693
0.5817307692307693
0.5836538461538462
0.5942307692307692
0.5932692307692308
0.5951923076923077
0.5942307692307692
0.6028846153846154
0.6028846153846154
0.5951923076923077
0.5951923076923077
0.5951923076923077
0.5961538461538461
0.6019230769230769
0.6009615384615384
0.614423076923077
0.614423076923077
0.6192307692307693
0.6192307692307693
0.6067307692307692
0.6067307692307692
0.6076923076923076
0.6115384615384616
0.6076923076923076
0.6048076923076923
0.6067307692307692
0.5951923076923077
0.5971153846153846
0.5942307692307692
0.5942307692307692
0.5855769230769231
0.5865384615384616
0.5932692307692308
0.5932692307692308
0.5932692307692308
0.5932692307692308
0.5932692307692308
0.5932692307692308
0.5903846153846154
0.5971153846153846
0.5836538461538462
0.5894230769230769
0.5894230769230769
0.5846153846153846
0.573076923076923
0.573076923076923
0.5951923076923077
0.5951923076923077
0.5875
0.5980769230769231
0.5980769230769231
0.614423076923077
0.614423076923077
0.6057692307692307
0.6057692307692307
0.6057692307692307
0.6076923076923076
0.6096153846153847
0.6163461538461539
0.6163461538461539
0.6201923076923077
0.614423076923077
0.614423076923077
0.6163461538461539
0.625
0.625
0.625
0.6230769230769231
0.6221153846153846
0.6259615384615385
0.6269230769230769
0.6134615384615385
0.6096153846153847
0.6105769230769231
0.6105769230769231
0.6115384615384616
0.6115384615384616
0.6057692307692307
0.5903846153846154
0.5903846153846154
0.6019230769230769
0.5942307692307692
0.6086538461538461
0.6086538461538461
0.5875
0.5865384615384616
0.5798076923076924
0.5605769230769231
0.551923076923077
0.5615384615384615
0.5615384615384615
0.5615384615384615
0.5615384615384615
0.5721153846153846
0.5673076923076923
0.5673076923076923
0.5923076923076923
0.5788461538461539
0.5788461538461539
0.5788461538461539
0.5865384615384616
0.5884615384615385
0.5884615384615385
0.5875
0.5980769230769231
0.5980769230769231
0.6076923076923076
0.6067307692307692
0.6153846153846154
0.6153846153846154
0.6125
0.6115384615384616
0.6115384615384616
0.6115384615384616
0.6019230769230769
0.6019230769230769
0.5932692307692308
0.5932692307692308
0.5990384615384615
0.5990384615384615
0.5990384615384615
0.5894230769230769
0.5951923076923077
0.5951923076923077
0.5980769230769231
0.5980769230769231
0.5980769230769231
0.5961538461538461
0.5951923076923077
0.5951923076923077
0.6115384615384616
0.6134615384615385
0.6163461538461539
0.6163461538461539
0.625
0.6230769230769231
0.6211538461538462
0.6211538461538462
0.6326923076923077
0.6259615384615385
0.6201923076923077
0.6201923076923077
0.6201923076923077
0.6076923076923076
0.6076923076923076
0.6076923076923076
0.6105769230769231
0.5990384615384615
0.5990384615384615
0.5990384615384615
0.6
0.6
0.6
0.6096153846153847
0.6096153846153847
0.5971153846153846
0.5990384615384615
0.5942307692307692
0.5961538461538461
0.5961538461538461
0.5961538461538461
0.5932692307692308
0.5903846153846154
0.5923076923076923
0.5923076923076923
0.5894230769230769
0.5942307692307692
0.5923076923076923
0.5932692307692308
0.5932692307692308
0.5971153846153846
0.5980769230769231
0.5980769230769231
0.5990384615384615
0.5990384615384615
0.5961538461538461
0.5932692307692308
0.5865384615384616
0.5923076923076923
0.5932692307692308
0.5932692307692308
0.5990384615384615
0.5990384615384615
0.5990384615384615
0.6057692307692307
0.6057692307692307
0.6057692307692307
0.6057692307692307
0.6086538461538461
0.6086538461538461
0.6096153846153847
0.6115384615384616
0.6115384615384616
0.6115384615384616
0.6125
0.6173076923076923
0.6115384615384616
0.6076923076923076
0.6019230769230769
0.5884615384615385
0.5884615384615385
0.5913461538461539
0.5903846153846154
0.5903846153846154
0.5903846153846154
0.5913461538461539
0.6076923076923076
0.6028846153846154
0.6096153846153847
0.6096153846153847
0.6048076923076923
0.6048076923076923
0.6038461538461538
0.6038461538461538
0.6173076923076923
0.6182692307692308
0.6009615384615384
0.6009615384615384
0.6019230769230769
0.6019230769230769
0.6038461538461538
0.6028846153846154
0.6028846153846154
0.6153846153846154
0.6096153846153847
0.6096153846153847
0.6134615384615385
0.6173076923076923
0.6259615384615385
0.6240384615384615
0.6240384615384615
0.6201923076923077
0.6096153846153847
0.6096153846153847
0.6086538461538461
0.6115384615384616
0.6115384615384616
0.6125
0.6086538461538461
0.6182692307692308
0.6182692307692308
0.6221153846153846
0.6221153846153846
0.625
0.6240384615384615
0.6259615384615385
0.6259615384615385
0.6259615384615385
0.6259615384615385
0.625
0.6211538461538462
0.6298076923076923
0.6298076923076923
0.6307692307692307
0.6269230769230769
0.6269230769230769
0.6134615384615385
0.6192307692307693
0.6298076923076923
0.6326923076923077
0.6326923076923077
0.6259615384615385
0.6259615384615385
0.6259615384615385
0.6211538461538462
0.6211538461538462
0.6096153846153847
0.6096153846153847
0.6153846153846154
0.6105769230769231
0.6076923076923076
0.6067307692307692
0.6048076923076923
0.6048076923076923
0.6028846153846154
0.5432692307692307
0.5432692307692307
0.5423076923076923
0.5461538461538461
0.5461538461538461
0.5461538461538461
0.5451923076923076
0.5451923076923076
0.5451923076923076
0.5884615384615385
0.5884615384615385
0.5875
0.5932692307692308
0.5932692307692308
0.5913461538461539
0.6028846153846154
0.5942307692307692
0.5951923076923077
0.5951923076923077
0.5951923076923077
0.5865384615384616
0.5923076923076923
0.5884615384615385
0.5884615384615385
0.5884615384615385
0.5884615384615385
0.6028846153846154
0.5990384615384615
0.5990384615384615
0.6038461538461538
0.6057692307692307
0.6057692307692307
0.6134615384615385
0.614423076923077
0.6153846153846154
0.6278846153846154
0.6298076923076923
0.6423076923076924
0.6326923076923077
0.6288461538461538
0.6278846153846154
0.6278846153846154
0.6278846153846154
0.6230769230769231
0.6326923076923077
0.6432692307692308
0.6423076923076924
0.6423076923076924
0.6423076923076924
0.6423076923076924
0.6423076923076924
0.6423076923076924
0.6365384615384615
0.6336538461538461
0.6288461538461538
0.6278846153846154
0.6269230769230769
0.6317307692307692
0.6278846153846154
0.6269230769230769
0.6326923076923077
0.6384615384615384
0.6336538461538461
0.6336538461538461
0.6403846153846153
0.6403846153846153
0.6403846153846153
0.6403846153846153
0.6394230769230769
0.6394230769230769
0.6394230769230769
0.6346153846153846
0.6375
0.6375
0.6375
0.6326923076923077
0.6336538461538461
0.6336538461538461
0.6336538461538461
0.6336538461538461
0.6317307692307692
0.6317307692307692
0.6317307692307692
0.635576923076923
0.6346153846153846
0.6346153846153846
0.6307692307692307
0.6278846153846154
0.6048076923076923
0.6086538461538461
0.6134615384615385
0.6134615384615385
0.6009615384615384
0.6009615384615384
0.551923076923077
0.5384615384615384
0.5384615384615384
0.5384615384615384
0.5384615384615384
0.5375
0.5375
0.5375
0.5375
0.5307692307692308
0.5288461538461539
0.5211538461538462
0.5211538461538462
0.5451923076923076
0.5442307692307692
0.5432692307692307
0.5432692307692307
0.5432692307692307
