0.46638442856157186
0.06603552536984432
0.07101493827568485
0.06280601693376019
0.0646078413759854
0.06115241630901628
0.05052007078444447
0.06601976795237825
0.04930009353348447
0.05059674188589544
0.050067074741206405
0.04510739597239013
0.047237481173404386
0.052788546406916236
0.052976758958126806
0.061367895894207374
0.04883943018229151
0.049855301087119115
0.045563699354789114
0.03790595414591859
0.04065160734611798
0.03825309507655314
0.04171828287652384
0.044605832443867816
0.04428406252637793
0.04144771523729622
0.04696817643860341
0.043962337585822145
0.04053084982189936
0.04294802209439744
0.042194084967957075
0.03668025022354239
0.03842033840149109
0.039211964504600155
0.04468212947846354
0.04633518710526695
0.043231273397183106
0.04512831502106554
0.039385707880441455
0.04292742153558162
0.037443340257953914
0.03437749559087354
0.038155784239282
0.03540384798558338
0.03795195065127216
0.040862515225165735
0.037683393089468255
0.03984953742786247
0.04111960100775816
0.03641213488158129
0.03664659820261285
0.04120991932113201
0.03711167166487265
0.03311005646078057
0.03567505961086184
0.03219390647459666
0.032427540200592006
0.03509932421345564
0.03623446913014258
0.03406303901779686
0.037109054364388216
0.03434074444773736
0.03317388595758578
0.0342045276308462
0.034476610981946695
0.03575331404121288
0.035934574204323264
0.03753817282345905
0.035831193205900204
0.03583640892514108
0.037578849913923
0.0355099677304517
0.038367452317520936
0.03138449313055986
0.03318375611850466
0.03410940247846127
0.039879842212313346
0.03725899496449383
0.03568094160699466
0.03672519498264993
0.03612360585346476
0.03607132693425845
0.03777680888832182
0.03592675582219817
0.03289779155307755
0.0327435715653311
0.0328979548066963
0.03228524233007184
0.03173511286977335
0.03149208423912722
0.038722436887883585
0.03614993043220211
0.034100376731069734
0.03321965512094286
0.03059088965702315
0.0342308532114259
0.033822225530874314
0.03049757019318441
0.0340594624004467
0.03407038226897594
0.03155067485416144
