0.46565272552211917
0.05998185874023207
0.05834251211299366
0.058430295848559625
0.05590925915166214
0.05111551117556399
0.05342342909556984
0.0462175495123043
0.03884822077755077
0.04370674386321476
0.03829715751448526
0.04275272920030046
0.04405764187827646
0.04351910062858321
0.043727524884799286
0.04970255463649561
0.045194980418631486
0.04503696557941645
0.03896379404482097
0.043606831891610534
0.05181508304813376
0.04861871848649693
0.0420156685574191
0.039387389648306646
0.03594289602048682
0.042276155394300206
0.04249892111977881
0.04919588718576503
0.04014637794779287
0.040074273015950984
0.03885753753797948
0.03686761812448688
0.05122029534116978
0.0431751669877045
0.03627367144933988
0.03686095683686807
0.034610831683056516
0.03660640050021308
0.03258176003983285
0.040950505542363
0.03521082730801648
0.0336056253413875
0.028702768818351213
0.02990039233806614
0.029320367879716366
0.031842977352027554
0.029504715950895065
0.03149695130776114
0.034719940551259265
0.03236105943844713
0.035363255222631444
0.035056383640152414
0.03374049766366886
0.03397547643296333
0.0329644227490842
0.03209801330851936
0.030958234476341783
0.02728447332156214
0.0275094197551813
0.028779440639285354
0.028375460212446104
0.030288170296300605
0.028605065743974385
0.030103779618551946
0.03228708029582813
0.03161391980480661
0.030822657448984707
0.032553658590724524
0.03352289176505476
0.03114172001889183
0.034168585057536636
0.031047522970202867
0.033803158655587376
0.031123779385037013
0.029833992797540426
0.03148878394305141
0.02806712344586952
0.03312525459322654
0.032853077214041994
0.030951493325040467
0.030283132292735715
0.030622946783345296
0.03287252035504034
0.03039354200152789
0.03255568522913299
0.02974083693221903
0.029996872109150505
0.029245161230309832
0.0329461701507883
0.03386958460527465
0.02962672372979125
0.030513471791896153
0.027146195738296644
0.02597554048958749
0.028474714529207246
0.028075517586901442
0.029960177794144695
0.03006648915257423
0.030489717823322784
0.030202181452452306
0.033255298714624744
0.030723645645380396
0.027063785227915242
0.02641772481272528
0.029904655455372686
0.02901440188407662
0.028905995092432437
0.025993130816544505
0.026027914832613127
0.025730437119304447
0.02474399748277697
0.026074916443392392
0.030581792905485402
0.029854618117177517
0.02740432406157256
0.027169278754438805
0.03105862417661516
0.026713799211644896
0.027163920149725893
0.028941447089294872
0.031540603195197844
0.03221488259462544
0.029285479525661896
0.028247087490327522
0.027390530686484713
0.028143224797270886
0.026551806988423812
0.025555628706550128
0.024223278753154172
0.02335630323623433
0.024139208821484907
0.02568512812289251
0.02945616442149458
0.026934269023452924
0.02537703884164683
0.025411647514723343
0.02623808471183782
0.027729013545460285
0.027367490746492616
0.028930742611162564
0.02670839933661611
0.02740652463215163
0.02690840536126847
0.02662985922755281
0.02391706256466674
0.024511740558505732
0.02472893090372125
0.026742749336508016
0.0266998409153278
0.027737709617584108
0.028142335136214232
0.027629104847220108
0.03104537975393329
0.03050860952100065
0.026442415654826277
0.02859494282902236
0.02832098525428806
0.027113398956488205
0.02705202906195159
0.02833018806453752
0.02559968273403839
0.027227024492980523
0.025842996495348356
0.029466204719104314
0.03164152657820555
0.02899537927150678
0.027888750624504577
0.03130974974437726
0.034545057895780364
0.030729791102454475
0.029513526950735548
0.026554523527404308
0.027255793682839223
0.028812232016939807
0.028955100357065333
0.02730678405527847
0.025934900507371766
0.028753373587422824
0.030651890480079772
0.02923642478671726
0.027094093856942076
0.02842941421182876
0.028285926074758348
0.02641985986171403
0.02552580344524965
0.026113719322065843
0.02522027297289848
0.024392375037714794
0.02724056353425643
0.03104431410158833
0.024789777878206895
0.027209013327386535
0.025747007231413297
0.025090265355304796
0.02544655360067216
0.025393165478588067
0.024234165984774847
0.025915139779326753
0.025738698536693402
0.02573224370001187
0.028427977627176776
0.026759151937501734
0.026444205706838326
0.024563393824762154
0.028934224329550888
0.026161752544627114
0.025372322525554002
0.02486373191853931
0.024501355274128774
0.024884703475823073
0.025012047312344424
0.02471269081607955
0.026903314928829608
0.025441994750569723
0.022681677619729904
0.026891285380217754
0.031736092936066794
0.026718853795711175
0.024982177347008066
0.024781087951504105
0.025798546325495973
0.02923355542158266
0.024636362729408317
0.025000068782922595
0.025202193583882353
0.02541774501384005
0.024137639057794372
0.023612000580157135
0.02429966172482955
0.024994752282345618
0.02409525604232373
0.025279933782545495
0.025713598536323212
0.02503587581421135
0.02374247142962972
0.024109964623557988
0.023886792627965937
0.02456402531494725
0.024620188200239618
0.027224341712831546
0.025574359989667297
0.024863530822605878
0.02519501112815946
0.024820646516643965
0.024936170709993703
0.024852263418478647
0.024404439850234067
0.02539186523912182
0.025950978046490367
0.025675179673768426
0.025313033145382764
0.027825657305273553
0.033716044307384424
0.03244059343715805
0.026543039647595832
0.028729754684593805
0.02828623275538441
0.025635270797170467
0.024898368082421657
0.025135310886681125
0.024726889159222023
0.026372584756286732
0.025272416580025152
0.02585502279503144
0.029032136233582452
0.028347060824597883
0.02604072580237098
0.029017466479121363
0.029392205612875123
0.027210731714557717
0.028741763034732755
0.02797060722350057
0.026831643480032315
0.030000029455804482
0.027343216881246978
0.0299470950517862
0.027985475003453514
0.030631187308079934
0.030134128261648283
0.030122588843855724
0.027047439344438873
0.02739619429501069
0.028645866852280644
0.026313641546727377
0.02459724424434868
0.024757115413345684
0.024344595730230886
0.02472957088313274
0.026765150361014605
0.029279346150448245
0.026211905033330245
0.02816437047214113
0.027242048867070892
0.024870703655568233
0.024185613473756237
0.025044833715892664
0.02761222326863144
0.0286502730853318
0.026331293216278015
0.02572237796650909
0.0268452489219616
0.025958489064529817
0.02455408105644825
0.024415265469140877
0.02634586778862576
0.02271636797794564
0.02189430436169588
0.021933818652744665
0.02260234404393505
0.023665321050424955
0.024090027790435765
0.025033603899070875
0.02612162160669715
0.025540427615050168
0.022714116791594456
0.02557592581655845
0.029256318460026694
0.028372860712166645
0.02592958965825368
0.025636772133747245
0.026554128759806072
0.027727667314695323
0.024428680605186253
0.022993864198262843
0.023659152649825432
0.025242286291966006
0.023690519342279146
0.023239653222542088
0.023107515134288364
0.022403167115820157
0.02314870920258487
0.02422532013261864
0.023582449413212192
0.023048334850951577
0.022425558138436674
0.022767239038377397
0.02284091671194431
0.02329624074107246
0.023837461996545087
0.024272548183488535
0.023893524061004666
0.024100459883113795
0.024118373819156644
0.023458183688850807
0.0238543957938873
0.023061341181288792
0.023457881612494076
0.024630423196043243
0.025238125864128137
0.024309299555881292
0.024528106758507202
0.023917800860514413
0.02569481989495889
0.026783044560362918
0.025024713706495193
0.025903105687978704
0.025298524839383472
0.026131973444944397
0.0241133676638183
0.023493172413244286
0.02359191340906718
0.02444358230161126
0.024108140441277882
0.024756112822242576
0.02478740228600016
0.025388971816186174
0.025638695125889316
0.026764611097090024
0.027185760468171907
0.02820986899927085
0.031761779901763175
0.026662002173910387
0.02495479309421838
0.025196386618035638
0.025234560636215927
0.02678085628889739
0.025319603587602685
0.026488194354550774
0.026959737534579448
0.026564817765110122
0.02435472464145288
0.023994001218261948
0.023589698369635592
0.024527559260656515
0.02308754248454333
0.022559751040753657
0.022794602572468837
0.022185236944644898
0.023133098384101984
0.02856910133075888
0.02369305845426736
0.02268273610290029
0.022536759390488107
0.021835836913273184
0.02156316510508676
0.022480014754798765
0.021991391206736096
0.023938185833942555
0.024236314017399015
0.02337361403441251
0.025291798897302587
