0.07689824137597348
0.06217306609788086
0.06176164602735204
0.06296286568855768
0.06825205991554485
0.08172938428763347
0.06065517430950629
0.06433158929475591
0.06519615681044452
0.09012436732709123
0.0861206108320919
0.08283276894275178
0.07224996094574443
0.069674847401527
0.0752360561074503
0.08304430852277792
0.09842116212341212
0.0827919730979005
0.0815128733728961
0.0728692425488457
0.08464435101646052
0.08160152620780134
0.07259504285401662
0.07354797643456029
0.06522068952802747
0.06473061155730411
0.06395651575501994
0.07418809890728292
0.07504913627725315
0.06821097868933412
0.060250874980321556
0.06745170001510589
0.05734680603185873
0.05628408768370467
0.07370336611555828
0.06593796826608295
0.0691440916259683
0.08200546023329085
0.07970701812889125
0.07783128072643244
0.07466424303952338
0.08157895396989494
0.08344646186974579
0.08351515950490114
0.08198154663942454
0.0819828439380417
0.08126088095108831
0.08120613771491927
0.06687169046585295
0.06597623495620422
0.05973530669242871
0.07044251994915235
0.07204370848577472
0.07194068662271988
0.07184887376843166
0.06455056773252243
0.06471495118850712
0.07371655037118979
0.05761465526363967
0.06143929128853477
0.05944786990514274
0.060733878549196346
0.06572063189755495
0.06015377949283992
0.06336757073259311
0.06319336080060678
0.07097785477922756
0.07543306214611076
0.0819093666663598
0.06576924513849358
0.06961274092480618
0.057795840981939156
0.05726231932015422
0.05595572494483878
0.05720491869146045
0.056000822496543784
0.061924349611906085
0.061416797224499005
0.06446470872467085
0.059570858511130774
0.05954994175598388
0.061143342814416454
0.06431680820555419
0.05831074101603103
0.05831074101603103
0.054738532099508894
0.059123458405639394
0.06013494919922313
0.05702910804039842
0.054510751199683787
0.05601890716963652
0.05648706539665027
0.06041616068600796
0.0681932777247484
0.07502081419106071
0.07438498733242477
0.06648931977400928
0.06567193706827651
0.06617961137823482
0.05821877511101879
0.06331836057428321
0.06145176265479152
0.05768850387271029
0.06439750642689242
0.06079966848747044
0.061014400118782265
0.06038365170894197
0.06034517499555556
0.0621929608095375
0.06477871133164331
0.06701477517076795
0.06701477517076795
0.06537032865152863
0.06536640729838403
0.06177170145225893
0.061766868133106265
0.06173589101540328
0.06316336300147164
0.05910777193033507
0.05841532205179365
0.07358085949557744
0.06542655360695139
0.06705345405837095
0.0668443486083205
0.06667674433799953
0.06095284939738569
0.056855624476180464
0.05618344625439406
0.05745575122064957
0.05872721961528191
0.05757980676457312
0.059849687269285815
0.06154487320636348
0.06752044059399179
0.06959150442852122
0.06772580784397848
0.06737605492498652
0.06713907100360643
0.06509834708128036
0.06479582018565762
0.055708124856055835
0.06464075461744609
0.06540143001374658
0.06073693443186057
0.057250693835388645
0.05738968625707018
0.05695422166736033
0.06465743657721318
0.06560902759333173
0.06428590266254482
0.06562925916904438
0.05658760533392443
0.05840679009427067
0.05847242771282457
0.06055388390576362
0.05996254150062333
0.0626410837287168
0.05937501400409327
0.060492710094479596
0.058221415646678425
0.05955532722589587
0.05434486510434018
0.054167464958579506
0.05290930728026701
0.055842255926180744
0.048312268970999814
0.04831177764490626
0.04994856453096743
0.05346063927634363
0.04889560525968025
0.052870877422108394
0.05387455474744752
0.05219849577142467
0.052663648144370134
0.05603777095809369
0.05306820377504154
0.05113451516502199
0.051189323114435456
0.05087976097284368
0.05390829249635249
0.0518219866805225
0.05512734588031838
0.061244528650868386
0.06418046496547668
0.05659487195508802
0.05507268873033173
0.05502235866892625
0.05445405443517627
0.05616846156566813
0.05787941077337411
0.062047470467585124
0.06183616948035065
0.0603413368941994
0.06152272570823687
0.05716569615384384
0.057165524140312556
0.06391506120538507
0.06264858997834385
0.06018883950485361
0.05455194213964802
0.0572987681135025
0.059949975070438644
0.05799040953804502
0.05700203583798576
0.05331338551726637
0.05438533591066708
0.05558297802977282
0.05480511474269
0.054321816845216364
0.05431765169143448
0.05435595789919697
0.05097587332210731
0.05100033024003854
0.05486488930972903
0.056590801313864646
0.054451172224389444
0.0544600345209451
0.05294076946437998
0.05293873515132897
0.05327844679874745
0.05326975622012715
0.053018936235462714
0.04892763920140111
0.04893323372363799
0.048652208655533324
0.047776286315347874
0.04772320377187329
0.04826667932676565
0.04825811810260382
0.04967201923796623
0.0551199066805306
0.05533597941794181
0.057693958436137296
0.056216325023845964
0.0586436165581968
0.05722469714328688
0.055027871798802044
0.052773940433090506
0.05220169599331153
0.05509246077297414
0.05483886142047873
0.058943076929506726
0.057931736758502723
0.057917076042171764
0.05146584213576573
0.05338655850439871
0.05338346927420676
0.053382594536540456
0.05667375015392576
0.05701173463981787
0.05560002791653679
0.054266629241610194
0.04654416552272051
0.04630874973434508
0.04658654101661334
0.046586412460308035
0.044381420274168394
0.045082588027239696
0.04675685187043569
0.046635070718312105
0.0457191674055108
0.04550283212313344
0.0472338320280546
0.04873087600844446
0.04868423838562879
0.04837214380981405
0.048177070173549406
0.04961219497403682
0.047820599420451165
0.04809167639645184
0.04692989587617196
0.045003768755558254
0.0467528835839981
0.04504005515324481
0.0469915422354447
0.04595293583610369
0.045935971116764326
0.045909527771728485
0.045968540037175994
0.04810963829251037
0.04800245455392682
0.05284630505488544
0.05550932011544962
0.0555075845701396
0.05352083336158135
0.05967833398677527
0.05531052658997507
0.05492996055719138
0.05502878570993825
0.055026161151897374
0.055700249620229604
0.05543800610985635
0.05540382825660216
0.051193709503522866
0.05184268202810899
0.05437527927558308
0.054358795110258824
0.05428409526302347
0.05447018267133845
0.05341547613078663
0.05202226176311051
0.05101626114379509
0.05101595526860074
0.05522707933434294
0.052178603872499695
0.051191844580192
0.051191844580192
0.054448005724638954
0.05858342321014047
0.05923658289451952
0.05536548117009627
0.05484399904181841
0.05484399904181841
0.04774215170945841
0.04759151298861428
0.046471108391615765
0.046040233643145356
0.048265804209328834
0.05748549605901866
0.05752568201010205
0.04841131443212868
0.04733422410389063
0.04697623459546782
0.04656439153041866
0.04745713586317035
0.04945267783797022
0.04926010904875616
0.045401852738348784
0.04529705168052174
0.045215130617055156
0.044928365595035644
0.04475424800513642
0.044421230996403965
0.04472908141653733
0.04298905941318094
0.04442425284188605
0.04371578835272084
0.044997136938653426
0.044953718679673974
0.048141677107780126
0.04979367704077031
0.049794773371435036
0.05065301091772412
0.054302566359896
0.05429404903792401
0.054293082169012755
0.05339065432115841
0.05058734210501453
0.04831348914858231
0.04900336400277493
0.05132086748172315
0.05131734568279662
0.051438200795047184
0.048346814078462176
0.04737017551470429
0.04767081945195047
0.049681336840494576
0.049512229819077144
0.04756572375622123
0.048036893911764494
0.044233941397619686
0.04503568655218058
0.04610259861524305
0.04641416960817106
0.04572892467817804
0.04546307239721296
0.045663644882952645
0.04690236631405803
0.04808224947866637
0.048034065799863204
0.04921988410018024
0.048589045328517246
0.04858376514108863
0.04586880245342934
0.047302885445987174
0.04875375113964284
0.05091162489551584
0.05382263348456083
0.051240852726673926
0.05251489060980084
0.052590173540379155
0.05217425648798404
0.05217425648798404
0.05202340315446046
0.05201922376072777
0.051579048235612185
0.050109441069456986
0.047834778342019026
0.0522498392774023
0.05672122754886073
0.05685966403034143
0.0574901179779711
0.058877796433613794
0.05690816125120687
0.051488314506895866
0.05164849090435498
0.050182405055660496
0.04990348542122102
0.04861982724912717
0.04861982176795091
0.052003210249170415
0.05406509208105332
0.052314618197225035
0.051886026002694895
0.052806118887591624
0.05352625516484898
0.052967674097941245
0.053389021972308125
0.05544182289259907
0.05288443286026016
0.052462579748273896
0.05279388768557661
0.05004455650995016
0.04996067634320449
0.04677796007384811
0.046352952681896306
0.04395693007825333
0.04395377856668863
0.04574742387799604
0.04662196932217261
0.04630344134348183
0.045960485740150867
0.04826990411574272
0.04995528863963015
0.04830352095726726
0.046720883409155235
0.04484658041763982
0.044946288398463985
0.04719452335049196
0.04709853909409845
0.0480015898340421
0.048368811464596075
0.04671504140725455
0.04738645906783837
0.04738466325412583
0.046342979099006726
0.04632945633082295
0.04550835164944874
0.046489230947424943
0.046225256907033045
0.0462129071370122
0.044249442227638776
0.04440236650830437
0.044403731237671204
0.04429989986269549
0.04448088247893119
0.04415726566654249
0.045439276348370417
0.048435290866551045
0.05314035071820947
0.054127754942174346
0.05797198295631553
0.05797508576875406
0.05747737728791588
0.0557031176180588
0.055269394352147894
0.04828468390525826
0.04734348322151565
0.04813455056569398
0.048453072520861756
0.04771715064956257
0.046704590554980385
0.04670152178892066
0.04784400043879851
0.050993955413113676
0.05097162571150722
0.05075266497910571
0.050929616720675495
0.05053623941756702
0.05244324057350908
0.053500331203152826
0.052682687312188385
0.052528214149802584
0.05478079634074802
0.052653930521128385
0.05265393052643316
0.05244397937160094
0.05121169841203086
0.05117201184594026
0.05113957943873084
0.049208144600042
0.04727295878068068
0.04736036402630951
0.0472906078673733
0.049661172957390524
0.049633850193338706
0.04761702694534394
0.04750073897079793
0.04981296850840426
0.05067689693469605
0.05067549793045597
0.04975978506520687
0.049739614212922126
0.049739614212922126
0.04973176723314814
0.04890088384446565
0.04865826660361423
0.047707061064589704
0.04770703413940413
0.04781633277976924
0.04794206621533085
0.0470400326917075
0.04674538416142362
0.046731832706870535
0.04822570156529462
0.04795036793034664
0.04662657579461191
0.045870720412167755
0.045775228124667375
0.04732951959772193
0.049245436099450125
0.05000881602492698
0.05393900177949105
0.05179203484870671
0.0476590579241177
0.04737405184492636
0.04649842521414772
0.0462051286001903
0.04679700941649434
0.048896171391292
0.04491062185840031
0.04577987962857846
0.04673260801643887
0.04575013218004053
0.04474943194388053
0.04474949044354752
0.04553239745208455
0.04480630601721583
0.04759884197874099
0.04759615744389194
0.049003050602534674
0.050138374795627404
0.047744334158818395
0.04783343024046386
0.04942245482545163
0.04699446846659304
0.047811229150103746
0.047811229150103746
0.047811226115553475
0.04754469435875838
0.04867930267177349
0.04918989554579834
0.04848870884156918
0.04848870884156918
0.047729541121155766
0.047729541121155766
0.050034773074169175
0.047683382272333215
0.04767741361666082
0.04821064157277233
0.04757997054880274
0.04712070833618085
0.046097524506097616
0.045816136670965193
0.046169243923088236
0.04635605582907495
0.04704847639544533
0.05171653709199947
0.05202353178592432
0.051890196987952275
0.051776283125803076
0.05017245588313057
0.05049990956462774
0.052137504736816165
0.0505950258162252
0.051449689283213154
0.05144968567515245
0.05188168918444637
0.05049144172609987
0.05029570775448142
0.04750023117449935
0.049291864351676866
0.04869085441318071
0.05010990233415363
0.04551201620739241
0.045990474471387044
0.05225572765160755
0.05090893261748695
0.05033939211176678
0.050367346664329994
0.04849088236759631
0.048490882373366295
0.0484726879594733
0.048400108360564686
0.04826523892775674
0.048854188883444276
0.04774826212546252
0.05485222941488916
0.048958260297382754
0.048589698229736404
0.04849194349242366
0.047434136642890465
0.04729793314394909
0.04840826684711368
0.04840459961804874
0.04935477930082661
0.053230501906043774
0.056874371424879194
0.05128364764264946
0.04945670307863533
0.04709876115477825
0.04803716352250568
0.04696845098972421
0.04711909915206561
0.04852679727180799
0.047372830871518126
0.047368801721621605
0.04680776890037711
0.04620948090152774
0.046244730649560625
0.046357755970211696
0.043071844544377846
0.04274778907845761
0.044380885188809296
0.044403976055970434
0.04335168407271037
0.04328359598674731
0.041363859173421266
0.041363859173421266
0.041734866446067664
0.04182842153832479
0.04278471559247697
0.042742612222039476
0.04273609243493997
0.04231790335949054
0.04234263262702605
0.043445915833418954
0.04344592073703535
0.04345910573952433
0.043252692732542876
0.043232093679962974
0.042684996810512965
0.045426456613857136
0.04585137386120686
0.045602270301255146
0.04563729140344402
0.050808866069035126
0.050327790941788964
0.05021053279450087
0.04959533542644712
0.05035593735934982
0.05035591818033658
0.05023378297231672
0.04803206706622091
0.04871241377069014
0.04871121757135119
0.04935898490881951
0.05126921895359095
0.052526866615783895
0.05252611378456127
0.04708905935032367
0.046343999101870155
0.045416132559195174
0.045223917165291186
0.045509555041457386
0.045752148670972076
0.04575258384060865
0.04258205802839746
0.042592819711080344
0.04499625878694594
0.044299461113544165
0.044571518797426074
0.04438427562942072
0.04397695761327097
0.04362308380597183
0.043430882997307414
0.043139774942102506
0.0433741383367642
0.0430410422411075
0.043038519002708164
0.041736572558121875
0.04269049014667927
0.04251062378438937
0.04220092106947725
0.04191669565041041
0.04192276929640556
0.042142328513576396
0.042096199695896175
0.04204868647604751
0.041109549830413386
0.04221615784631708
0.042434710930548576
0.042535467852445
0.042535410843490315
0.04315010473509242
0.040602394795785875
0.04076316571054911
0.040842611247633664
0.039947963771306265
0.03994796247091314
0.03928332023309073
0.03923448787688292
0.04129814141890392
0.041297495095203994
0.04234118572492592
0.04389182426987888
0.043109482397630655
0.04434950167993415
0.04434695878432164
0.043815363015080176
0.04263857757859555
0.04219720256172608
0.04189851199436529
0.04190394846687298
0.042104777438418325
0.04210246498735417
0.04109584042246608
0.041079848019891355
0.04155728901456715
0.040889955868396353
0.04063597510951723
0.04063203594486492
0.04063425142056666
0.04059836424864105
0.04108846449376915
0.04100744596462031
0.04035111664643984
0.04035111887901935
0.039709422256889414
0.039716564455947595
0.03948888678347403
0.03885204993541289
0.03906380530995027
0.038832489333256226
0.03876206015494566
0.03873830454053565
0.038781267294854024
0.038862666257063916
0.03796008886730827
0.03733409794214177
0.03732510533582235
0.0377464439960736
0.038282860498525154
0.03828273446070604
0.03806373281437997
0.03770075667704481
0.03770074714729109
0.03870393419589134
0.03991343630698192
0.03912835596040111
0.03941421203784651
0.03996396813439735
0.041992286744488995
0.04200678462707151
0.042337949832960464
0.04491637447533442
0.044915511243847454
0.04501415528032815
0.04556667735669626
0.04556403699398335
0.04765904099030764
0.051155057716300356
0.05190224280566198
0.048118946689553924
0.04857287030670051
0.04744201601997337
0.04393652478029668
0.04393392362464634
0.04224025210558629
0.041960696832099374
0.04230671820595835
0.043273251056072645
0.043800161842166306
0.04376084398684356
0.0422533203487746
0.04225327955894882
0.042253277741231304
0.04156057004917757
0.04288056304338679
0.04480813442113814
0.044807888690834706
0.044814106583372273
0.04581565851127339
0.0458175709560465
0.0465603227349619
0.04656005649692111
0.04474418559753178
0.0439268754473286
0.046301137144755505
0.04940943347264
0.0502851320423945
0.05115926207465929
0.05122738300705261
0.050877307904190934
0.05008229793057145
0.05008225928679709
0.050082493068412476
0.04993519205988327
0.04991582829825684
0.05017427823534747
0.049202773151844265
0.04920014210496338
0.046955202324939875
0.04620792816771364
0.04744503250267475
0.04759091226358186
0.04634295822368037
0.04694546279530318
0.04694485933033136
0.047313706295395164
0.046880998662943034
0.046880998662943034
0.04611947217376327
0.04548642438184625
0.043877883813897164
0.043025251015731
0.043025122188818266
0.0434973035574986
0.04196215791524645
0.04182435996126379
0.0415666403120287
0.04113840546669096
0.0424167454694824
0.042600815117326225
0.04159735321575526
0.04020811770103418
0.040191845332895895
0.04000608891361644
0.04000516159025972
0.039531115043904344
0.04315010250058991
0.043282147551139454
0.04327683916376137
0.04327682901698392
0.04035934430515174
0.040348000780104636
0.039932940930014746
0.039932938540142154
0.039932938540142154
0.041283229837323236
0.04166409636992013
0.04125150045808845
0.04119073687874496
0.039635608595616545
0.039635602920725516
0.03951962938239988
0.041121504189496984
0.040652333134119895
0.03977076247548715
0.042095054014692886
0.04206118003698754
0.042060641103134795
0.04195025849133256
0.04241535221704369
0.043654477885286015
0.043654257474081914
0.043048288711414744
0.04401690664956981
0.044016052621867995
0.04408478795819812
0.04337145856863078
0.04336030562723167
0.043348301971904805
0.044908029813565564
0.044890040709333064
0.04894862546004403
0.04784628294477818
0.047841051248755644
0.04434544720619767
0.04434502654141756
0.04673841092737003
0.04673860674139234
0.04349267063147502
0.041848213427869256
0.04201793327416358
0.042168828675805965
0.039706366575931434
0.039809191947022295
0.0397161173066394
0.03958697998669272
0.03955196305626382
0.039356418001921155
0.0394475419766375
0.039447539786669
0.03946857383023145
0.03951463251601772
0.039444048172078576
0.039449271435861466
0.039481649822776806
0.03948131083889565
0.03909510793144196
0.03819131526513238
0.03937401357942637
0.039150698612538226
0.04013827982257658
0.04013827982257658
0.040138282617157225
0.04013826636724223
0.04013826636724223
0.040138263123271
0.039678529211458986
0.0394722248982939
0.040156530738461774
0.040156529976266446
0.0393648723734447
0.03954773107754817
0.04223948346405939
0.03985197733292036
0.03965832867558626
0.03847654430137776
0.038476124098200726
0.038317304007850266
0.038317304007850266
0.03739163297871971
0.03739161323881526
0.03734583221182076
0.03725911710209158
0.0372591376286157
0.03722656569742339
0.0372877341293981
0.037740213106857684
0.04082784252377664
0.04074825186137987
0.03689729156041174
0.036890054429451126
0.037614077704240134
0.0375761365927104
0.0371463052477225
0.03714630205783731
0.03714624636433334
0.03716480026874694
0.03694728559991591
0.03682224317991662
0.03909582099101618
0.0390853244238984
0.036215357137437704
0.0380275686900911
0.038084269394994937
0.03811842127625214
0.041071782383671276
0.04072484554581963
0.03972585196586825
0.041417294636352284
0.041417294636352284
0.04149911439740469
0.03866608625657023
0.03877596700266059
0.0388425507926482
0.03945244544110472
0.03943466164124643
0.04024911778270702
0.038187172140817974
0.03748444055295335
0.03721906109517482
0.03721905225219355
0.03828445829271931
0.038289025410993764
0.03828708882378096
0.03828693103465455
0.03770154940228014
0.03770154940228014
0.038108548244805314
0.03810854714419428
0.04241932210263242
0.04752107736458181
0.04475245033983743
0.041604640846421154
0.04402306797953938
0.04406948493785845
0.04494714296211632
0.044947126613514625
0.03879135970656138
0.03946188952919582
0.03986957647680957
0.04076933824789623
0.040171309360598435
0.039413401208855454
0.03849512572545119
0.03796378274135431
0.0370227000195908
0.037923816546063666
0.037923816546063666
0.04004393325519703
0.038114774751413436
0.038103923985180706
0.038047730674825565
0.037970404844900545
0.037950700896329424
0.038045350231605275
0.037903199115122056
0.03718615642147284
0.03718615642147284
0.03764857293054352
0.03764859114137427
0.03750343790276944
0.037651813375845715
0.03731975012531613
0.03731974690945535
0.037130300708249686
0.04023192770540255
0.04280006374428047
0.0449850335269476
0.0431457149908376
0.04314540973157632
0.04314545065037323
0.042793990992926044
0.0414572924662751
0.042174074915038724
0.042022727194333406
0.04134343261578629
0.04506280484236215
0.04569354450186157
0.046974002782588384
0.047083424672042455
0.047085467157182856
0.04672511844292139
0.0449454255988339
0.04387134122320325
0.04536705791127299
0.04369187149308852
0.0435383960487343
0.04353805211967193
0.04443262674460582
0.04458162910391632
0.04294689826744906
0.04294689768344465
0.04295564156684954
0.04296119892872263
0.04172879612948664
0.04171667695392418
0.0408685379202259
0.04063365480802391
0.04019347065713586
0.04019492178018807
0.03913473020216476
0.039159530441693416
0.037757931004607295
0.03788268943250962
0.03788264892187912
0.03788177597044899
0.037862559566340305
0.040602928472361126
0.04060291793593897
0.04046089557160706
0.04046085930070642
0.040135273431677
0.03929005004531818
0.03903660795158477
0.039009196417654435
0.03906726315147776
0.039009581435140085
0.03977307993990776
0.04119997144644448
0.04108235028316959
0.04090717877626639
0.04090717877626639
0.03906157985395545
0.0383816635566758
0.038031414243638755
0.038030905901959934
0.038030905901959934
0.04025888464369368
0.04023817521238839
0.040231004471839096
0.038203650075568175
0.03815559102114068
0.038035233621091666
0.03746898249519131
0.03740517238812787
0.03797802275345493
0.03790714583164296
0.03778073004995057
0.039185208004597814
0.03916622217183757
0.04049493620865922
0.040229296538033914
0.03997970380174379
0.039981317577508606
0.039632220727499196
0.0396304281329814
0.03963128312258045
0.03916642738660006
0.03924409234393847
0.04007610362935488
0.04007587999842333
0.039546381846498946
0.04046289372993079
0.04001318548662323
0.039932300287236384
0.040702869279830925
0.04116289324888958
0.04302348369943159
0.041994061731744255
0.042640545733468975
0.04259971593930481
0.041633386758638376
0.04336385878596993
0.04340030288965013
0.04389878003550361
0.04435123525704853
0.04530868877827645
0.0453011652244182
0.0453011652244182
0.04535779760374629
0.044986512623015125
0.04498661670854295
0.04707205558649192
0.0444841006708326
0.04448401721114981
0.046166113060745764
0.04613968952101891
0.04613449693368986
0.0451363518442693
0.04390653401367056
0.04423722744555195
0.04522111095295804
0.04485117073533053
0.043835774621851
0.04375424879632541
0.04203950971283223
0.04585068468251035
0.04506532132163684
0.051655171905021405
0.0516551857068702
0.04870175344538781
0.04902264983071943
0.04493547296293123
0.04255017063996806
0.04329098214218074
0.04270125319025195
0.042779003985037624
0.04524366166577295
0.04483933954352814
0.04483932426534842
0.03992056907013515
0.03965429712621006
0.043090872204092266
0.0450014054067093
0.04530228953990057
0.04463900514292977
0.04463899546886987
0.043593083351040625
0.044678771409863365
0.04441398115210608
0.04462998018293717
0.0449772684969614
0.04223971802464841
0.04223992555639887
0.04097436817104648
0.03995768823089817
0.039446779653399336
0.04008131840514302
0.03866473777538572
0.0385159773801737
0.03851444128740201
0.04183371636968769
0.04159122263851926
0.042955933930104245
0.04115437285171963
0.04070478484602371
0.038637515160757765
0.03863142192275877
0.03870307482921337
0.03807590755233566
0.03807706170578122
0.03745398258619592
0.03802475240670093
0.038211272342695474
0.03756602788102725
0.03943974783205966
0.039439747455209916
0.0394583971927943
0.037606369343529664
0.03759203896616436
0.03662368121295849
0.036622338952968944
0.036622338952968944
0.03633694342985924
0.0363369434289489
0.03675662774986299
0.03649212913682655
0.03703313216633934
0.03659359581340561
0.03803126093252449
0.03803113241728496
0.03619471384068054
0.03919493420957914
0.03968350197762391
0.039675888268601696
0.03946800673870424
0.03949702591818772
0.03949342253453513
0.039554173881524594
0.03687457672113517
0.03737215404546807
0.038256857831810764
0.03953415400517976
0.04012577533864954
0.0387261765063307
0.03820008638249788
0.03835880838191724
0.038358006088608135
0.038358239743444905
0.0385369428855533
0.03878105203078384
0.03909570960825991
0.03909570741033337
0.04003941904563185
0.04003708384090854
0.040075830974779625
0.04080291030979622
0.04080210253497341
0.04076703859166506
0.03906557194945914
0.038959238578258094
0.03838156122806334
0.03776538678139559
0.037702206888210896
0.03834014010753258
0.03833809818310447
0.038930213302020476
0.038747880726485454
0.04032733485048359
0.040326539082033985
0.04185107680774371
0.03994882482577684
0.039759955665447495
0.03949700353217571
0.040851071601958194
0.041441273385910846
0.04144127279447082
0.04144126094785852
0.04142683761879125
0.04037307558379434
0.041454625927706455
0.04145462084495918
0.044076327888092064
0.04407632771457095
0.04293042526052643
0.043252741997869576
0.04251091010941155
0.04074233319123173
0.03982247340756024
0.03884306481431817
0.038833984890644706
0.03966298414333225
0.03914686628789874
0.04049687340673355
0.04043825632771388
0.04040949906197742
0.038676341884050044
0.03673428178326413
0.03657062320054313
0.03867485431150691
0.03683968739398756
0.03713067459858036
0.037130678888386746
0.03733675315730383
0.03649714634895829
0.03897927456968361
0.03904709851600068
0.04004550906308658
0.04008593679939397
0.04008593660311083
0.04055270116932116
0.04048506515804102
0.03851472912985177
0.03851472912985177
0.03568027762522459
0.035680277587901855
0.0347220965749144
0.03426214974574574
0.033971248819181774
0.03481263098018448
0.034808341996819626
0.03477573036564787
0.03470638890586205
0.03518985048803702
0.03518697136327561
0.03595122373340976
0.03569479568649981
0.035258243041994534
0.033320062513533685
0.03428361362713838
0.03654820689759413
0.03590008008224466
0.03590007921802092
0.036629363303387355
0.037169242979510124
0.03794209584952969
0.03794214354984527
0.037942102084864
0.03924914887312054
0.04060067554833122
0.03848216309365542
0.038359379048264634
0.037156408647540176
0.03956369187122331
0.03973245289877045
0.03952177533957901
0.040276011334270743
0.041438962468776715
0.04129309620664367
0.04136988150852475
0.0409555773712519
0.04043047464140477
0.03728725545974495
0.03728627460556758
0.03765800746393965
0.03765803410925253
0.037660716965511896
0.03877349673004631
0.038379090488878206
0.03905428460198423
0.03852449364531196
0.037582425829866636
0.036956945198450754
0.03844172819083558
0.03691026936538426
0.03690800940049921
0.036557227364429436
0.03655732869265764
0.03647221240945129
0.035875105533801785
0.035979591453632075
0.036395291506192896
0.03631968067249254
0.03605516943576817
0.03613945094279698
0.035147128013274534
0.035134549767727966
0.035133771517593025
0.035035508276497554
0.035050283191469314
0.03498233632144807
0.034982334998932
0.035160326173876315
0.034995220543951586
0.03752930006380969
0.03674267620836926
0.03643223755540834
0.036413671413609426
0.03656309013094624
0.03806075667606824
0.03794326678407829
0.03585659904108237
0.03556454965831851
0.03481438451377362
0.034392258282547765
0.03483086380647734
0.03449297375784251
0.033537704736078436
0.033537704738194625
0.03260652405382076
0.03297511341589562
0.03297554129485924
0.032629681295693436
0.032772625883720916
0.033701993584346224
0.03370183805831212
0.03370183760024271
0.0346527848948897
0.0337665037448765
0.03344000374686663
0.03309366746036575
0.032882445203504786
0.03288159728273637
0.03400988408009526
0.03476957765040682
0.034769531303948754
0.03478484311592109
0.033507098361790444
0.03391636315247946
0.03379339096053727
0.033793439719958844
0.03379344124062698
0.033793432763558055
0.03381476710882352
0.033809883496283145
0.035445888366790426
0.035444498072520786
0.036905772325196505
0.03689673553022139
0.036298534599439436
0.036298527868522196
0.03608696020789657
0.03657447998789754
0.03657094186260841
0.03465061049651073
0.034477202592032484
0.034769268413817674
0.03392078680339962
0.03274799421193502
0.03440110020094278
0.03449234730147022
0.03477662921247335
0.034680746889801516
0.03468074470543707
0.03582447518137866
0.03582452708157943
0.033972120536649345
0.034339452679912986
0.03695642697986924
0.03702258485735448
0.03702813546510438
0.03682589229949957
0.03547422994009413
0.03547458673838525
0.035474200298464584
0.03332390429959303
0.033243930747183376
0.03322492949141334
0.0340242157982008
0.03372048482501952
0.03434349230804807
0.035577399092415994
0.03570403602270978
0.034202140349420686
0.03412655010285919
0.03420583270574659
0.034012853187658905
0.033772286186004336
0.033773139597828614
0.03396170563926989
0.03703467163802753
0.03475681251130065
0.03440578313860723
0.03338887727476436
0.03320892418340274
0.033163988045525755
0.03307386953103875
0.03303303882377943
0.03239581339785195
0.032395801726926465
0.03239573495824198
0.03239544788984878
0.03220439400590603
0.03167404684440362
0.03094101007804003
0.03249621531378801
0.032744138632753834
0.03190519965854059
0.03190499048461537
0.03190516869628101
0.03199944523131047
0.03199949474931274
0.0317449578922453
0.031047530006428188
0.031047530006428188
0.03052352768503251
0.030423264706813096
0.030423214590380224
0.03128073372214982
0.031002984337769546
0.030966285949047257
0.030904791702473386
0.031187232319969237
0.03181932502779592
0.03181742977148233
0.03219651517343304
0.032200203202676594
0.03223424034066231
0.032181093330022954
0.03215896617086597
0.03195796875002759
0.03287911620147286
0.032586650548732166
0.032584750288247415
0.032787866058340234
0.031602417857635734
0.03201452865216773
0.03279300456039731
0.032645691355505144
0.033365407327609176
0.033436307948779054
0.03356156896795641
0.033515551151414955
0.03367510432542261
0.03473366313048915
0.0342334262755546
0.03408222189585472
0.03408018476962944
0.03426573820751637
0.03437083949174703
0.03437086276708597
0.03435933428889802
0.03484012072350726
0.034842263537709584
0.03506606209536987
0.035034977157461136
0.03475109671664933
0.0347364543237723
0.034385649782199317
0.034385649782199317
0.03437042889330635
0.03736347136440292
0.03736356916548345
0.03713695487727409
0.03713473925196335
0.03729192368952042
0.037303589227858196
0.037303589439984214
0.038032446767622456
0.03790773436248082
0.03798514494995057
0.03833408928577705
0.03833408882116509
0.03857038697832057
0.03776564507377835
0.03743506269534011
0.03726357042652429
0.0393287523793131
0.03898795881589768
0.038987616617070175
0.03898762935687525
0.0386043406034802
0.03947046717902086
0.03872873884361991
0.03872874024667224
0.03872966327401767
0.038372035727696485
0.03822684238995579
0.03958795569661439
0.03958795595821418
0.03854395705894802
0.03854390453896191
0.037259165929321804
0.038071812547126146
0.038561474549736276
0.04051118041222191
0.04140281645319428
0.04054230402282539
0.04045495729596601
0.03903491316822964
0.0390310759771094
0.040820008963299424
0.04081491172405104
0.04101618762189073
0.04101673357391944
0.03870171257821509
0.03842556711343761
0.03842556711343761
0.03842556711343761
0.03849032476825565
0.03735765884969053
0.03736162859995826
0.03475896146811217
0.034758961255534036
0.03477981718641551
0.036554905279477794
0.03654614982937606
0.03677790134496651
0.03492335495632199
0.03597681995898609
0.03597729296024001
0.03675436949707525
0.037872362979441035
0.037099193081657975
0.03607180992768016
0.03637926040114355
0.038249494304647975
0.038243316682153014
0.03692190280858215
0.03702213715565441
0.03702213713125215
0.036779119851993246
0.036779213102304545
0.03631302773374535
0.03564129233389734
0.03552095948949624
0.035459649732040376
0.03463144333486243
0.03463144330780462
0.0346313726243612
0.034428188342313294
0.03442657460354378
0.0342301731842046
0.03278162567563663
0.03251998626586565
0.03252422422010996
0.032918046582974266
0.034229771459459615
0.034532983025625824
0.03383273334563002
0.03419927933768702
0.034179791150329
0.03400258785793853
0.034002586475893756
0.032884663206563414
0.033614149991373146
0.03361435531966527
0.03361207005464081
0.034494693694680424
0.034256949382245896
0.03425662869859401
0.0342562802629421
0.03425597763433011
0.03443456232142334
0.03444159004422481
0.03565762393006569
0.03581280686496023
0.036104905335704734
0.035670779103246016
0.035108631125795084
0.034852882208300406
0.03830823470607432
0.03830970369895701
0.03801695104242359
0.03829906529427175
0.038271846752751915
0.038451464730272555
0.03845089979847142
0.038653285876540495
0.03865289386902472
0.03865234593882958
0.038666777335173534
0.039907690239572295
0.03858593918729821
0.038434535190866266
0.038434535190866266
0.03841150812888207
0.0384085602930855
0.03727720466966434
0.03727720466966434
0.037277202787205636
0.0371711348497253
0.03517259169602043
0.03517259169521894
0.03447155506294738
0.03447154961556457
0.034471382488037335
0.03466325830862072
0.034662811881322225
0.03465456929116535
0.03465438193245536
0.034802453057308134
0.03467306245443031
0.03469993913563166
0.03481202377965381
0.03585276612423239
0.034907883694494324
0.03490788369445721
0.03490749120440718
0.034163068800278557
0.03409924511304066
0.03417162504100987
0.03399862545222186
0.033892956530593224
0.034959730923723904
0.0360403473127918
0.035853237703845804
0.03585323837351346
0.035837970481576824
0.03642286176699536
0.03528559360485447
0.035170907412740204
0.03436547948091994
0.034360585593430394
0.03450540532399148
0.034503205237691036
0.03640803104682047
0.03646847155468109
0.03655785533315275
0.03789646536175255
0.0394649544607479
0.03946438612130854
0.03758345009387513
0.03746967076019899
0.03816295530473128
0.03767538197499621
0.03769013245153164
0.03729870212440628
0.03729760328677891
0.03758273784492206
0.037582737693677336
0.03758273768755216
0.03758273446917169
0.03758273638954727
0.037582733210069476
0.037442037665116175
0.03749495008683542
0.03747283583782788
0.03747857290895382
0.03753182388541738
0.03661016353377493
0.036641983436368854
0.036642756668367735
0.03714918189759727
0.03709673220499926
0.03709382008454311
0.037093789422293896
0.037006805708527477
0.036877444278405086
0.03682750972820861
0.0368287274314164
0.036828678579074244
0.037575605077028645
0.037301225421040064
0.037592644686984374
0.03743145496766629
0.036818861156473856
0.036817951213876356
0.03651011328031571
0.036510112886607014
0.03650294626043062
0.03650294617601378
0.03662127980532397
0.03673311463680559
0.03673067688326792
0.03678992546092586
0.03751157884504767
0.037511398353154465
0.037739502055047926
0.03735355702061214
0.03921187602250472
0.03914296902146567
0.03760882254896841
0.037587036966556166
0.03758701436116969
0.03594260245367107
0.03657383971799319
0.03637090810639865
0.036340974919284695
0.03726057887763486
0.03726057887763486
0.03726056591750978
0.038019175332254754
0.03916581127771262
0.03916520234670377
0.03958746053739543
0.03996939719102192
0.03996803780102777
0.04100952989278712
0.04062266951264058
0.04056595347094346
0.04044308668334921
0.04043459113176499
0.04030894710971322
0.04129709171074972
0.04129707049121248
0.0412130076731603
0.04121290147143229
0.03977402514387419
0.04034641894793763
0.04003200535741058
0.04003196866796563
0.04094052640068304
0.04090533887101379
0.03855042238033336
0.036827829119014464
0.03724184557459247
0.03776314562522002
0.038417178847571475
0.03841703356831074
0.03828148064901593
0.03828148036565387
0.0367864481918304
0.03539801788220208
0.035421177811368054
0.03740025911518797
0.03743414840564408
0.03744338849183616
0.03823786909202993
0.037072067597509924
0.0370722737798408
0.036503374483108676
0.03647608685221279
0.035394527209934225
0.035170544655768556
0.03511847976567924
0.03511437119844217
0.03508255148546465
0.03508255148081534
0.03549695678536788
0.03549674544267563
0.036205397520390425
0.03620513433209415
0.03666038964818273
0.03665727524998396
0.036021387722753456
0.03799111307135487
0.0377333179799879
0.0377333179799879
0.03832822181105102
0.038328221811184955
0.03832800899983304
0.04095458186048972
0.03931394738234961
0.03931340430252154
0.03972894914090815
0.03957085724306048
0.039203432899093976
0.03688657877590852
0.03688661026688902
0.03688671695549081
0.03734631716317282
0.037009792398224786
0.03655613759855414
0.03641538977961049
0.03755110930037661
0.038602897494008866
0.04036273103362454
0.0402337616269787
0.04031451584221773
0.040317066458915536
0.04031706613144537
0.04031664853486838
0.03828965253296386
0.037378649572418446
0.03737855396100159
0.03737874484698851
0.03870426959626738
0.0416543761964575
0.04165437359926174
0.04213447996482238
0.04224981569769201
0.04181039137466146
0.041562969250056765
0.039959366127950306
0.039761579439024496
0.04026062017545281
0.03734407148895995
0.03686760882379057
0.03780188600469658
0.036701299816814435
0.03619869647777278
0.03601828501676917
0.036019343032924214
0.035079282834672536
0.035174557186171726
0.034933517934904866
0.034330742209797184
0.034330742209797184
0.03447272567666431
0.034416028610036724
0.03424632016740074
0.034943880546860165
0.0343789508800414
0.034378919376526984
0.03461793248231593
0.035006737157708336
0.03500080435200466
0.034993751532357766
0.03499417257256076
0.03787344555746546
0.03768467473454986
0.04057482527170934
0.040420110243926693
0.040420109693847
0.039888034627859524
0.042379830683034386
0.042379830655636296
0.03892186862129545
0.03759234159404729
0.037592213138464906
0.03794305226427132
0.037680545491579884
0.037684847090059995
0.03755067298426029
0.03579303336389017
0.03579302869689987
0.035788849640387914
0.037354578331396035
0.03615778435527482
0.03615727590663424
0.036604926638946114
0.036342441904422915
0.03651488868819049
0.038888746414511524
0.038976017258118
0.03867430603584521
0.038597851391198645
0.03859589100391133
0.03859587113192462
0.03817716778897244
0.03817738784023491
0.03805628725517068
0.03820433544462205
0.03820265184824525
0.03827319170530478
0.03827068316880832
0.038214226755412195
0.03770094139781106
0.0377009414025266
0.037725010839526424
0.03772493253202653
0.03838078476944144
0.038377949417177974
0.03906978475734929
0.03921030115564064
0.03921028650996511
0.039217728008859434
0.040336955367240385
0.040749029919337175
0.04019965486241059
0.04033838344295712
0.04083976613678624
0.04151458027031109
0.04116357131326568
0.041141065753038324
0.04114105949815165
0.04070711506741027
0.041699636530726635
0.041624674345895535
0.04160238418357585
0.04097233579373997
0.03999958515357066
0.039999577331650875
0.04000222022311286
0.03914690746176095
0.03911929063068922
0.039350816484926915
0.03870491206193329
0.03872726612395325
0.038771650807603794
0.03877164694108001
0.03871564104655619
0.03870825195135833
0.03745032436088592
0.03736116600195998
0.03819414921402405
0.0381941492137758
0.038190046894297766
0.03820154610648162
0.0380537207990186
0.03771295005312182
0.03771407379989418
0.037871392427067586
0.0378713937322083
0.03787063132728792
0.03806642338028546
0.03806642335952531
0.0375221880787973
0.038574904050083236
0.038739067015971324
0.03822990421602073
0.038245667542517604
0.03848104623299458
0.03834844655346852
0.0379168331193685
0.03737077121856314
0.03964620057586336
0.03971435334678467
0.04035237622975867
0.03966213349686604
0.039657175838151315
0.03940038125896079
0.03898958846014196
0.03898958799901945
0.03885036646413793
0.03904050262489738
0.03991137743750621
0.03991137658560646
0.03967810593396711
0.040848870112377984
0.041675560091489545
0.04167444229251769
0.04029083773680838
0.03999285222783697
0.03999285165402496
0.04020633669127585
0.038077756474425434
0.038077753052023794
0.03807774943115879
0.03807774943115879
0.037958523439861135
0.037944001839000624
0.037936982589163726
0.03821273480100604
0.038212734795226355
0.038212366905916194
0.03821376922793688
0.03822928916618533
0.03839564634645667
0.03813536573762339
0.038135060207318244
0.038412502312370145
0.03928710316767219
0.039508484528444625
0.03938427857526589
0.039163108282681366
0.0389764473635295
0.03849078228548266
0.03792102405198304
0.037091219728100304
0.03703786769625872
0.03703754863878062
0.0370353176645362
0.036771620762260204
0.036770039535584206
0.036380003071545396
0.037156301085083734
0.03715630904700501
0.03715630867792677
0.03725652061634235
0.039038920896375555
0.041263398302108824
0.04139163939979627
0.04139189682249267
0.04134275367761268
0.041342753345424345
0.04091004379403413
0.04090730449485309
0.04161486855113263
0.04161486855113263
0.04091852100678352
0.04060444589068288
0.040526248692934114
0.03846516429145837
0.03838760158939148
0.03824297635453889
0.039326784020283445
0.03932678362330653
0.038718274585937545
0.04117308471782176
0.04091965044756409
0.04105722420949025
0.04141818015623231
0.04135846366313371
0.03921233867453442
0.03921231232387631
0.03786368601493906
0.037863692275802094
0.038193685763280506
0.038211963790096316
0.038211963790096316
0.03820086466847958
0.03820086466847958
0.038200864473446075
0.03777066456617858
0.039095703742807686
0.03909923767173554
0.03909922163261387
0.037372606443081526
0.0354941442965399
0.035491833806841996
0.03549183298406565
0.03467912824555077
0.03467900653545434
0.0343093319386315
0.03558407052468213
0.03536960358541285
0.035150167722415145
0.0342103178961707
0.03420525422725739
0.034211898275313506
0.034206961259176896
0.03410552232698243
0.03402522050911849
0.033703639971649824
0.033937308051866615
0.03475307598216104
0.03415078285154079
0.03413579823623515
0.03464581779961473
0.033852835751175946
0.0342191266973488
0.03354392242683398
0.03429287398214486
0.034389683779564154
0.03612340565873935
0.036121727067049136
0.03612172824412427
0.036121800359171514
0.036798989879585166
0.03679889812968509
0.03895677745597771
0.03913824574505616
0.039233373366441414
0.039233371922166894
0.039352928205997874
0.04045780733626924
0.040537798658739424
0.03909830813950645
0.03909830813950645
0.03909830918850433
0.03930019152844232
0.039009560159547575
0.039484749388858695
0.03952595127669762
0.036986787976850476
0.036716150040630884
0.037852997768579456
0.037853343809581656
0.03735559149481766
0.03830016789274702
0.03829799919834926
0.03821305043920468
0.03919303573882088
0.037967110958455556
0.035445308774529886
0.035445308249900005
0.03528221648592322
0.03438111603957932
0.03671412040448003
0.03619882042139409
0.03620319277853801
0.03770903860199865
0.04139167608293785
0.040309781654806406
0.03758488446307548
0.03758487715918138
0.037573620347501224
0.03757004617085003
0.0374126950997221
0.03570726121355935
0.034803246031069004
0.034803240787442694
0.03480722913195691
0.034807287789981566
0.03501025831813201
0.034931021473707
0.035097661741726106
0.035097661741726106
0.03509393196676788
0.03516153264571947
0.03538010076951034
0.035379714898827096
0.03532121461919951
0.03394888507615649
0.03394439893673402
0.033791268170911944
0.03379100160061322
0.03379875578973921
0.034071265367069344
0.03396189402283461
0.033959868373594757
0.03385619029168718
0.03385623600081769
0.03385580395771896
0.033801291159798345
0.033638446238923314
0.03336732904352126
0.03619509744750888
0.03601282097708936
0.03620475954165156
0.03627935020899634
0.0362792285464215
0.03448001628114269
0.03461505665218899
0.034614638960476236
0.03482182498238416
0.03482458726146092
0.03482455375603579
0.033708505549132975
0.03370563642620345
0.033713086919834837
0.03340309202613779
0.033038040969459614
0.03274395058360642
0.0335252294950861
0.03352514614080377
0.03290538140743557
0.032904072828538196
0.032894191424197826
0.032253471026266
0.03224449543157286
0.03224449542719877
0.03224470923935927
0.0322446489432969
0.03226063101033824
0.032171329052244665
0.03173835104302732
0.03185015709851183
0.031850165970424046
0.031849940319261964
0.031358200956442615
0.03135820092663964
0.03135809412508952
0.03136988890099272
0.031846189669298586
0.031975477929998275
0.03197547826934298
0.03228780738354767
0.03228221006900715
0.033146984774741255
0.03273199847270247
0.032651438286804446
0.03262705948170352
0.03284459805778386
0.03284459807721624
0.032843137771646345
0.032843745345357576
0.033376812346605646
0.03249491517044154
0.03246716802203763
0.03131504348549175
0.031315317606884316
0.03131531255338848
0.031315296084388614
0.031315102274344954
0.03080466115967384
0.03311788028473027
0.03175637455360627
0.031756392518553125
0.031455964762301857
0.03145596453980663
0.031455929597932
0.031448502816289595
0.02943875128477481
0.029522303969423704
0.029522220589353214
0.029324407344611145
0.030803820231658348
0.03290706230784953
0.0333493949634767
0.033349338348452946
0.03260581583070497
0.03321355775353349
0.03321250347278587
0.031871435158229634
0.03262850650682956
0.0326302219668246
0.032630221966112434
0.03263022196518165
0.03104607025566554
0.03069473763308735
0.030670145448049344
0.030342968667666927
0.030342982436525334
0.030342972621414093
0.030342918590949567
0.030727907129034115
0.031851618106887004
0.03185098512014443
0.03185098028720487
0.031851095188370884
0.031938826364802456
0.031911835815645634
0.03221037721354628
0.03220365507682556
0.03172498417463945
0.032046623193733206
0.03204662313649485
0.032039654173995916
0.03203965389659525
0.03203963528978872
0.031887728641336585
0.03234235974702213
0.033722967339845
0.03364064133064085
0.03339401279059849
0.03342809393247415
0.03342709061590104
0.03212295155578656
0.031851215956198255
0.031933538960894216
0.032451692813025186
0.032446033562553225
0.032446033562553225
0.03243286199947914
0.03243445086995382
0.03243405289314384
0.03221468447326854
0.032214685989174006
0.03219506194336609
0.032194780653014225
0.03218833537127241
0.03391635162453458
0.03389233208793722
0.032312315161948414
0.032311109712446925
0.033015135675904625
0.035594819581998886
0.0359858222140555
0.03598209054326576
0.036443484576833975
0.036247492777947005
0.03624749233258005
0.03805379878238861
0.03808919632400956
0.03775641227936353
0.03752474473951951
0.037524726753855785
0.03642599703968853
0.03642599314559926
0.03642731439741097
0.03642727711701871
0.03567750507513895
0.036756480371443086
0.03675648036851754
0.035492576728723135
0.035492573533867165
0.035492573533867165
0.03549257664354253
0.035404944884235456
0.03630879764755898
0.03579882673915527
0.035110173548732554
0.0359855093898582
0.03587579067367571
0.03581747028422818
0.03561023859249613
0.03561023576081264
0.03561024344328729
0.03620922366085782
0.03689590433644303
0.03679017413472585
0.036790174134702314
0.036642752778324
0.03664002961863501
0.03664001809119118
0.03647381055292178
0.03647372726176728
0.03685676761489812
0.036400654833224466
0.03640060464858943
0.03629271474544101
0.036294170785492394
0.03628309861326419
0.03645054777627774
0.03743456676756149
0.037434622080943815
0.03708694658515253
0.03687342885273478
0.0375482847820096
0.0375482847820096
0.03869741926821526
0.03870317035570737
0.03874431362257289
0.03748613772280814
0.03613343573017701
0.034849119919294264
0.0327719808681048
0.03332176538427259
0.033149075580037
0.03246502639471072
0.03200950586491755
0.03202261212958786
0.03202261208730983
0.033256591843514295
0.03333790219609696
0.033791586724074736
0.03317112428785958
0.03317112420277817
0.03202693174875773
0.032026802295922224
0.0320244007363615
0.032016873908542194
0.03209193420841168
0.031713965667362176
0.03195445860240118
0.03314244981321173
0.033215935771447956
0.03322073929964741
0.03252258152988397
0.0325225815098185
0.032522581510324985
0.03266692001451575
0.03266691429573255
0.03266700270716346
0.033692108402311016
0.03369163114338319
0.033691599562331906
0.03447510489818153
0.034475225028542424
0.03612305471286701
0.03674770620758459
0.03719964425655087
0.03618383255905699
0.03618269719561919
0.036182697865105064
0.036136254661224984
0.03613625263997005
0.036124209417417306
0.03555666009587175
0.03536396882710984
0.035362747958575184
0.03489251594040982
0.03494535026187395
0.0349446508043843
0.034940781961174915
0.034904673419925564
0.03413233746524933
0.03541706984148107
0.037319507204339276
0.037319507204339276
0.041062049081958804
0.040543182488329645
0.038283594615773214
0.03827792630144119
0.0382776790937969
0.03764616034680328
0.0386842745375149
0.038661405264277825
0.03866139444576688
0.03866137739594483
0.03865985093649143
0.03827682965674676
0.03827669094011915
0.03828284511928708
0.03612968656521321
0.034516283855954025
0.03453664835726264
0.03413602091799228
0.03421851634183309
0.03422470853600948
0.034231030824093144
0.03306773839917314
0.03321714604540591
0.03348172430717734
0.03348172430717734
0.032650322984109484
0.033023702235149256
0.03348179199564296
0.033481607614225785
0.033480714281756196
0.03408878675304777
0.03378697638293057
0.033503796505398684
0.032902370245618345
0.03288540837483548
0.03289452521363731
0.034383208802448315
0.034383202907967925
0.03438320066744479
0.03420260524372211
0.03414454475959401
0.034045390993398615
0.03485391104346593
0.03502795260789882
0.03502507407264943
0.03502507335248517
0.0350253877267443
0.034888586540788254
0.0350921597400156
0.035677513773457334
0.03517050505392879
0.03499194728386564
0.03473588187946918
0.0347324986329111
0.03470478089787177
0.034436435453070596
0.03443642059859957
0.034435831581221224
0.03443583111570818
0.03493629753263367
0.03446711770130275
0.034700804793533574
0.033199194691066594
0.0327939966664231
0.032123737419979426
0.032144163613426514
0.032143084594464945
0.032143084594465444
0.032955023363009324
0.03471490759003303
0.03584143820223106
0.03584383378338745
0.03393266467762208
0.03392044422308425
0.03449641177524094
0.03482445943740614
0.03482445942241444
0.03519993538860169
0.03519993538860169
0.03515159643903173
0.03380842503477663
0.03393645250708809
0.033915927736309456
0.033529092284771134
0.032223586927028876
0.03203266379967662
0.031133437992539367
0.031218489960218313
0.031250241790892794
0.03126468843724205
0.031264688372946034
0.03126474384017468
0.03126462180276194
0.031514748763307635
0.03151424692498916
0.03151401298246678
0.03230968840762328
0.03230968840652166
0.032042554650939206
0.033110870171545
0.03311062416524659
0.03325685990464663
0.03325749867893179
0.03288644987370595
0.03278723782001952
0.032776573087291865
0.031706343868348086
0.03132267349759309
0.030949975490674794
0.03096363864420418
0.030870851087565897
0.03225756066903844
0.0332552326582821
0.033236411093037106
0.03320331281429592
0.03320331281446252
0.033233225585081835
0.033226520456746296
0.0330715255496346
0.03329573549282183
0.0332957146548965
0.03279451456377156
0.03231681369760211
0.03231711997766558
0.032449171154936944
0.03240371681146483
0.03218770724524176
0.03391152543958649
0.03374816588816546
0.033745691229933844
0.03360974182345036
0.032981229941819644
0.032921935105046644
0.03242623791800706
0.037159684514051106
0.03651855401579778
0.036518368286764274
0.03324884678193281
0.03324884873068481
0.033956288304678575
0.03297223257075968
0.032972165773545364
0.032972157091810776
0.032850744408834495
0.03285073688895322
0.03203186921711409
0.03203194897549716
0.03365396759232311
0.033653920558015846
0.03364982353250284
0.03377420334396603
0.03377324745327543
0.03379329339932819
0.03379322964738876
0.03751053319462567
0.037227401802313834
0.03418228035236444
0.0345424947763292
0.0328806886100582
0.032880659988021456
0.03329365628648436
0.03230223824346301
0.031869439271675404
0.03185970614483549
0.03185969678178632
0.03190143068198186
0.032605226122706346
0.03161491539164722
0.031661671833643094
0.03166148050310366
0.03183052375121878
0.03183051660502764
0.031498144930222904
0.033665740695812386
0.03410568403986781
0.03405722092297194
0.034024264032818156
0.033075821364124264
0.03285872056615028
0.034152491590829274
0.03590484198187301
0.03303108232352113
0.033050414932729894
0.030883693754495647
0.030883693768029075
0.030917857808838288
0.03096312893867627
0.030963111557287527
0.029547822780874748
0.029300002837305987
0.029279050831888555
0.029233812090348085
0.029386151976852178
0.03008373809292856
0.02924359539731088
0.029637951272161712
0.029636941013843274
0.029596508138443216
0.02954752862275209
0.029573957911154483
0.02957106113367971
0.029183181854376416
0.029143763000052825
0.03069443434224648
0.03013331068025761
0.03035400755334919
0.030353899582083635
0.029067488118998758
0.029067491207740662
0.029033356592617656
0.029526566192885424
0.029825061609815556
0.029194092367218163
0.02919409236705002
0.02915406683772389
0.029304114117190652
0.029304207016507263
0.029315484046421668
0.029818893832620028
0.029419938319718387
0.029419938319718387
0.02932508716377177
0.029490097174734147
0.029654383016487727
0.029685243727287623
0.029630875059983994
0.02977887992902729
0.030031045778218128
0.03041649369944646
0.030192709226368675
0.031368163270622175
0.03136189760405746
0.031334501522059265
