0.03365384615384615
0.1451923076923077
0.22403846153846155
0.22884615384615384
0.1971153846153846
0.28846153846153844
0.29903846153846153
0.33365384615384613
0.37403846153846154
0.3855769230769231
0.3923076923076923
0.3798076923076923
0.3875
0.4182692307692308
0.44519230769230766
0.42115384615384616
0.4288461538461538
0.43365384615384617
0.4576923076923077
0.43173076923076925
0.4048076923076923
0.3875
0.4125
0.4048076923076923
0.4653846153846154
0.4576923076923077
0.4721153846153846
0.42980769230769234
0.4807692307692308
0.5221153846153846
0.49615384615384617
0.4846153846153846
0.46057692307692305
0.49230769230769234
0.5144230769230769
0.4480769230769231
0.5192307692307693
0.5192307692307693
0.5394230769230769
0.5144230769230769
0.5096153846153846
0.5317307692307692
0.5721153846153846
0.551923076923077
0.5673076923076923
0.5625
0.5778846153846153
0.5711538461538461
0.551923076923077
0.5644230769230769
0.5615384615384615
0.5923076923076923
0.5798076923076924
0.5403846153846154
0.5721153846153846
0.5759615384615384
0.5980769230769231
0.6278846153846154
0.6086538461538461
0.6067307692307692
0.6125
0.5875
0.6009615384615384
0.5836538461538462
0.6048076923076923
0.6086538461538461
0.6115384615384616
0.625
0.5865384615384616
0.6028846153846154
0.6105769230769231
0.5951923076923077
0.5865384615384616
0.6067307692307692
0.6394230769230769
0.6548076923076923
0.6278846153846154
0.6288461538461538
0.6221153846153846
0.6201923076923077
0.6
0.6413461538461539
0.6432692307692308
0.6307692307692307
0.6413461538461539
0.6115384615384616
0.6096153846153847
0.6134615384615385
0.6240384615384615
0.6307692307692307
0.6490384615384616
0.6423076923076924
0.6442307692307693
0.6451923076923077
0.6173076923076923
0.6442307692307693
0.6471153846153846
0.6461538461538462
0.6019230769230769
0.6317307692307692
0.6028846153846154
0.6298076923076923
0.6692307692307692
0.6884615384615385
0.6596153846153846
0.6576923076923077
0.6576923076923077
0.6932692307692307
0.6836538461538462
0.6711538461538461
0.6865384615384615
0.6663461538461538
0.6307692307692307
0.6788461538461539
0.6884615384615385
0.6740384615384616
0.6336538461538461
0.6384615384615384
0.6759615384615385
0.6625
0.6240384615384615
0.5932692307692308
0.6548076923076923
0.6682692307692307
0.6855769230769231
0.6855769230769231
0.6730769230769231
0.6653846153846154
0.676923076923077
0.6836538461538462
0.6942307692307692
0.6884615384615385
0.6490384615384616
0.675
0.676923076923077
0.675
0.6846153846153846
0.6740384615384616
0.6759615384615385
0.6221153846153846
0.6788461538461539
0.6778846153846154
0.6875
0.6817307692307693
0.6836538461538462
0.698076923076923
0.6903846153846154
0.6663461538461538
0.6875
0.6865384615384615
0.6663461538461538
0.6586538461538461
0.6365384615384615
0.6365384615384615
0.65
0.6605769230769231
0.6701923076923076
0.6942307692307692
0.6682692307692307
0.676923076923077
0.6875
0.6653846153846154
0.676923076923077
0.6682692307692307
0.6192307692307693
0.6653846153846154
0.6846153846153846
0.6576923076923077
0.6288461538461538
0.6557692307692308
0.6432692307692308
0.6644230769230769
0.6625
0.6538461538461539
0.6836538461538462
0.6730769230769231
0.6682692307692307
0.6413461538461539
0.6586538461538461
0.6759615384615385
0.6913461538461538
0.6788461538461539
0.675
0.675
0.6740384615384616
0.6798076923076923
0.6721153846153847
0.6855769230769231
0.6778846153846154
0.6490384615384616
0.6798076923076923
0.6730769230769231
0.6682692307692307
0.6884615384615385
0.6711538461538461
0.6730769230769231
0.6865384615384615
0.6673076923076923
0.6701923076923076
0.6788461538461539
0.6326923076923077
0.6701923076923076
0.6778846153846154
0.6942307692307692
0.6730769230769231
0.6875
0.7038461538461539
0.7019230769230769
0.7009615384615384
0.7019230769230769
0.7057692307692308
0.7009615384615384
0.6682692307692307
0.6807692307692308
0.7048076923076924
0.7086538461538462
0.6807692307692308
0.6826923076923077
0.6971153846153846
0.7086538461538462
0.6625
0.6461538461538462
0.7038461538461539
0.6990384615384615
0.6875
0.6855769230769231
0.7019230769230769
0.6971153846153846
0.7
0.7009615384615384
0.6990384615384615
0.7038461538461539
0.6836538461538462
0.6932692307692307
0.7028846153846153
0.6951923076923077
0.6961538461538461
0.6865384615384615
0.6855769230769231
0.6625
0.6903846153846154
0.6894230769230769
0.6961538461538461
0.6788461538461539
0.6942307692307692
0.7076923076923077
0.7009615384615384
0.6903846153846154
0.6817307692307693
0.6961538461538461
0.6846153846153846
0.6942307692307692
0.6711538461538461
0.6586538461538461
0.6884615384615385
0.6663461538461538
0.6875
0.6855769230769231
0.6903846153846154
0.6836538461538462
0.7038461538461539
0.6913461538461538
0.7009615384615384
0.6807692307692308
0.6711538461538461
0.6894230769230769
0.698076923076923
0.6865384615384615
0.6653846153846154
0.6701923076923076
0.6682692307692307
0.6903846153846154
0.6913461538461538
0.676923076923077
0.6923076923076923
0.6846153846153846
0.6942307692307692
0.6711538461538461
0.6644230769230769
0.6855769230769231
0.6894230769230769
0.6865384615384615
0.6875
0.6932692307692307
0.6836538461538462
0.6798076923076923
0.6923076923076923
0.6903846153846154
0.6730769230769231
0.6451923076923077
0.6836538461538462
0.6701923076923076
0.6903846153846154
0.6932692307692307
0.6884615384615385
0.6971153846153846
0.6951923076923077
0.6961538461538461
0.6836538461538462
0.6913461538461538
0.6701923076923076
0.6798076923076923
0.6798076923076923
0.6923076923076923
0.6990384615384615
0.7
0.7076923076923077
0.7163461538461539
0.7125
0.6990384615384615
0.7105769230769231
0.6730769230769231
0.6625
0.6807692307692308
0.6884615384615385
0.6759615384615385
0.6730769230769231
0.6865384615384615
0.6961538461538461
0.6951923076923077
0.6971153846153846
0.6653846153846154
0.6875
0.6894230769230769
0.6951923076923077
0.7028846153846153
0.6990384615384615
0.7115384615384616
0.7057692307692308
0.7125
0.7192307692307692
0.7105769230769231
0.6951923076923077
0.7086538461538462
0.725
0.7028846153846153
0.7086538461538462
0.6961538461538461
0.6913461538461538
0.6798076923076923
0.6942307692307692
0.7
0.7067307692307693
0.7038461538461539
0.7
0.7201923076923077
0.7028846153846153
0.7057692307692308
0.7038461538461539
0.7028846153846153
0.6865384615384615
0.6932692307692307
0.6923076923076923
0.6826923076923077
0.6990384615384615
0.6923076923076923
0.7019230769230769
0.7067307692307693
0.7076923076923077
0.7105769230769231
0.7144230769230769
0.7211538461538461
0.7240384615384615
0.7153846153846154
0.6807692307692308
0.7067307692307693
0.6932692307692307
0.7
0.6519230769230769
0.6961538461538461
0.6855769230769231
0.7048076923076924
0.7057692307692308
0.6971153846153846
0.7144230769230769
0.7115384615384616
0.7163461538461539
0.7028846153846153
0.6884615384615385
0.6884615384615385
0.7192307692307692
0.7230769230769231
0.7298076923076923
0.7278846153846154
0.7307692307692307
0.7192307692307692
0.7259615384615384
0.7240384615384615
0.7201923076923077
0.7
0.7259615384615384
0.7163461538461539
0.7173076923076923
0.7221153846153846
0.7163461538461539
0.7221153846153846
0.7278846153846154
0.7269230769230769
0.7230769230769231
0.7288461538461538
0.7173076923076923
