0.046153846153846156
0.14807692307692308
0.20384615384615384
0.20961538461538462
0.19326923076923078
0.2846153846153846
0.275
0.3269230769230769
0.3596153846153846
0.375
0.375
0.36538461538461536
0.3798076923076923
0.39326923076923076
0.41346153846153844
0.37884615384615383
0.39134615384615384
0.4096153846153846
0.4461538461538462
0.3923076923076923
0.37115384615384617
0.3769230769230769
0.39807692307692305
0.4096153846153846
0.4394230769230769
0.42403846153846153
0.46153846153846156
0.39326923076923076
0.44903846153846155
0.4894230769230769
0.4576923076923077
0.475
0.4480769230769231
0.46923076923076923
0.475
0.43846153846153846
0.5173076923076924
0.5038461538461538
0.5451923076923076
0.5096153846153846
0.5048076923076923
0.5192307692307693
0.5634615384615385
0.5307692307692308
0.5625
0.55
0.5788461538461539
0.5548076923076923
0.5490384615384616
0.5615384615384615
0.5615384615384615
0.5480769230769231
0.5336538461538461
0.5317307692307692
0.55
0.5817307692307693
0.6038461538461538
0.6278846153846154
0.6153846153846154
0.5894230769230769
0.5942307692307692
0.5875
0.5923076923076923
0.5548076923076923
0.5769230769230769
0.5913461538461539
0.5923076923076923
0.5711538461538461
0.5423076923076923
0.5605769230769231
0.5634615384615385
0.5769230769230769
0.5701923076923077
0.5961538461538461
0.5980769230769231
0.6259615384615385
0.6115384615384616
0.6
0.6125
0.6009615384615384
0.6086538461538461
0.6211538461538462
0.614423076923077
0.625
0.6211538461538462
0.6048076923076923
0.6
0.6326923076923077
0.5961538461538461
0.6134615384615385
0.6259615384615385
0.6240384615384615
0.6230769230769231
0.6201923076923077
0.6336538461538461
0.6211538461538462
0.6375
0.6153846153846154
0.5951923076923077
0.5990384615384615
0.614423076923077
0.6307692307692307
0.6326923076923077
0.6615384615384615
0.6576923076923077
0.6692307692307692
0.6701923076923076
0.6807692307692308
0.6817307692307693
0.6807692307692308
0.6846153846153846
0.6451923076923077
0.6548076923076923
0.6740384615384616
0.6596153846153846
0.6326923076923077
0.6538461538461539
0.6557692307692308
0.6673076923076923
0.6557692307692308
0.6096153846153847
0.5865384615384616
0.6605769230769231
0.6538461538461539
0.6692307692307692
0.65
0.6759615384615385
0.6548076923076923
0.6663461538461538
0.676923076923077
0.6778846153846154
0.6865384615384615
0.6682692307692307
0.6663461538461538
0.6673076923076923
0.6634615384615384
0.6673076923076923
0.6538461538461539
0.6480769230769231
0.6115384615384616
0.6346153846153846
0.6432692307692308
0.6509615384615385
0.6519230769230769
0.6788461538461539
0.6740384615384616
0.6673076923076923
0.6461538461538462
0.6519230769230769
0.6538461538461539
0.6471153846153846
0.6528846153846154
0.6038461538461538
0.6461538461538462
0.635576923076923
0.6163461538461539
0.6548076923076923
0.6471153846153846
0.6701923076923076
0.676923076923077
0.675
0.6605769230769231
0.6576923076923077
0.6644230769230769
0.6365384615384615
0.6576923076923077
0.6528846153846154
0.6394230769230769
0.6336538461538461
0.6557692307692308
0.6403846153846153
0.6403846153846153
0.6548076923076923
0.6673076923076923
0.6721153846153847
0.6615384615384615
0.6586538461538461
0.6663461538461538
0.6519230769230769
0.6307692307692307
0.6596153846153846
0.6615384615384615
0.6663461538461538
0.6663461538461538
0.65
0.6557692307692308
0.6557692307692308
0.6692307692307692
0.6673076923076923
0.6461538461538462
0.6884615384615385
0.6673076923076923
0.6778846153846154
0.6730769230769231
0.6682692307692307
0.6682692307692307
0.6711538461538461
0.6625
0.6586538461538461
0.6682692307692307
0.6605769230769231
0.6903846153846154
0.6836538461538462
0.6951923076923077
0.6778846153846154
0.6740384615384616
0.6855769230769231
0.7028846153846153
0.6971153846153846
0.6971153846153846
0.6740384615384616
0.6615384615384615
0.6471153846153846
0.6653846153846154
0.6846153846153846
0.6788461538461539
0.6605769230769231
0.6740384615384616
0.6932692307692307
0.6961538461538461
0.6971153846153846
0.6394230769230769
0.6894230769230769
0.6711538461538461
0.675
0.6740384615384616
0.6798076923076923
0.6778846153846154
0.6836538461538462
0.7
0.6884615384615385
0.6961538461538461
0.6942307692307692
0.6788461538461539
0.6903846153846154
0.6894230769230769
0.6817307692307693
0.6836538461538462
0.6596153846153846
0.6432692307692308
0.6778846153846154
0.6913461538461538
0.6971153846153846
0.6875
0.6903846153846154
0.6951923076923077
0.6846153846153846
0.6807692307692308
0.675
0.6903846153846154
0.6884615384615385
0.6894230769230769
0.6634615384615384
0.6788461538461539
0.6701923076923076
0.6673076923076923
0.676923076923077
0.676923076923077
0.6778846153846154
0.6855769230769231
0.6923076923076923
0.7009615384615384
0.6923076923076923
0.6788461538461539
0.6586538461538461
0.6846153846153846
0.6961538461538461
0.6711538461538461
0.6442307692307693
0.6788461538461539
0.6490384615384616
0.6826923076923077
0.6846153846153846
0.6625
0.6711538461538461
0.6586538461538461
0.6759615384615385
0.6759615384615385
0.6846153846153846
0.6913461538461538
0.6923076923076923
0.6817307692307693
0.6903846153846154
0.6826923076923077
0.676923076923077
0.6798076923076923
0.6923076923076923
0.6778846153846154
0.6730769230769231
0.6567307692307692
0.6846153846153846
0.6605769230769231
0.6798076923076923
0.6778846153846154
0.676923076923077
0.676923076923077
0.6778846153846154
0.676923076923077
0.6807692307692308
0.6788461538461539
0.6519230769230769
0.6663461538461538
0.6951923076923077
0.7028846153846153
0.6826923076923077
0.676923076923077
0.6846153846153846
0.6913461538461538
0.6932692307692307
0.7076923076923077
0.6990384615384615
0.7086538461538462
0.6673076923076923
0.6875
0.7144230769230769
0.6951923076923077
0.6663461538461538
0.6990384615384615
0.7009615384615384
0.7048076923076924
0.6961538461538461
0.6875
0.7009615384615384
0.7038461538461539
0.7009615384615384
0.7067307692307693
0.7009615384615384
0.7096153846153846
0.698076923076923
0.7086538461538462
0.7028846153846153
0.7125
0.7163461538461539
0.7038461538461539
0.7
0.6932692307692307
0.6942307692307692
0.6807692307692308
0.7115384615384616
0.6692307692307692
0.6865384615384615
0.6942307692307692
0.7163461538461539
0.7057692307692308
0.7057692307692308
0.7096153846153846
0.7067307692307693
0.7048076923076924
0.6990384615384615
0.6903846153846154
0.6903846153846154
0.6913461538461538
0.6855769230769231
0.6625
0.6836538461538462
0.6788461538461539
0.6865384615384615
0.6913461538461538
0.6961538461538461
0.6990384615384615
0.6971153846153846
0.6951923076923077
0.7028846153846153
0.6971153846153846
0.6711538461538461
0.6884615384615385
0.6913461538461538
0.6817307692307693
0.6451923076923077
0.6894230769230769
0.6682692307692307
0.698076923076923
0.698076923076923
0.675
0.6913461538461538
0.6653846153846154
0.6894230769230769
0.6721153846153847
0.675
0.6615384615384615
0.7076923076923077
0.7076923076923077
0.7134615384615385
0.7125
0.7153846153846154
0.7125
0.7038461538461539
0.7086538461538462
0.7096153846153846
0.6826923076923077
0.6971153846153846
0.7048076923076924
0.6990384615384615
0.7009615384615384
0.7038461538461539
0.7067307692307693
0.7076923076923077
0.7134615384615385
0.7067307692307693
0.7038461538461539
0.6855769230769231
