0.04519230769230769
0.15865384615384615
0.16346153846153846
0.23365384615384616
0.27307692307692305
0.2759615384615385
0.2903846153846154
0.27692307692307694
0.34615384615384615
0.36730769230769234
0.32211538461538464
0.32211538461538464
0.3605769230769231
0.3596153846153846
0.375
0.30480769230769234
0.39807692307692305
0.45865384615384613
0.4528846153846154
0.4567307692307692
0.4548076923076923
0.44711538461538464
0.44326923076923075
0.44711538461538464
0.41634615384615387
0.44903846153846155
0.45576923076923076
0.4807692307692308
0.4307692307692308
0.45
0.4721153846153846
0.4875
0.475
0.4701923076923077
0.4653846153846154
0.4653846153846154
0.4894230769230769
0.5057692307692307
0.4875
0.4980769230769231
0.5153846153846153
0.5163461538461539
0.5317307692307692
0.5153846153846153
0.5346153846153846
0.5057692307692307
0.49903846153846154
0.5028846153846154
0.5211538461538462
0.5259615384615385
0.4971153846153846
0.5240384615384616
0.5125
0.5567307692307693
0.5528846153846154
0.5625
0.5701923076923077
0.5615384615384615
0.6019230769230769
0.5432692307692307
0.551923076923077
0.5759615384615384
0.5644230769230769
0.5644230769230769
0.5769230769230769
0.5692307692307692
0.575
0.5605769230769231
0.6096153846153847
0.5625
0.5461538461538461
0.5557692307692308
0.5576923076923077
0.5778846153846153
0.5961538461538461
0.6028846153846154
0.5625
0.6269230769230769
0.6038461538461538
0.5894230769230769
0.5961538461538461
0.6105769230769231
0.6019230769230769
0.6269230769230769
0.5961538461538461
0.6
0.5865384615384616
0.625
0.6076923076923076
0.6076923076923076
0.5778846153846153
0.6278846153846154
0.6288461538461538
0.6413461538461539
0.6346153846153846
0.6403846153846153
0.6153846153846154
0.6240384615384615
0.6336538461538461
0.6230769230769231
0.6230769230769231
