0.4636108907468906
0.046475136802802956
0.0454684257385478
0.0390483302049827
0.04225992295239764
0.04009663793278699
0.037757274101688734
0.04071624220035084
0.0345390841806044
0.03355351740007854
0.036306465194317385
0.03340595220158184
0.03232315679971842
0.037911780848475345
0.03678995665194949
0.04459375840742645
0.03622928623235773
0.031014759241650244
0.028080934418813874
0.027572910104682564
0.029516500358038447
0.02823665584796074
0.029258021892296003
0.03182477000272348
0.031313019784097326
0.030566518783603596
0.03247286322870599
0.0287393709469433
0.03141176209333415
0.033505225926387584
0.029694046439009147
0.02881041423842225
0.028993865654181727
0.030562049346647687
0.03130361011120319
0.03300467406327176
0.029882745949685853
0.03250017691920873
0.027758173763411356
0.028757184265560568
0.028901509417656925
0.025706465912053167
0.026563073047984862
0.026066676740717245
0.02656040422172214
0.027585897009195483
0.02795462754374166
0.027251371411861146
0.030574076176445274
0.026093521181583607
0.02794392673753707
0.02810594115230784
0.02830185012887899
0.02507908379092572
0.02507515520885781
0.024581923457709154
0.024237519236251982
0.025552888352036993
0.02584223944817138
0.025960615714907917
0.028051920658558605
0.024660911679848768
0.025459086748462763
0.027679866481370077
0.025673341409946156
0.02512610695623759
0.02520833872924065
0.026912809508447825
0.025502566606612088
0.024706821556251028
0.027071262499458782
0.027415786969862067
0.02709718974042112
0.024499601992000127
0.026465032730685845
0.023483485061919416
0.030017822665007292
0.023836679637401326
0.022758420433843726
0.024893468056475954
0.02318828355095318
0.02318167388703605
0.023739620766873276
0.0232816980926843
0.02319999556666865
0.022745766135071146
0.02244345365239609
0.023025651083996537
0.022537264819854453
0.022448690226878728
0.02673805220868894
0.0246414997897497
0.023228495249415837
0.022341221047675025
0.021875512076080263
0.022192821084193355
0.02273442678408862
0.02307385505904209
0.023629896637217346
0.024823925182238606
0.021570815653528776
