0.025
0.17307692307692307
0.15096153846153845
0.23365384615384616
0.23653846153846153
0.24134615384615385
0.3125
0.33365384615384613
0.36346153846153845
0.3769230769230769
0.34326923076923077
0.4153846153846154
0.42403846153846153
0.43365384615384617
0.43173076923076925
0.4442307692307692
0.4182692307692308
0.4778846153846154
0.47596153846153844
0.47884615384615387
0.45865384615384613
0.5125
0.49230769230769234
0.5086538461538461
0.5192307692307693
0.5153846153846153
0.5
0.5115384615384615
0.5269230769230769
0.5490384615384616
0.5596153846153846
0.5432692307692307
0.5538461538461539
0.573076923076923
0.6096153846153847
0.5836538461538462
0.5836538461538462
0.5711538461538461
0.5836538461538462
0.6057692307692307
0.6240384615384615
0.6336538461538461
0.6346153846153846
0.6326923076923077
0.6413461538461539
0.6307692307692307
0.6192307692307693
0.6163461538461539
0.6384615384615384
0.6519230769230769
0.6557692307692308
0.6586538461538461
0.6586538461538461
0.6528846153846154
0.6576923076923077
0.6653846153846154
0.6634615384615384
0.6682692307692307
0.6730769230769231
0.6701923076923076
0.676923076923077
0.6673076923076923
0.6634615384615384
0.6673076923076923
0.6788461538461539
0.6605769230769231
0.6615384615384615
0.6634615384615384
0.6730769230769231
0.6740384615384616
0.6596153846153846
0.6682692307692307
0.6625
0.6884615384615385
0.7
0.6932692307692307
0.6961538461538461
0.6932692307692307
0.7028846153846153
0.6884615384615385
0.6903846153846154
0.6836538461538462
0.6923076923076923
0.6951923076923077
0.675
0.6875
0.6932692307692307
0.6961538461538461
0.7038461538461539
0.7028846153846153
0.7057692307692308
0.7192307692307692
0.7163461538461539
0.7144230769230769
0.7182692307692308
0.7153846153846154
0.7115384615384616
0.7221153846153846
0.7201923076923077
0.7230769230769231
0.7144230769230769
