0.46015654252308197
0.047627233259920854
0.03946189996661741
0.03803695412412056
0.03512294513911372
0.0354146628450582
0.033381182472859566
0.03234156731171056
0.03291889022841688
0.03421197061964709
0.031053462611489113
0.030288699486176424
0.030043558733160242
0.028765703155168108
0.027716606927588656
0.029202640565577476
0.029250963158175998
0.026383494653664456
0.025993457148352873
0.026742259992102904
0.025907849716532812
0.02525208577123011
0.024489725620982644
0.024101555081955547
0.026878680964691655
0.02513152395835439
0.0248924421218035
0.023731643360536625
0.022864059393400398
0.023227839424872606
0.021938864306066237
0.022327010314726142
0.021308198644360076
0.021563163202361003
0.02198548774982504
0.021991473771423253
0.022183944629536368
0.02266454418886518
0.0218395644520708
0.02164024384945553
0.023409355063112407
0.022482830151757904
0.023168972365678688
0.022325308689732253
0.02121657761852185
0.021513589186917186
0.02163848495171267
0.020100846456930162
0.020509732828879766
0.01979691907657128
0.0199091595166683
0.01959655291062272
0.01957829723271764
0.01935405451445494
0.019169576518832793
0.01947099028421137
0.018833650860262684
0.018861062917226785
0.019256278439257882
0.02002064526415525
0.01998241844387283
0.021354689203929567
0.019072180239738744
0.01847088051711661
0.01912675518613479
0.019314261156868465
0.019046420858803433
0.018783178792827544
0.019169968695336628
0.018351241058366385
0.01849192826583227
0.01770548640811337
0.0177812025809638
0.0180319463589955
0.018504652036399595
0.018082964668762063
0.01783736310196158
0.017894515988934896
0.018486604573072184
0.0188703967218014
0.0186575188318348
0.019368094074208163
0.017878658236058623
0.01914173702926184
0.01758548336447779
0.017990376542243215
0.017790741436216628
0.017468192583921457
0.017205130560255764
0.017247474814221484
0.017574750072356256
0.019250503425177316
0.01930367697752614
0.018918562524129177
0.019446644732148632
0.01911531974826713
0.01849446295345979
0.01845212735575531
0.018017847590733476
0.017652653086939665
0.01829884015656513
0.01851055747616824
0.01747985256494208
0.017959849282757324
0.01744500645972207
0.017603280937984793
0.017534943491046534
0.017240481782822597
0.017179413371876288
0.01793233130586276
0.017052185513659297
0.01651813882471524
0.01646232470128452
0.017150931733398028
0.01700120117571597
0.01667014047252963
0.01783148873461196
0.01704277026119495
0.016954616641590082
0.016820810434827447
0.017096311538383816
0.01709675574921342
0.017364919574083308
0.01699770178684431
0.018324053685098943
0.01782618658841916
0.0173500513826023
0.017569076639729734
0.017009144200958996
0.01722792788472886
0.01663162562713526
0.01675451674486927
0.016742020378107087
0.016404771072694727
0.016706544374515478
0.016826136539136116
0.016611573869421775
0.017723828488072923
0.01693630971629468
0.01686443545919933
0.017605548391166483
0.01790232950630951
0.01847796124416343
0.01727386145260369
0.01677809105040767
0.017088873476537234
0.017661831298088643
0.016648380361396892
0.016746344130362405
0.016374271192331643
0.016469564319355486
0.01621530354800163
0.01641044346083214
0.016198767940127038
0.01626007431940952
0.016169605974976083
0.015963833374256817
0.01581951701484239
0.016140130279291183
0.0163790503612508
0.01646673830936651
0.017429725561179166
0.016404255391159056
0.016009560151763823
0.016085905422491796
0.01651777364456458
0.01617547830563569
0.016252583153009387
0.016234802985689186
0.01570840621030001
0.015936068258891836
0.015434104525894592
0.015548821810585334
0.015791629538910237
0.01616428342833831
0.0160441209717178
0.01579086694988701
0.015778891700592792
0.015951956211864245
0.016162807676685875
0.016291103252145857
0.016716178201448627
0.015893920413455578
0.01638196765995244
0.015608593932669898
0.01602960052338633
0.016012795770615162
0.01596593579302241
0.015788798362203017
0.015993516918487292
0.01627751830343843
0.017552671880527598
0.01775795419494218
0.017749874126153326
0.017323533172628858
0.01760910965631486
0.01735143331050491
0.0166320005347445
0.01662434915904088
0.016341489823914035
0.016581025858088422
0.016875067266356035
0.01628796563665114
0.01685861796747359
0.016334496580747017
0.016442227807919204
0.01645893062064872
0.016296810449494416
0.016352467373441648
0.016916018869623024
0.016119037034742777
0.015560912854242898
0.01552628328152274
0.015967863177673007
0.015903982305861805
0.01571245846386262
0.016618632417800185
0.015862923224058755
0.0158760025987857
0.015880807851328282
0.016009804758658836
0.015952377340630174
0.01625521781959835
0.01605419105217412
0.016913314786725746
0.016682440692233617
0.016084321833370604
0.01644570321241697
0.016110750961723985
0.016485450301251568
0.016034441169844985
0.0160181510090128
0.016008140674800435
0.015854870584335726
0.01627214701592832
0.01631687227542903
0.01596817832396558
0.0172047751828521
0.016445024704388144
0.016333674163820908
0.016868841467938087
0.01703379892457771
0.017808601453454767
0.016735363101583103
0.01610043488057043
0.01625595523680928
0.016965899153018073
0.01614718411850268
0.016201803995817676
0.016001764133420526
0.01607750009526711
0.0158078202211973
0.015912675782906626
0.015710966073520998
0.015805342904447715
0.01573539870684632
0.015568665439638587
0.015413868459120213
0.015671504192509674
0.01583882657149785
0.01591159656040928
0.016794493486143557
0.016187862939387062
0.015787108865344766
0.015800272410078683
0.016101568110480767
0.015819646780371083
0.01588246777548328
0.01579402077599511
0.015347515405962556
0.015538100628040721
0.015116871036610498
0.015198522845645589
0.015354012681919112
0.015783831944353587
0.01576135266171551
0.01555355291462384
0.015517096834297169
0.015537687916448764
0.015668302965460568
0.0158244525991309
0.01612834081135626
0.015629007957722856
0.015821999963674435
0.015371496277774172
0.015723157673395844
0.015827523316037748
0.01566451500282627
0.015602484049168905
0.0158106759291003
0.01615672327853419
0.017192268184850472
0.01727937743332285
0.01757994387104274
0.016724226187357874
0.01709017568299915
0.017091920239978818
0.016258008944590303
0.016306246430829577
0.015965227931355745
0.016108002500545743