0.4642452231944269
0.06355003662523194
0.06475128500896447
0.05541611347812267
0.05642544368238829
0.053971831600817914
0.05259402533753012
0.054064417854735425
0.04556690294692454
0.043737770667393
0.04829855208247274
0.04531496992175923
0.04533113070415064
0.05091183100278398
0.04920582712545988
0.05990997176666639
0.05041867808086258
0.039696515545829175
0.036428668484721434
0.034849490245828854
0.036957984969950786
0.03734900792565223
0.03882531810313796
0.04124504303011894
0.045469618653295345
0.04298167631321794
0.040739346235213594
0.035823351003382985
0.039072583327011405
0.04126745746226179
0.035063905756572554
0.03595014306966063
0.03764829596801196
0.038278557728504504
0.04135390465430494
0.03974367061504801
0.03841376417382998
0.038317550997530016
0.03615009410133866
0.035847889392809994
0.03504442272716702
0.03479359918262425
0.035417092030073274
0.03607336269387995
0.03430281308263459
0.03758405196343245
0.039767115415303006
0.03613341946066373
0.0410380855112811
0.03392299147482525
0.03681877824067113
0.03428330756019951
0.03542350039621678
0.031656893645921474
0.03194122833189799
0.0303631603126398
0.03177608471271905
0.036102898719119224
0.03282854790646669
0.03580788826245193
0.03402827569327446
0.033344709426913095
0.033051677072821715
0.033335791932144365
0.032483804886703715
0.03142753263189367
0.0306038248755261
0.03425750928700608
0.03074466105685122
0.032785534868587235
0.03681653887180156
0.03423976727952289
0.032671205716360896
0.030803342367143095
0.02955616668137768
0.029420484730922396
0.035890136861885434
0.02919389228114132
0.029490458548918925
0.029928124184406647
0.029048674370056923
0.03148752097202297
0.032717439689414166
0.029390495411986323
0.03014169771754489
0.030003983114974365
0.030286678281854166
0.026993185844254617
0.02811294396250868
0.027468750551201765
0.03360951240377147
0.031133248998831273
0.0302910000656954
0.02934960028489051
0.028838283122118745
0.026552441037728226
0.030730077975581613
0.029167036307051794
0.029951536433845537
0.030730219578545544
0.02956639745419882
