0.04423076923076923
0.1519230769230769
0.14615384615384616
0.1951923076923077
0.24519230769230768
0.2528846153846154
0.26826923076923076
0.24519230769230768
0.30288461538461536
0.34326923076923077
0.32884615384615384
0.3375
0.37884615384615383
0.3403846153846154
0.36923076923076925
0.3269230769230769
0.38461538461538464
0.40673076923076923
0.4442307692307692
0.44519230769230766
0.46442307692307694
0.4634615384615385
0.44519230769230766
0.44903846153846155
0.44519230769230766
0.4403846153846154
0.43653846153846154
0.5009615384615385
0.47884615384615387
0.4798076923076923
0.45576923076923076
0.4798076923076923
0.4980769230769231
0.48653846153846153
0.44326923076923075
0.42596153846153845
0.4807692307692308
0.4701923076923077
0.4980769230769231
0.48173076923076924
0.5076923076923077
0.5240384615384616
0.5125
0.525
0.5384615384615384
0.5278846153846154
0.5490384615384616
0.4971153846153846
0.5028846153846154
0.5307692307692308
0.5211538461538462
0.5163461538461539
0.5480769230769231
0.5634615384615385
0.5471153846153847
0.5682692307692307
0.5817307692307693
0.5673076923076923
0.5721153846153846
0.5769230769230769
0.5423076923076923
0.551923076923077
0.5701923076923077
0.5548076923076923
0.5375
0.5509615384615385
0.5759615384615384
0.5509615384615385
0.5971153846153846
0.5653846153846154
0.5432692307692307
0.5846153846153846
0.5442307692307692
0.5961538461538461
0.5865384615384616
0.5903846153846154
0.5615384615384615
0.5980769230769231
0.5971153846153846
0.5865384615384616
0.5567307692307693
0.5865384615384616
0.5567307692307693
0.5605769230769231
0.5673076923076923
0.5855769230769231
0.5846153846153846
0.614423076923077
0.5951923076923077
0.5913461538461539
0.5567307692307693
0.5903846153846154
0.5923076923076923
0.5971153846153846
0.6096153846153847
0.6096153846153847
0.6009615384615384
0.6067307692307692
0.5894230769230769
0.6076923076923076
0.6211538461538462
