0.03653846153846154
0.15096153846153845
0.2326923076923077
0.25
0.2865384615384615
0.3057692307692308
0.35096153846153844
0.3817307692307692
0.3836538461538462
0.35192307692307695
0.4403846153846154
0.4480769230769231
0.46634615384615385
0.4798076923076923
0.5048076923076923
0.48173076923076924
0.46057692307692305
0.5115384615384615
0.5269230769230769
0.5298076923076923
0.5403846153846154
0.5634615384615385
0.5576923076923077
0.5769230769230769
0.5134615384615384
0.5625
0.5721153846153846
0.5990384615384615
0.6048076923076923
0.6048076923076923
0.6221153846153846
0.6
0.6413461538461539
0.6442307692307693
0.6375
0.6307692307692307
0.6326923076923077
0.6423076923076924
0.6576923076923077
0.6615384615384615
0.6221153846153846
0.6442307692307693
0.6269230769230769
0.6365384615384615
0.6538461538461539
0.6307692307692307
0.6201923076923077
0.6509615384615385
0.6451923076923077
0.6538461538461539
0.6653846153846154
0.6721153846153847
0.6615384615384615
0.6778846153846154
0.6826923076923077
0.6865384615384615
0.7019230769230769
0.6961538461538461
0.6826923076923077
0.6759615384615385
0.6778846153846154
0.6548076923076923
0.7019230769230769
0.698076923076923
0.7019230769230769
0.6961538461538461
0.6894230769230769
0.6923076923076923
0.6913461538461538
0.7057692307692308
0.6990384615384615
0.7096153846153846
0.7221153846153846
0.7221153846153846
0.7009615384615384
0.7182692307692308
0.7298076923076923
0.7153846153846154
0.7173076923076923
0.7182692307692308
0.7173076923076923
0.6942307692307692
0.7201923076923077
0.6942307692307692
0.7182692307692308
0.7201923076923077
0.7182692307692308
0.7346153846153847
0.7375
0.7307692307692307
0.7259615384615384
0.6961538461538461
0.7096153846153846
0.7182692307692308
0.6951923076923077
0.7067307692307693
0.7192307692307692
0.7115384615384616
0.7375
0.7403846153846154
0.7375
0.7451923076923077
0.7451923076923077
0.7269230769230769
0.7423076923076923
0.7355769230769231
0.7432692307692308
0.7365384615384616
0.7413461538461539
0.7355769230769231
0.7576923076923077
0.7692307692307693
0.7615384615384615
0.7461538461538462
0.7471153846153846
0.7625
0.7259615384615384
0.7442307692307693
0.7384615384615385
0.7471153846153846
0.7336538461538461
0.7336538461538461
0.7336538461538461
0.7432692307692308
0.7211538461538461
0.7403846153846154
0.7375
0.7423076923076923
0.75
0.7346153846153847
0.7461538461538462
0.7413461538461539
0.7403846153846154
0.7653846153846153
0.760576923076923
0.7461538461538462
0.7519230769230769
0.7461538461538462
0.7576923076923077
0.7586538461538461
0.7461538461538462
0.7548076923076923
0.7346153846153847
0.7471153846153846
0.7548076923076923
0.7557692307692307
0.7384615384615385
0.7538461538461538
0.739423076923077
0.7509615384615385
0.7413461538461539
0.7471153846153846
0.7461538461538462
0.7538461538461538
0.7451923076923077
0.7586538461538461
0.7682692307692308
0.7653846153846153
0.7625
0.760576923076923
0.7625
0.7451923076923077
0.7567307692307692
0.7673076923076924
0.7673076923076924
0.7576923076923077
0.7634615384615384
0.7509615384615385
0.7490384615384615
0.7615384615384615
0.7576923076923077
0.7692307692307693
0.7682692307692308
0.7711538461538462
0.7721153846153846
0.7653846153846153
0.7740384615384616
0.7682692307692308
0.760576923076923
0.7644230769230769
0.7538461538461538
0.7586538461538461
0.7653846153846153
0.7432692307692308
0.7586538461538461
0.7557692307692307
0.7509615384615385
0.7548076923076923
0.7586538461538461
0.7519230769230769
0.7509615384615385
0.7451923076923077
0.7365384615384616
0.7403846153846154
0.7471153846153846
0.7461538461538462
0.7548076923076923
0.7567307692307692
0.7653846153846153
0.7701923076923077
0.7663461538461539
0.7653846153846153
0.7682692307692308
0.7528846153846154
0.7663461538461539
0.7653846153846153
0.7634615384615384
0.7567307692307692
0.7644230769230769
0.7644230769230769
0.7769230769230769
0.7778846153846154
0.7807692307692308
0.7730769230769231
0.7692307692307693
0.7769230769230769
0.7538461538461538
0.7682692307692308
0.7673076923076924
0.7711538461538462
0.7701923076923077
0.7682692307692308
0.7653846153846153
0.7663461538461539
0.7634615384615384
0.7663461538461539
0.7788461538461539
0.7682692307692308
0.7682692307692308
0.7644230769230769
0.7692307692307693
0.775
0.7634615384615384
0.7778846153846154
0.7644230769230769
0.7586538461538461
0.7711538461538462
0.760576923076923
0.7721153846153846
0.7730769230769231
0.7740384615384616
0.7653846153846153
0.7586538461538461
0.7634615384615384
0.7721153846153846
0.7711538461538462
0.7548076923076923
0.7653846153846153
0.7711538461538462
0.7701923076923077
0.7557692307692307
0.7673076923076924
0.7711538461538462
0.7721153846153846
0.7663461538461539
0.7653846153846153
0.7701923076923077
0.7730769230769231
0.7701923076923077
0.7740384615384616
0.7711538461538462
0.7644230769230769
0.7663461538461539
0.7711538461538462
0.7817307692307692
0.7682692307692308
0.7673076923076924
0.7663461538461539
0.760576923076923
0.7759615384615385
0.7730769230769231
0.7846153846153846
0.7826923076923077
0.7807692307692308
0.7788461538461539
0.7807692307692308
0.7817307692307692
0.7798076923076923
0.7721153846153846
0.7778846153846154
0.7625
0.7711538461538462
0.7711538461538462
0.7596153846153846
0.7634615384615384
0.7615384615384615
0.7576923076923077
0.7625
0.7586538461538461
0.7567307692307692
0.7576923076923077
0.7509615384615385
0.7480769230769231
0.7471153846153846
0.7596153846153846
0.7576923076923077
0.7519230769230769
0.7701923076923077
0.7663461538461539
0.7682692307692308
0.7673076923076924