0.10539997483678781
0.10228424409824038
0.09779527968752474
0.0702188536090816
0.06022390452227189
0.057444716322144034
0.056302750572395366
0.05339377599574934
0.05614735114046264
0.061673378954352195
0.05356219919484905
0.06041218930342314
0.054680730024436575
0.05202765883762705
0.05218166998469809
0.05412503892986162
0.05272698172840647
0.05339398514142456
0.04869219890548845
0.05116138475189465
0.06851295035893079
0.05884434636413372
0.05768951281782028
0.059208445463676436
0.06107819378286454
0.05803537982880343
0.05607896224826454
0.05475326821151102
0.06072487809221976
0.06642511581486689
0.057639241581504005
0.05565859754980232
0.0541126700111663
0.05481495413568192
0.05511418158235822
0.05386969364609601
0.05618355450633645
0.06286520870867932
0.060542563164684274
0.059301316800602466
0.05463321800102793
0.05193664391053218
0.05219367715082968
0.05301520669862186
0.05425760951724531
0.05456262130493691
0.05272947917252031
0.050187992815571444
0.051843333900920406
0.05128318051714728
0.05488905771268275
0.05464446712078672
0.05639444327154954
0.055476303197801696
0.0539723966259637
0.05216441005463127
0.06470099148593897
0.056736991097089115
0.056736991097089115
0.056188704989278644
0.06483397649757253
0.06251850480325791
0.06029772780162833
0.05903200946149224
0.0589345023130297
0.054775323255407515
0.05245671200468317
0.0543841362873096
0.052051794213432596
0.047985805004238546
0.04825288632381361
0.05535699531762791
0.058079758004101666
0.05330299845290236
0.05452709286148292
0.05434682591084158
0.06104008736373634
0.06071954068613308
0.05551879364673252
0.05459661413476396
0.05855186403154226
0.0573038304057245
0.05498344156996126
0.05390029925236756
0.06700669516334752
0.05670943330244438
0.05424802210751555
0.05531605776111845
0.05461281410990005
0.05403905272253673
0.05278688579415429
0.0517270421094684
0.05254468522325589
0.05656481212651479
0.0570231368767619
0.0561002354187093
0.05379646568974647
0.050463283214537955
0.050422866647497344
0.0505247058182806
0.04784458137785148
0.04830036576121996
0.047423824303957446
0.04650700663744355
0.048910231440560004
0.05014394737533498
0.04879347160899187
0.04748055436635342
0.04785641982551909
0.0475395617076285
0.0457226874808541
0.04585443051100328
0.04520875128620388
0.04489276160952428
0.04486878327504579
0.045485094347001126
0.047622925934410476
0.045691295564793705
0.04648004402328719
0.05629683322064154
0.054520850718612804
0.04729921084253659
0.043801952962689364
0.04444974873117663
0.04499196508583375
0.04621377594296228
0.045775152779472326
0.04392954928291365
0.047035007889363434
0.04752804658068019
0.04563347577730225
0.04629868164240252
0.04667521126996199
0.047598497048594736
0.04611936255882868
0.0466457303217545
0.047047913892133524
0.04677028535736105
0.0465338237088678
0.04702397681373649
0.04650051221326842
0.04542295642308678
0.04631597149806175
0.04930305092742116
0.050337014093801834
0.049517812494948237
0.04680116560625573
0.0455292519738084
0.04444969739902178
0.04448758627908479
0.04664542807946598
0.0448988291758514
0.04649561613196776
0.04432013802317807
0.04457626938635736
0.04559400365453462
0.04803222936191902
0.04693688348022982
0.04670358946568989
0.045122666434496674
0.04474375170389423
0.046358741003862614
0.045835685802849184
0.0466003090635707
0.04509952873374897
0.04425088756400244
0.04424217620969126
0.044101155426481485
0.04399153338293023
0.04526255036196293
0.045647124649260386
0.047824324600103565
0.04852433869558408
0.049016682856461054
0.05277764566514648
0.051645168284816044
0.05260152386318252
0.05288736515656625
0.05250131638717637
0.048275478594064225
0.04823249312898995
0.04915425196301415
0.055021644909058906
0.051698556084570954
0.050998220712836446
0.05037415476302365
0.04951839501916743
0.048904916288665966
0.04922595542411015
0.04796494561969445
0.05387745492070478
0.05373915157823898
0.053236135325242635
0.05036200317468869
0.05093621542921652
0.05113684223344927
0.049512035954234423
0.04843239193023108
0.04828518335079046
0.048190377427211294
0.05060580779441086
0.05224366639953627
0.0482900420990784
0.048433732867806015
0.04812350223946081
0.049281383011077325
0.04975551133298876
0.05014221949976017
0.05101044562719611
0.04721192831113206
0.04941029722443811
0.048644081890892865
0.05888984208595865
0.055320193218996484
0.054380306816041696
0.05424372917512361
0.047362192572846115
0.04719610491418895
0.05191270701516066
0.051984586138158116
0.049494407025981374
0.05061974576144889
0.05171738805936448
0.05100589964378546
0.05307515370688167
0.053351773264899476
0.050814182801425065
0.05214146808272126
0.05214451579822389
0.05063913810036365
0.048782628034507045
0.048811605197464414
0.048433595562227476
0.04670689810799442
0.04696493991866561
0.046837891994234354
0.04871092191575168
0.045956702063005866
0.04516539318976532
0.04375047706494232
0.04667202028901486
0.04447309786057431
0.04522898160437068
0.050809770144963684
0.05002451392781511
0.04651887159240676
0.04585217471101007
0.04585217471101007
0.04580024794246788
0.04562583417649613
0.044086740242607135
0.048105706306114986
0.04548045852216374
0.04381790746055587
0.04381790746055587
0.04391225617801424
0.043649532016462884
0.04353582995336489
0.047355557485612654
0.043030206272205045
0.04522808977251125
0.0453246885306388
0.0447717655069332
0.0428246601761597
0.04212299710826364
0.04077071261906308
0.04193010148290243
0.04264417365636175
0.04407552439526232
0.04585377650583283
0.044719809472187705
0.04565903323670636
0.04585883329678433
0.04584376596474487
0.04538554924291746
0.044126847327682524
0.04377431032599191
0.043951166557762766
0.0456270373277818
0.04560869481901937
0.043018470364961356
0.04413678930757983
0.04413678930757983
0.043978831006910905
0.045609059680405045
0.046000128260854825
0.04658435034978749
0.04708198970389094
0.04604403919935254
0.045681370092363976
0.04415156599705598
0.047395133687087
0.04729160999133003
0.046815155916836985
0.046988325566999105
0.04684867867555213
0.047109621256664104
0.04652291458897504
0.04594767875069105
0.04592258973377641
0.04571217949071279
0.04914537014958527
0.047911168098044306
0.04710355521308289
0.043538244193851286
0.04349063303175651
0.04545408499245941
0.045259059862090195
0.04662316730727477
0.04220965650607579
0.04137078033745139
0.040581382409064504
0.041095466143477796
0.040905277025307496
0.04134038658725297
0.0409285614643399
0.03864363492395817
0.03848347518876316
0.03847242252688633
0.03914343936399821
0.040236363943081735
0.04065801550248041
0.04158643367188668
0.040598364846065806
0.04062022938315235
0.04124954799269763
0.03891179180297913
0.04017444874137131
0.04028777494348563
0.04033032339587658
0.03972582889053422
0.039345099272104
0.040747305183299776
0.040598813863323834
0.04079127948189383
0.04219390868290624
0.04096447825774626
0.04108318004685448
0.04072042163848088
0.04155293113540212
0.043201680431652074
0.042984807749441474
0.04294961777620838
0.04176957917709159
0.04032607380047885
0.03929592226274217
0.03929592226274217
0.04081700022426225
0.03991550295677182
0.04022981872916546
0.042631939223814475
0.04120853453174962
0.04323851036972436
0.04347117147223161
0.04175153979969502
0.04185425130936614
0.04180510685873991
0.04408361615241459
0.044001816148567484
0.048107376655896594
0.047514313462494455
0.04478973052445553
0.04464995907880854
0.04593738274293721
0.04495460129859838
0.046000338723233745
0.04452458629712013
0.044673893140556205
0.04472195725339003
0.04332895340832132
0.043006530710254856
0.04304151727566337
0.04166978975299725
0.04111383964670767
0.03975616039891088
0.039418373187852226
0.03977413328768025
0.039878006788737604
0.03985473226442584
0.03952368662173935
0.04056684622851639
0.04035678558767586
0.040618882767335246
0.040357438318417906
0.04119455765138772
0.0401993531970126
0.04063808090621516
0.04055049225121206
0.039674131253686545
0.03900250652892664
0.039151988597223984
0.039082610648727374
0.03904075827597697
0.03870122157241806
0.03842111879147005
0.03850660075707784
0.03964005391721085
0.038913115791570724
0.03887164936349181
0.03798556410452211
0.03830444793256858
0.03831662180572751
0.03859836279496458
0.04014844700139902
0.03915439411066615
0.03823973696572971
0.0390677799296376
0.039086150580740386
0.03920454994671923
0.039777660610186186
0.0397202421204683
0.03967322940343449
0.039335424969462324
0.04075273141282363
0.040321534439763135
0.039139835573242576
0.038547143154008805
0.03786251826944486
0.037915228866966404
0.037179204966523646
0.037047359477018586
0.037057369487595054
0.037088102044646916
0.039696573568821544
0.04048189369352055
0.04250357725806457
0.04242039393881794
0.04188294379365632
0.04204215823100935
0.04187659057883828
0.040611213469086534
0.0404262145027218
0.03994733132124481
0.037152683502093976
0.03846985487018289
0.04153786590234364
0.04374107108017404
0.043627070607424635
0.04525531399472353
0.04864014212026125
0.05723572127918349
0.055306281177920524
0.05577823467132668
0.04577828959350581
0.041203387434710616
0.04132302406999318
0.041230040884222406
0.040693284006734234
0.04064569939625067
0.04015019474515334
0.040139451925324296
0.039628451663027406
0.037838889478111266
0.037892381470200756
0.039517777827940435
0.03912386200616523
0.03897060606636358
0.0390719046006
0.03905201866741964
0.03901625766583428
0.039765177630928884
0.03988856425395894
0.039856290059277155
0.040715374122076486
0.039361371756739545
0.03832739706323122
0.03722406506114547
0.037397987130279094
0.03798253485140321
0.038694265674869215
0.041592246095067155
0.04144691435457804
0.041622627331354294
0.04140173091705182
0.042150602990822565
0.044114607826145825
0.04049273281617809
0.040238381533278786
0.042206069426344195
0.04168578314146149
0.04168161244446149
0.04137297458099028
0.04086999043197081
0.04060430218679547
0.04092334036622299
0.03999390065778515
0.040155774982422024
0.04064506539947684
0.04206687275538654
0.04045468066082742
0.0400554891246991
0.0400554891246991
0.040005973323848976
0.04056805280142184
0.04081934859527089
0.03884681913216914
0.03792297253656792
0.03664329645633587
0.03850347901423425
0.04045353118121794
0.0403149514804302
0.041392714448153026
0.04137897197449477
0.04110830593327555
0.03868669538004176
0.03755299896161317
0.0383449997521498
0.037875657577030396
0.037383859132438725
0.03890508050441702
0.038743531510014924
0.037735591528475616
0.041346030179401055
0.04148890260926545
0.04392923953337327
0.04393072568105323
0.041507262778362905
0.04066750195563237
0.04434007322144466
0.043992924960845226
0.04169991387920882
0.043937772976324854
0.0432084062974086
0.04316521564553772
0.04380163414193071
0.0436184968921732
0.03973944553687937
0.03895509736350126
0.03892795446788582
0.03922384851547434
0.04069642787821868
0.040422959834235224
0.03899475056250444
0.039064088676580455
0.038557753024655216
0.038574108548357466
0.04021577755185717
0.040951614299238326
0.04067421081711339
0.03849416921836994
0.03735062395395687
0.03705926285552934
0.03669267291921942
0.0372378800899289
0.03558220972653892
0.03578292506469159
0.035388085628772624
0.03542789438277421
0.035345972540253894
0.03619858131001211
0.037625756421035515
0.037893601464431256
0.036313300628142725
0.03643199743425382
0.03623856931003364
0.0368447571622027
0.03811518362427857
0.037030471682437116
0.03558367518658047
0.03555724167202144
0.03582409095949917
0.03567282317096469
0.03885619641060446
0.03888544165886665
0.037286041340095326
0.03559395401927673
0.03524524150523585
0.035784145369797994
0.03603290331484982
0.036442740559840744
0.038023283257978414
0.038876735275455446
0.03880749943209265
0.04070962673710362
0.040649081762823794
0.03904514209232908
0.04056313403624906
0.04006568687346209
0.0387254303003381
0.038157973980310955
0.03821633039980169
0.04038667508452763
0.03850852300701489
0.03817028173014404
0.03742708339043516
0.03665937079058939
0.03473872052791384
0.034937140369434176
0.03724788803916941
0.03683338264091573
0.03684601405568275
0.036494290981349056
0.03669671331312084
0.036561606427603706
0.03603008253702628
0.035410338818285085
0.03926058019579816
0.039180239384163394
0.03914676834207685
0.03897815125565981
0.03861838709310435
0.038526888936664345
0.0385183644288596
0.03859040649064922
0.03856884708956538
0.047114190151329095
0.04711369897247257
0.0468661946637068
0.047009113025680636
0.04602425281527832
0.04647668831634979
0.046461664079021324
0.04650468436515096
0.04650468436515096
0.0465438214111117
0.043773958092680816
0.0448077190111803
0.04471254306967427
0.04386230707609743
0.042661948544367265
0.04224184504737359
0.04152392456725661
0.040762651468718984
0.04154561501339505
0.04156866193865491
0.03960273762615465
0.03973872341954319
0.039734920293768336
0.039246581922065885
0.038037297837130044
0.03772258429051782
0.03856193666708974
0.039085826682214005
0.039181220358253235
0.039034806288577265
0.03899868132166299
0.03796328934118478
0.03763246861730658
0.037801478725806505
0.03786410639034619
0.03820513857998633
0.03923982442408441
0.03968267481900556
0.039683935627749106
0.039370487579614484
0.04194002793214381
0.04087312344148887
0.04087312344148887
0.03958702970596022
0.0394648601891297
0.03944022184163528
0.0389912501393308
0.04003961878380006
0.04002699120708936
0.037546931333625334
0.037419049387844384
0.03779144202420591
0.03775974905725295
0.03635666450812773
0.03594480868523667
0.03547490686947702
0.036917735431221926
0.037783319560085134
0.037897254465560574
0.03820849815250686
0.03747708631328532
0.03391694019399886
0.03293622990343628
0.03415103038524538
0.03240901048484359
0.0342785475554992
0.0331379993506928
0.0328806348645508
0.0324560779517885
0.032126858926446136
0.03206771826224648
0.03284070737666648
0.032545720169912876
0.03248180487171472
0.032580819624904514
0.03358010270903455
0.033767550777096624
0.036747653512734166
0.03668229055133379
0.03660377642520014
0.0354366193319178
0.03621823697847687
0.03617610075462925
0.035945941189305594
0.03572163366650509
0.035171571199621866
0.03605554398757959
0.03852096782695084
0.03829540246707448
0.03940035291255156
0.039393682562812095
0.03890063749181328
0.038360655718734794
0.03835140171227237
0.037840371001592564
0.03727147084079334
0.03768343036507594
0.03812767645034522
0.03945681020210773
0.038302273016255134
0.04022344348447181
0.03773020785258892
0.038618466280422765
0.03923605838117326
0.03936398288310448
0.03936398288310448
0.039311486780577005
0.03950298952011251
0.03881583445028857
0.04067790298408751
0.038430675135329655
0.03747165453617651
0.037562553361797334
0.038312584301503395
0.03634661081823129
0.036230222218550566
0.03592523533183178
0.035161726516386396
0.03498893833898805
0.03496504210878578
0.03493666973527233
0.034287993969754
0.0354651466255996
0.03538452790138798
0.0347967112840005
0.034795888025406105
0.03445698152365906
0.034156088667984634
0.033993403346636766
0.0344143533716649
0.03424711123023253
0.03417087629143252
0.034861945170979444
0.034861945170979444
0.034371041869974264
0.034473626500712694
0.03412106200164687
0.033826030551092096
0.03602325531769535
0.035687694531812864
0.03690313949883232
0.037434462072159405
0.0373905807732517
0.037039233980631095
0.034202640830318896
0.03383072151913567
0.03518143710910531
0.03374342724599599
0.03282742294344571
0.03214101513076502
0.032093181333738285
0.03198882925056254
0.03258063570734989
0.03301037903533805
0.03203938133912678
0.03203841352582805
0.032025604688272744
0.031826501670694854
0.03168327484579767
0.03159973826469282
0.03167756285364737
0.03238567648658907
0.03303329700565204
0.031674754002619564
0.03130924887884524
0.03141901208313846
0.031000579165310085
0.03144813054542589
0.03151523840985299
0.03156753745501924
0.031817796363233265
0.031790854182870545
0.03195109228682046
0.03270812286772122
0.032638233384581265
0.03396831811101024
0.03505845081944029
0.03507643120383941
0.03547395903653212
0.035065377014519554
0.035085358195606424
0.03544028613329805
0.0354246063455909
0.035308218251921174
0.03538380184896028
0.035544352134137515
0.03642068390915001
0.036085132169339104
0.03606681588298798
0.03567752529283607
0.03620852659234624
0.036150427966403366
0.03644071744545346
0.03619594852832087
0.0361916150681326
0.036540941030845764
0.036379754347982844
0.036770534662353284
0.03713329213530705
0.03705241814629521
0.03665964922961888
0.03672226603984569
0.03743529323319955
0.036754258471162086
0.03672031287266543
0.03729997552606823
0.03544193032943821
0.036056498719733675
0.03624575061723401
0.03880099257544624
0.03868719649124513
0.038386551442395576
0.0377625319613078
0.03759968268833141
0.03692327055758755
0.03678896008928257
0.036619041235686205
0.03650836451449832
0.03556797170517536
0.03842704963634654
0.03982079099982601
0.038713304050923304
0.038680909343962504
0.03760115028347553
0.03759023501229707
0.03731887527245002
0.0366198586104092
0.03656663678959417
0.03667252096906386
0.035265560469474905
0.03565387340280195
0.03725259683056156
0.038455063561266656
0.038349862524704334
0.03829825096697383
0.03829825096697383
0.03852745355993661
0.03880283516962856
0.03881393102305226
0.03831327934387181
0.03818873348572585
0.0373697235452615
0.03736269615456659
0.034772576097806734
0.034454739279453785
0.035389309716557696
0.03338480347554429
0.03416945745504713
0.034261508709921354
0.03420748490947381
0.03601171096837163
0.03601171096837163
0.03630765343687134
0.035977269230368515
0.03584271190523676
0.0381907551846275
0.038295538682294475
0.03822665662228968
0.040587735978246414
0.0404050941017298
0.038848249843175066
0.04001812617448199
0.040181085956880296
0.03974629403464553
0.03839661485295928
0.03839343034972792
0.04222872754788423
0.04021533715377161
0.039692089342554755
0.04028207558758923
0.04010574634611105
0.03974842165303717
0.03904259500239848
0.040051969129896225
0.03897212541860623
0.03627347280044339
0.03530360627575996
0.03758425673685173
0.03762641518882314
0.03769719381519185
0.037412793915547395
0.037377344356853526
0.034143114616956884
0.034254610469595936
0.034348844634565244
0.0344018471883871
0.03454758549405535
0.03453593754291814
0.034131756869637764
0.0341073627556547
0.03435094024661847
0.03450966125327464
0.0344976464342025
0.032948107222007875
0.033058660387130616
0.037899508847984424
0.0377144596937331
0.037321397228225583
0.03523589973755039
0.03674541097935005
0.036650206089125136
0.03965287678297805
0.03965318267086635
0.039580561065341496
0.03506256006600416
0.03518318987999704
0.0359658319511415
0.03690723702891706
0.036429961492843825
0.036362497426675244
0.03659309804721107
0.036477267722912265
0.03694489687430697
0.03708598379423434
0.03708598379423434
0.03659582368174133
0.03948655208152531
0.03947581607403794
0.03814606040274407
0.03807374123625004
0.03627419054758443
0.03626920970990576
0.042606322468975076
0.04224972402356335
0.041694016188705996
0.04123990658208859
0.041738346365560626
0.0372838313548469
0.03654339776341875
0.03746953565281661
0.03728640600834951
0.03682907850038995
0.03680835008285545
0.037360949205828664
0.0386228747620056
0.038778005188157195
0.03806880668368765
0.03754190105051334
0.03686567197855805
0.038371501865254516
0.037492310958022565
0.037061477076571946
0.03846372918968449
0.03846323229989289
0.03849456851118897
0.0384683682245443
0.0380592253899022
0.038334445882778706
0.038396935724105505
0.038387976560413664
0.036865250000886994
0.03681097749780691
0.036246085968623366
0.03589500761303591
0.03732344618365105
0.03732265068503711
0.03736900929709833
0.03677752680967594
0.03899161383042447
0.03964747774082155
0.039098320643296144
0.03905855851015403
0.03989508183870077
0.038848405061987425
0.03741342559395109
0.037337590852637985
0.03678931286343894
0.03667216553275468
0.03634363025998161
0.036598096977948365
0.03666956636329486
0.03564693229592893
0.03652167066679157
0.03535114095794548
0.03551473076768053
0.034772156443249325
0.034753078792776095
0.03371213811471907
0.03370537623886533
0.03408225119428623
0.034121060465587244
0.033604666175193136
0.03352401970297186
0.03370295009643961
0.033666056186580536
0.03347394439582763
0.03358161423207311
0.033579589275576596
0.03371689919956574
0.03387008755973271
0.03423120374208441
0.03443480011300515
0.03444166796096115
0.03444154141311781
0.03414583076047018
0.03353267106974762
0.03353975063666075
0.032999468465511286
0.0331491738928053
0.03318790106837317
0.03314949544390221
0.0332825299287822
0.03353717112562143
0.03345916920601428
0.03352380240932059
0.033107266856752096
0.033120881276667534
0.03288950142433999
0.03277427590007351
0.03278111298866454
0.032669117468262156
0.032619336057938576
0.03400371390974507
0.03364938308090233
0.0341476596509587
0.033972676148115284
0.03505932076464937
0.0342932375859515
0.034103577613198544
0.0341032513091072
0.03401456110835973
0.0340045770646093
0.03420042780210131
0.03419158507106835
0.03466653347948595
0.034550321768901444
0.034549425007968385
0.034965873485225625
0.035345209417731026
0.03595376343746136
0.035774528597288476
0.0353453822687624
0.034054265959129235
0.03384914463161772
0.033881303603052436
0.03273849563022094
0.03249609276024103
0.03297974679729221
0.032969006200867484
0.03348119275102134
0.03337954037777344
0.03290392233290644
0.03239893000049358
0.032109080302082656
0.0321116531250668
0.032109078785886765
0.032109078785886765
0.03196163704515769
0.03194853486247979
0.03189819682782486
0.0319513194523428
0.03192450181736253
0.03223430856406369
0.0321451246863446
0.03131222134356536
0.031511750879972045
0.03187358337338021
0.03187076354276387
0.03297491429987608
0.03174412148845814
0.03180735931922798
0.03163896523063006
0.03267266718858346
0.032978185621017245
0.032949224848000405
0.032949224848000405
0.03254312405960676
0.032261808416558735
0.03219610832397962
0.03311533143925633
0.03325455058649779
0.03324620792531436
0.03231233373050111
0.03316612946825234
0.03299019694889365
0.03233218851996688
0.03236158710093727
0.032361253280290485
0.031759430794548384
0.03191170750534819
0.03170225402157947
0.03165545053507747
0.03159348720467078
0.03143358039381968
0.031015868828439076
0.031085977505755678
0.030669757153968746
0.031368470312105955
0.03142025898722829
0.03138663362688198
0.03135080760287305
0.03124007821185259
0.03120286945062763
0.031204165201101624
0.032666879525332426
0.032665672902267684
0.03165346007355318
0.03152494079485014
0.03153665348172937
0.03161353222686961
0.03157917259972762
0.032031128193643066
0.03169704222410946
0.03286178498780031
0.03251398838089589
0.03144306919335318
0.03127131028164502
0.03126893102410381
0.03125400714942207
0.031078693919343592
0.031153454568680076
0.03303287359277509
0.031575484048204795
0.03082346688241694
0.03130932018372413
0.031405749440514025
0.031435553942566766
0.03482379588059609
0.036177741205464915
0.03572451061849892
0.03524602653719411
0.035358678213609114
0.03521838327814307
0.0347916382683695
0.034796272055447865
0.03200227063170785
0.03200227063170785
0.03277175092835336
0.03297099025249101
0.03297878759076135
0.03286249867040878
0.03286249867040878
0.03259511323891317
0.03459789064662307
0.03453528328664179
0.03399290553563982
0.033994719132973354
0.03272302142508124
0.032504353456252064
0.03237855406534177
0.036037578856631024
0.03673338362666339
0.03403005410403524
0.03386472091832022
0.034504906792126436
0.03438402427879473
0.033835723815235245
0.036152967939632644
0.035547750129632405
0.034384518938406106
0.034472124281527294
0.03431938951114057
0.03437677783083236
0.0341018639821911
0.032866619350941685
0.032806147176366214
0.03277916992911837
0.035471445477780576
0.03564444506454197
0.03532154098448159
0.03533290943610637
0.033495923982157456
0.032071248443158513
0.0320213508578719
0.03213004810282343
0.03212735228057072
0.031897773406737606
0.033631498047680515
0.03625657866036242
0.03623544943571253
0.03612366111713228
0.03571194143060556
0.03571052534554322
0.035289430933751045
0.032152407648904875
0.03488034452486684
0.0348784178381289
0.03194716472888074
0.030278798145375412
0.030195496763694183
0.030186917407702966
0.030036871928792595
0.030029753551890956
0.03019126221095193
0.030198622960418222
0.030197435798909947
0.030602750960245253
0.03156430412103993
0.03156367589665344
0.03156367589665344
0.032502830433038615
0.03430925032570517
0.0336225787793973
0.03363589284796139
0.03266884413222626
0.03264165572914324
0.032994788134542916
0.032933647751576096
0.03292958810131922
0.032425473813499896
0.032425473813499896
0.032537855819944235
0.035817928686316836
0.035891592986435565
0.03496905683125075
0.0348076630674142
0.03284887983829489
0.032840694131478866
0.03278509673587211
0.03278454239301451
0.03311533391093458
0.03314169548802667
0.03283336304272582
0.03283861084686685
0.032726133243940386
0.03249687673354109
0.033525183166188084
0.034308661179569475
0.034010698204402126
0.032991746375344154
0.03333110654284084
0.03328878404015554
0.03323514001558016
0.03329529121562468
0.03294088050725445
0.033042283544421354
0.033043101807850625
0.033041512561937034
0.032810514634153826
0.032829137631564496
0.03261876557079538
0.03241054936601145
0.032500413380776944
0.03216091248486597
0.032129565275149416
0.03198916397123657
0.031989618679639086
0.03198565027704811
0.032036550493138874
0.03212107708491874
0.03212107708491874
0.03213321871169407
0.03232882130399891
0.03232882130399891
0.03232055494783452
0.03222953648601853
0.03192626934274776
0.03355745506031466
0.033318443986132935
0.032776761992220536
0.03331834009188043
0.033352180249170776
0.0316092923866764
0.03348343466386364
0.03352547737414421
0.03472911620439095
0.03471863913983877
0.034545673726341646
0.03322973447044645
0.03323082231623988
0.032608280384326754
0.030520990733084414
0.030498900103449567
0.0304981218147078
0.03049767563467637
0.030604175575005062
0.030721617664457933
0.031093095658216614
0.031168972030182658
0.031168392378995623
0.031115160268792536
0.03114205190737725
0.03120962513858947
0.03122847650600147
0.03139865743565929
0.031373158082611284
0.031352396389757904
0.031103421026696054
0.031078407544792717
0.031055487344416047
0.030963697161897254
0.03095744035207706
0.03173735994394394
0.0313503070487994
0.031300862802620656
0.03372713334767388
0.03372713334767388
0.033732965131292716
0.033560659747513814
0.03228506901257948
0.03248501372611492
0.031765816052910505
0.03186560203914352
0.03180843969008787
0.03195830004034962
0.03195830004034962
0.0324318331755107
0.03314687270027969
0.03248288365259033
0.033262019837660126
0.03531586287174045
0.03533667825849528
0.03596162614787813
0.035987559665550305
0.0359494345980522
0.03571707309368624
0.03515096786207417
0.035005042322384286
0.035003168051566405
0.03499511244200529
0.03487647595999229
0.03462443582235229
0.035428474430285156
0.035357586315251495
0.034909569187054186
0.03376127077078692
0.03369402988730054
0.03369007272691736
0.03369007272691736
0.03608636947428954
0.03608515238193743
0.036083838557313085
0.03453511534774817
0.034541737417067564
0.034544733913933444
0.03451302726757865
0.032754072001469174
0.032752115687527075
0.03272967086332836
0.0337040078521515
0.033042366273991035
0.033048500854719
0.03280498518983642
0.032691781786006645
0.0321295583749234
0.03260192480871198
0.033424466898768025
0.03361636951310288
0.033326526178270144
0.03473361958648471
0.03477472546457961
0.034804576145646714
0.03400640549262791
0.032736343247904025
0.03276660600424797
0.03477440472538489
0.034736113605684314
0.03462498210122989
0.0343948637144349
0.03425932471286743
0.03564220856376687
0.03553372178608877
0.0358258606831482
0.03454218702012962
0.035742383137653454
0.03823183092601726
0.03822109204732378
0.03796513616040187
0.03707005298913262
0.03698476995075963
0.0367856329206253
0.03385784917481744
0.03386076316961818
0.033312235066948866
0.03318201500212758
0.03226350873345278
0.032109368328129516
0.0323917958722225
0.032352525580050175
0.03235088271481942
0.0323703629043985
0.03219493111962389
0.03236937956760321
0.031883499572171285
0.03196128879450893
0.03233242348099697
0.03232441724073305
0.03175484171130427
0.031658072103540866
0.0315942262475479
0.03156723227947837
0.03138482759506745
0.03162233455119533
0.031508482843481844
0.03154525075956978
0.031544957446961445
0.03154297676371237
0.03085823227071949
0.030857815931089733
0.030947604326278442
0.03244472856507901
0.032397620036782204
0.03271954990529216
0.03319902199259716
0.03324647367820786
0.03150694887609551
0.03118683044397252
0.03118683044397252
0.029620807904521054
0.029622101598550405
0.029512060842771026
0.029474597628188826
0.031365842924131
0.032360188610660846
0.032690205707006446
0.031172088308010902
0.03169923876753894
0.031562625039951234
0.0312033298915465
0.03139023913448861
0.03134871025219077
0.03129595762867262
0.03074796263627076
0.030747524846883523
0.030741780586739008
0.030541439065748462
0.030395995704397757
0.030192062608401606
0.030089508954508015
0.029933611440033106
0.029762607238569255
0.0300517423406466
0.030878963701190275
0.031141620346189957
0.030981446405524037
0.030173427568851753
0.030134084085739695
0.030077372750599348
0.030507070542263242
0.030521655768555936
0.030835569168611344
0.033993307158612464
0.034447974688832254
0.0314675184876484
0.03165524653236958
0.031139999284219674
0.031133149718528878
0.031286477424057865
0.03128846366069339
0.030306078602672044
0.031332889487092924
0.0313453195715992
0.03134446189109752
0.030809088376482996
0.03148511693977768
0.03147999624846863
0.030953670311297712
0.029780617715389018
0.030183127752876272
0.03036604708563122
0.03098325637725242
0.030963564783147487
0.03100267044860871
0.030927214298152726
0.030477367950291382
0.030426015540832015
0.030353361811322897
0.030029467313065647
0.0299999566417802
0.030002867414326662
0.03003670634934007
0.029982765005528274
0.030184487125465634
0.030228249818242525
0.03010227713402477
0.030421946441128018
0.03044480578698884
0.03061367132442095
0.030611242913545215
0.030606080188042895
0.03137694988773024
0.031835974041721574
0.031835974041721574
0.03183047790407623
0.033144003799950666
0.033078113763977963
0.03307635352909989
0.033058312455897874
0.033756153877854515
0.033502459712435706
0.03320111111655577
0.03303001365112112
0.034490675663917385
0.034430747016760445
0.03444484918935112
0.03469705961261748
0.03470658627292166
0.03483892618487157
0.03483299078958874
0.034826252585436875
0.033270703136209626
0.0332606433648879
0.03325158037485702
0.03277491444006584
0.03234360433126771
0.03226979913031944
0.03226619688306719
0.03405953549336507
0.03405661600785657
0.035168371512679104
0.03688654944704957
0.03665372809407266
0.03648643822664286
0.036457193822710884
0.03756090823200828
0.03732256013794222
0.03501299739286994
0.03501299739286994
0.03184489185228152
0.035988526297624925
0.03277849139265576
0.0327772397158823
0.033099141827650294
0.03255130316024502
0.03235755021181459
0.03316438491832499
0.03397250255988977
0.033511599409205055
0.03351099266673686
0.0342807767470249
0.034670540934599745
0.03325969432104047
0.03291888293968564
0.032632427046170906
0.03236825489470119
0.032075788919909094
0.03143403048874382
0.031418957934227554
0.030250119333209934
0.030248806941531207
0.030189130705574732
0.030188917404161505
0.030158110882076088
0.029891487817358675
0.029888834364912863
0.030432574924300033
0.030180759113483266
0.03017423221919041
0.03012487096067573
0.03392824713184545
0.034630116545490516
0.03257535362296905
0.032614594549341146
0.032612917618527075
0.032553898849867466
0.03255561099427398
0.03054715908961442
0.03048473197023257
0.03048466738029571
0.030482768897244873
0.03048606134177139
0.031083296207827286
0.03165739119604288
0.03064534375736274
0.031132340536732056
0.031060849180915832
0.030816184060562926
0.030815282590875653
0.029763443877743278
0.029742312415659892
0.029820501134191733
0.029568209794901535
0.02851595351578118
0.029305821141238877
0.029305587663558154
0.02931697632670186
0.029194113700232817
0.029122899632257383
0.029556528305395503
0.02851431188404414
0.029449308665290455
0.029825999051492882
0.02982507491079997
0.030307112380979384
0.030336671589395712
0.029581083306150543
0.02880446786888625
0.028800998073161447
0.029340582089576094
0.02927342745628628
0.02920573171461803
0.029248977163336284
0.02957398089929848
0.029569216275125154
0.029243450518989626
0.030911831567036824
0.02996940889855053
0.02996944721159791
0.029697489432919815
0.029697991514105137
0.029662843446555055
0.03180411057374568
0.0313479049453479
0.029924550733605514
0.029892244223718386
0.029564118875759493
0.02956229086338732
0.02955923250435418
0.02988511191175472
0.029793522030790925
0.03028215384589892
0.030282756621197997
0.031465897985021724
0.030740755923637144
0.03066095603338947
0.030619181737871818
0.030563828901354718
0.030563108231630276
0.030689331589612474
0.03068568886484569
0.030679301942981917
0.030169054827889685
0.03118732297299717
0.031181861355201623
0.030397075893856693
0.030404342835214426
0.030310517822132885
0.030392426263394924
0.030374096081799445
0.03182789321990375
0.03231094753433524
0.03330187021543701
0.03357500786660879
0.03357224464534065
0.03361385711197568
0.03330785359493834
0.03300605078255835
0.03256187990121145
0.032560973071131954
0.03210227661305289
0.03228445648251665
0.032284362230555336
0.03217270860195713
0.0320704010600523
0.03265389909035656
0.03265389909035656
0.03271592192117868
0.0319200568231111
0.03175997367728269
0.03244007692434966
0.03244015546892517
0.03200272778941783
0.03202614623055587
0.03201409233791596
0.03197388775176024
0.032414673125837914
0.03214335858784447
0.031246621678155
0.03174045293297916
0.03170417342114121
0.031686395418103495
0.03178740763673169
0.03189895831667072
0.03187691537564293
0.03132147276317505
0.030746938994478005
0.030923232290959637
0.030777725726208516
0.030738455895462632
0.03166438229724217
0.03218118732151106
0.0321603125957105
0.03128042706787861
0.03144964677192563
0.03054244960707712
0.030554455544911287
0.03101790225567755
0.030993677891480578
0.031104863425514127
0.031108319848056492
0.032097875600738346
0.032082623667733
0.03216256554932488
0.03201189552223643
0.03201266561018767
0.03333024940833023
0.03423525577561484
0.034053757345868525
0.034432715552423776
0.03423601079664515
0.03353616639242166
0.03327909955318519
0.03357273605721552
0.03285829806262667
0.0328569265283407
0.03311365954344224
0.03326676227516795
0.0334889857144305
0.03327415681174648
0.03327290810777144
0.03286502596055143
0.03267357859366652
0.03267064128412844
0.03260733320526904
0.0327565808710513
0.032161993474331026
0.03220734967351689
0.03220894718717874
0.03227614805584273
0.03433152952579689
0.03433152952579689
0.03584008037208101
0.03575894089575749
0.03567610906741724
0.0364630426614618
0.03645957445416438
0.04128659470251977
0.04128659470251977
0.040374575059607884
0.040223966206650696
0.038243668819623995
0.0389497018247432
0.037096315338159325
0.0351604302825553
0.03576254922371839
0.034465812917786456
0.03446631630521932
0.03358046842646933
0.03345424994182702
0.033452201420546133
0.03361567209083306
0.034340920862432046
0.03424091424137144
0.034060885465531314
0.03360201533348328
0.033666912953311694
0.03264648474404652
0.0324198011602376
0.0324077318512603
0.03259357128668316
0.03332094051061862
0.033320871991942475
0.03328308482044813
0.03324646673267127
0.033286769301312046
0.033414983145951205
0.032730090489250005
0.03296648742860275
0.03322694107061034
0.03322696137424037
0.03290654782638637
0.03298812430960338
0.032987292922294346
0.03277745419984147
0.03263140173385311
0.03193839710249991
0.03195115065203835
0.03131730937618849
0.03150183655089
0.031472298952833815
0.03145539870857387
0.03233142568222142
0.03328420557223129
0.033392850950841754
0.03259601867519681
0.03242182083322914
0.03242182083322914
0.031687077226293464
0.030964961865699695
0.03224947371969781
0.03213016266226368
0.03212949000615317
0.033797172116845464
0.03379512979045168
0.033775690064601606
0.03408228187644378
0.034081906695971005
0.03406980909018904
0.03708811186551195
0.03704644892588225
0.03699732354463374
0.03390478055979392
0.033890779643452495
0.03388206045182153
0.03388206045182153
0.03388206045182153
0.03382889560632531
0.03293744464075485
0.032030341616636294
0.03203813122237702
0.03206917689986558
0.03202665173830071
0.03385508242794537
0.03256893996176637
0.03255563041030023
0.030525115117602544
0.03052443020275399
0.030884964862045693
0.03050678537326935
0.029627646435341756
0.0303246204668978
0.03017535350383342
0.03014201728505973
0.030133006147306286
0.030138126341558956
0.031214922086061737
0.030657897079502273
0.031424683145174395
0.030873010703407283
0.03082973976209409
0.030658326241227416
0.030822564266179856
0.030814458894549996
0.03084213826532289
0.03051040738525994
0.02967120476350274
0.029348833799317773
0.029347630772870708
0.029347678596527038
0.02934762091720193
0.029166176670527073
0.029064660918894394
0.029604512610136767
0.02960411800671739
0.029567620975991783
0.029301151425276006
0.029326975213584586
0.03005998497421611
0.02981378927959735
0.029570815482516034
0.029581156540841064
0.029586271530398073
0.028968175680860443
0.0289687986620204
0.028579802551752055
0.028576045420681328
0.028665837372457693
0.02867042778142608
0.028203532493117845
0.028749390812188844
0.028749681142140954
0.028749695324813945
0.029328258974466587
0.029328258974466587
0.029208870085970236
0.02947558907594583
0.02912036680741386
0.02942114504899484
0.028857379763791435
0.028859494921233048
0.030659667357488592
0.030650521100747608
0.03099114095743633
0.030986706034633042
0.03145358904079055
0.03238088235936876
0.032318009723279965
0.03231384406142355
0.031009475522710803
0.03100969224202262
0.030860879980401334
0.0306347098728624
0.030613028033451808
0.032121551865583
0.031337629235163
0.03133927131063743
0.031127576253833736
0.03110050350363873
0.03109329165158343
0.03109004368506729
0.03178305713703013
0.031742881488354587
0.032815248986136955
0.032815369849810476
0.03281533190985299
0.032809820293042136
0.03280328275945406
0.03280308102158179
0.0332824581600344
0.03311538052022449
0.03119715886827101
0.031188543710431477
0.031191897422693907
0.03023029884142449
0.02922527828451501
0.029210095056845915
0.028567753062195934
0.030167541259346536
0.029904635573391545
0.029929186436237563
0.030025742090210816
0.030454595001145418
0.030506909493483052
0.03050691065678903
0.030510165262558505
0.030501803326261526
0.030490419830183094
0.03059146276333027
0.030440911068796372
0.030439168333499102
0.030430392131768017
0.0296753109351814
0.030069425775113786
0.030337806645136856
0.031204568635642332
0.030996122087149008
0.03147570723124221
0.03147570723124221
0.03131033496755728
0.031974465085305215
0.03196839684604094
0.03202254006605796
0.031025437046491255
0.03095726389034446
0.030882469393495704
0.0308820125659044
0.03140192539737204
0.030756263065766887
0.030684878276747485
0.030583417445610193
0.030559649798679513
0.030549490547954066
0.030613598503148806
0.03245663487055391
0.0324544567231212
0.033916733607676684
0.03389748511930598
0.033115552333542214
0.033112090740392036
0.03215733788217337
0.03215734188807192
0.03125507499600565
0.03122140623094668
0.03312718864458165
0.03312718864458165
0.03311059445776194
0.033247284567255384
0.03315073690605087
0.03456420633502001
0.033845545082175015
0.033845545082175015
0.033751223970052
0.03189684568979653
0.03376358426816601
0.03303141445399262
0.031568960870656644
0.031562261621313745
0.03156050678259483
0.031430724085327426
0.031430687285184514
0.031446186633401325
0.03136217287100468
0.03133368560904351
0.031397826531553916
0.031469793196387624
0.031091925562298905
0.033330855642918426
0.03289099977036817
0.031846993568746616
0.03180510586089717
0.03179952739022182
0.032371229392719095
0.032365379901749085
0.03091957950241926
0.030913493002440468
0.031223127035004333
0.03116089185537109
0.031982139947488566
0.0316912091499827
0.03208642810545382
0.03208671996803494
0.031989893014634514
0.03198062405961433
0.03198185011096274
0.03196618375975669
0.03196671217255943
0.032213642130573636
0.032734395162322356
0.032818396832298
0.03281911206182357
0.033048692665662134
0.03403074145347072
0.03405487502483865
0.0329175239449182
0.03307112212687587
0.03396244834617354
0.033691686270026666
0.03336036993538343
0.03347573600351901
0.03386692149172217
0.0339120443411242
0.033692744445942675
0.033714082976578914
0.03363031007105901
0.033649251546934995
0.034837638911279174
0.034887053752788125
0.034581842207856824
0.03487322302193019
0.034722826882636
0.034422373372509384
0.033995180333321
0.03403664145679398
0.033842104042065835
0.0365674637437935
0.036559400373888
0.03646618865877557
0.036465271344898
0.03586413596166477
0.03599734834825408
0.035982712240540234
0.03485116912197047
0.033014718956287215
0.03296400635382324
0.032961271618612495
0.03321113146021142
0.03419653950907676
0.034176546444357886
0.034131413885265346
0.03454984440922115
0.03422592595713298
0.03396751201456581
0.033932387099908486
0.0328051279614598
0.03291408123412976
0.032494595605386055
0.033032174050972786
0.03315964081157346
0.03155025359950408
0.03153809472416934
0.029935389369182087
0.029790828323981985
0.02980560724279607
0.030696182122367067
0.030672924829259818
0.030649900474436033
0.030515089255801525
0.030480340915991694
0.03084762294434491
0.030819060851841298
0.030799231044677505
0.030806826453451324
0.030816779994405557
0.030816794735094178
0.030946476624889814
0.03095418995365257
0.030984433080873175
0.030976707885217582
0.030825244336608278
0.031124257174789057
0.03196392803654176
0.03194238083185587
0.03194136632967474
0.03208468589901618
0.031897433835596144
0.03362413429068447
0.032863813522857256
0.03358021253709043
0.03201452447743715
0.03200909181713024
0.03324381633050212
0.033243415212864745
0.034101652811675855
0.03407196219964026
0.034070857887499806
0.03399007522609024
0.033800797357167546
0.032696056653744844
0.0326396298056467
0.0321471065047618
0.03317308311341615
0.03315750988701189
0.03306682944893691
0.03328991095154554
0.03345159765642993
0.033715026630225804
0.032591369818490576
0.03150332657162337
0.03149591123195225
0.031292459542546586
0.030393705610851977
0.03005945807679367
0.029892417813983812
0.03014585824294143
0.03016903258699773
0.030167667554748357
0.029841583474978024
0.029834522810050487
0.030015322877065587
0.029663495333946938
0.0296632344623215
0.029698858741910493
0.030927444881015252
0.03037743265351879
0.03284962165451112
0.033257748072212955
0.033151942115922504
0.03303654889938286
0.03303695103856476
0.03105910492273395
0.030942892426541933
0.030768840407531958
0.03193599187351783
0.03193421260864044
0.03193406372222285
0.03169475120187719
0.03215296965124236
0.03215290458427182
0.03265238896642804
0.03265229337218075
0.031769222329082886
0.031080477590242198
0.03105420863264838
0.03103075716589035
0.030516703607234033
0.029457700004794078
0.029456120022281474
0.029235790632498378
0.03051513289046207
0.030453763963626757
0.029818226486462793
0.02991040614959813
0.029891003194639765
0.03003764224299752
0.030151450828543
0.030150313120210208
0.030065570399019217
0.02959188274339747
0.03012461693376031
0.02986540188813396
0.029726548323807507
0.02972614622592785
0.02968424523044457
0.029631821673534398
0.029631475187312222
0.028304646921564286
0.02874033448201728
0.028499833524423163
0.028283830742094004
0.028322722186567877
0.028205196776999304
0.028194089891096952
0.027920043782895955
0.02969664646327401
0.030546393132773866
0.030655665782840822
0.0295960996553315
0.02979872553546905
0.02979764813733438
0.029802064513086736
0.02860704715457936
0.02861505224344758
0.028600500026361466
0.028378358337986593
0.028262043461965338
0.028181041249252966
0.028140143764654315
0.02812770757350403
0.027378311823494608
0.027368645310722084
0.027368567324996027
0.027346072305353866
0.027164795598393087
0.027128980796944247
0.02713062904135217
0.02754100208266952
0.027517293812926953
0.02726012621296787
0.027221342573319717
0.02696189663084411
0.027882359826663934
0.02883130055765505
0.02883130055765505
0.0287978478048034
0.028826545425536552
0.027738543912287736
0.027737950854627085
0.027742966331128823
0.028887332760806794
0.02921940518496616
0.02938501056340919
0.029291235961311148
0.029274405665150743
0.0293331127059014
0.02947256225150715
0.029385046516489058
0.02949099301675044
0.029454164873315716
0.029593274045749997
0.02959326423643589
0.029603182876774648
0.03053879377001624
0.030347655128566724
0.030476668121220355
0.030470554574715935
0.03040239096155833
0.030404361855697223
0.029723615604460844
0.028576954695216667
0.028766178199824983
0.028765308203766618
0.028871069818666162
0.028935522255377807
0.028777859216905347
0.02950631587729198
0.029505259048647235
0.02951849943243777
0.029511033102932422
0.030668533891374437
0.030667152638387426
0.03102178282742373
0.031018144660536717
0.03089966908752016
0.031399198907360384
0.03122721756451064
0.03122648929059635
0.03123762528458818
0.031393444353041956
0.0313998279129797
0.031301797719853156
0.030692535157591513
0.030672854309951553
0.030537426702220618
0.030543351033129232
0.030849257545206583
0.030848920903118682
0.030639420608047353
0.03330562898038405
0.03372863905382342
0.032107199301165026
0.032107199301165026
0.0320606466081651
0.03160607977828248
0.031474058390209045
0.03171093994267137
0.03171934422492691
0.03136959394102145
0.03143156379626224
0.031070688231446843
0.031177751487334465
0.03093395484235612
0.031303883910889764
0.031466297052800574
0.031466130140289664
0.030849678638646086
0.03063830870471739
0.030255295697919498
0.029839305996236923
0.02981762928490815
0.02977410047489134
0.029486446796096077
0.02951043767290567
0.029288645232662957
0.02923211884109602
0.029210480915959337
0.029393632306481576
0.029412653123493403
0.029273528881051433
0.029694523684244398
0.028579116484014518
0.02854485845365923
0.028541428342184923
0.028089238854644847
0.027826322527099514
0.02782649177481166
0.028295705842821116
0.02825443987574177
0.028729532314211954
0.02866248494965083
0.028849503779535667
0.028896898400847453
0.02876342510210159
0.028550057916370088
0.028551476670086368
0.028494228680896006
0.028493891174907398
0.02866168796965337
0.028689780094290608
0.028686877761435095
0.028729325637182217
0.02935861926718195
0.030125359323603107
0.029978587236436635
0.029563515349992447
0.029563792314411336
0.029481527665072806
0.029038334424262242
0.02824969023734833
0.02787871923194503
0.02811441517799369
0.028114211751392677
0.028114166378196682
0.028542553461044288
0.028434885157685316
0.02863135281022455
0.028619571585059584
0.029054240974122635
0.02909866082052896
0.02909148361461363
0.028619350278459292
0.028291546003626093
0.028252147247458056
0.028229794654219664
0.028242538664470327
0.028397716024746025
0.028494355246956187
0.02832898304647966
0.0279449354800729
0.027970341101391342
0.027922270108742164
0.027873846906514902
0.0276046140328578
0.027137384633053246
0.027185036912479605
0.027214617764075737
0.02721470024769593
0.027287430207577876
0.027241492415221676
0.026991594236827902
0.026586833476572952
0.02658432147631913
0.026572156272058677
0.02646538755507615
0.026009588090929292
0.026008985265934474
0.025932733226184567
0.025913549778734342
0.026079071298354666
0.02608028118083447
0.02606389627839382
0.02610964821430644
0.026112273147308032
0.025943766740157567
0.025943807942008842
0.025882298933824877
0.025579330730125534
0.025579330730125534
0.025813578861950792
0.025707924549775024
0.025690233197083516
0.026135469275412663
0.026195059636139433
0.026194787129907974
0.026779063080672256
0.026778741077652476
0.02690770500500168
0.026871253343476804
0.027037211639395282
0.026974902840072926
0.027032855926097814
0.02703193260295656
0.027585586727330233
0.02758521240758257
0.027748070670179273
0.028147265500761055
0.026774271940262204
0.027822202429085247
0.030135156292903947
0.03033699803930081
0.030399307760871446
0.030997533055436666
0.031232867690014626
0.03087195990886868
0.030870843048301736
0.03110453023753224
0.031801291021262244
0.03115415938022134
0.031142090965071662
0.03084813170048708
0.029514290816518275
0.02972047033857582
0.03145928035810147
0.031241537668758423
0.03102137406407489
0.03188518984460324
0.03149373997521432
0.031407722858709096
0.031392886374215945
0.03136973202004162
0.0314826216815077
0.03375315176125029
0.033748445335145705
0.03392968090110511
0.032625027755204754
0.03224966764420697
0.032148959015986245
0.030748678607394678
0.03075321138194009
0.03075321138194009
0.030466168851975808
0.030696505411311182
0.030279926859249975
0.030493746647198727
0.03027856985620654
0.03027856985620654
0.030274509782408282
0.03054846284323077
0.03019293835751201
0.03021294321055135
0.02812619601792639
0.027546200681291204
0.027528780896182596
0.02752876289942347
0.027515045915301222
0.02760675714996043
0.027594296541661952
0.02766354780203769
0.027427447656947136
0.02828685682116936
0.02830781612685076
0.028741963756844204
0.02875718696964445
0.028928835756661796
0.029030886948183506
0.029038032276657393
0.028988886809146353
0.028360050422256363
0.028359671346628312
0.02837260852713224
0.02836269864640366
0.028372772430832763
0.028816512014913292
0.029179473489083875
0.029213315931951717
0.029171266733525814
0.029054558629283224
0.029426004624426773
0.029406521452716803
0.02909592215260813
0.02909013128533002
0.02910227104016642
0.0294327166487952
0.02954616294423723
0.02937830197590862
0.029373391216407606
0.029332492224636388
0.029321772203961982
0.02920702424852057
0.029199677426801744
0.029161483578695222
0.029161087029109335
0.029173281885908314
0.029185469418514045
0.028916140520583087
0.028893917641845505
0.028883621142401585
0.02778455082266651
0.027769977188584257
0.02741639453675606
0.027409647205844535
0.027487440050894586
0.027106337484378455
0.02750221264590336
0.027581141284304406
0.028165438562384477
0.028042811130017466
0.02773734969391902
0.027737609120332803
0.027651324592985894
0.027088846168472222
0.027082383078337505
0.028253551129754015
0.0287095359143818
0.028572490812139
0.028222342657738597
0.02831401106925512
0.02831124621737508
0.027792831729722803
0.028064195448581766
0.02825990573220219
0.02826893776649095
0.02826904976836379
0.028268201559565026
0.027895105846502632
0.02789512057332828
0.027703946795249918
0.02885154969349104
0.028893940803988202
0.027929236212245967
0.027781840431331365
0.027780849135996495
0.02790154058516051
0.026959059415467078
0.026959059415467078
0.028231908445347214
0.02800374217475337
0.027720666185390045
0.02733684901245051
0.02733684901245051
0.02751952767935732
0.02717072316908703
0.02691893155280262
0.026837289688165716
0.026830718793388667
0.026827997311398042
0.026823815702890923
0.027249644289900517
0.02728633523744594
0.027521519756953817
0.029989135651527662
0.029178917600726086
0.029044029487330612
0.0295567789467566
0.0295567789467566
0.03122796097131266
0.029553579188049708
0.029522811731789642
0.029489033799033452
0.02901437347160284
0.029045294406657794
0.029043190851314616
0.02943002575989617
0.029306343506315467
0.029425331232822635
0.032392296369340386
0.03020975339872813
0.030087387527244023
0.030087387527244023
0.030014734892061534
0.029854679775309312
0.029650896111872233
0.030478311620660236
0.03036469551380923
0.030360136467895933
0.030254726088291665
0.02943561503674162
0.02904112532659616
0.02904011772044325
0.028730040181136573
0.027378302329600358
0.0271604761991779
0.02714339565071212
0.026343714534547705
0.026347277558233993
0.026296723869664782
0.026294209287351836
0.0264519267326194
0.026436131945516406
0.026097056812272864
0.0277347697520821
0.027676568203207557
0.028329668941793774
0.028481000358556916
0.028242635091744458
0.028253053567039332
0.028048093860785977
0.027894067179163904
0.027894009195617134
0.027893868317436104
0.027798136808055256
0.02779903330051267
0.028096578786098638
0.028103613233339028
0.029041934791504263
0.029037214009745738
0.028892079083937674
0.028797738348394438
0.028758008358740556
0.02845446140668101
0.02790794662567149
0.02787278256419027
0.02754336782148242
0.02829019623407496
0.028275027903720648
0.02824282632576926
0.027821630616956965
0.027369060238458184
0.027467818822132097
0.027299520113420236
0.02726026029193635
0.027244571666663952
0.027147421036340807
0.027029462343844794
0.02842982639897004
0.028429874143488052
0.02823157576600624
0.028104263163862345
0.028704046282542597
0.02886777411510244
0.028872091022967193
0.028856735445052094
0.028988686562041028
0.028385286885525003
0.028404397473349254
0.028362525098356652
0.02841648979356592
0.02841738752916939
0.02787500425023702
0.02641924094840215
0.026419232000744253
0.026398421408345776
0.026944462834794486
0.026338593693158174
0.02632317077303547
0.026085936000452867
0.026088328464722792
0.025780555981888727
0.02598017600164742
0.02598440591251745
0.025976847088619467
0.025969665924164477
0.025904210876317977
0.02589972443433382
0.025634016152451568
0.025435553942022564
