0.4653758886427018
0.058042410836607335
0.04716507448298483
0.04651848676752214
0.05113496478456314
0.043508008379929436
0.04417136270914797
0.04098107806663531
0.035489941789212484
0.03921234908734621
0.03414707165768433
0.0356288866941716
0.03869542385267971
0.03860856592198199
0.03972087917804312
0.04192998445503917
0.037595015798923145
0.037168063250326774
0.037297186821418506
0.0371427236053462
0.041800986892287
0.04048958933764092
0.038092082710097105
0.03964461132364178
0.034235918902834506
0.03805662931557784
0.03645215191092689
0.04185061757645019
0.032285148803618234
0.032138776454871676
0.03538271134364801
0.033564673831560345
0.03972294576957774
0.03672861245526759
0.03323990490501405
0.03439998759442809
0.03085095926311934
0.031390499985326725
0.030556149810292588
0.03469664264478833
0.03190615934761433
0.030154899735300028
0.027184371164327776
0.027982427585514134
0.02682161169571023
0.03128954610009077
0.026878450580708254
0.028212964358515207
0.030173648975086766
0.029234919776745773
0.031105601845999052
0.027991181737656096
0.028703549567387198
0.030408851366378425
0.028981529110502804
0.031059929098084752
0.02800611017652798
0.025472034187095087
0.02430786585619889
0.026878065608382476
0.026078700979769137
0.027312970675827133
0.026913233363670633
0.03084458278897398
0.02754361794591154
0.028625192696417782
0.02755005592659163
0.027544791864761872
0.03035270951222088
0.028646554762811086
0.027679608946055808
0.027648814567829836
0.02938782231299921
0.027284919165693835
0.025684390104641346
0.024917129543036827
0.02380311878169192
0.02601348475271694
0.027545338604637086
0.026655800537285314
0.026446706642685308
0.026247441275708078
0.02543935927708598
0.025180362459162147
0.024726748759214833
0.02607276121113499
0.02598310564058735
0.02592240063479918
0.027405922958823957
0.02789651357871016
0.024754165996319116
0.025694233090536645
0.02430194970758822
0.022643490049767293
0.026706480186066386
0.025062128572597236
0.02488257573329806
0.024831776454945866
0.02787952906483759
0.02628574277011745
0.028186963754860336
0.026136787380953933
0.024080260625314702
0.02363524486331297
0.02607379827123005
0.02692058878182864
0.026145402008974063
0.02209415248317194
0.023078643412108545
0.022703496130101457
0.021903376194376403
0.024101264239467252
0.029823911059048934
0.02322313264731833
0.022031888822746863
0.024801605218002225
0.026881005682425872
0.024959240165134254
0.023511627481267415
0.02539324597341623
0.027005551380151278
0.02955979099978395
0.025938724829125057
0.023968828788357637
0.02409877200767198
0.02348659918802691
0.02436387948429958
0.02339717695265673
0.022795209747173077
0.021388746488187057
0.022210993168251196
0.023448242560366456
0.027521954558816553
0.02437738173438444
0.023091143388269186
0.02327707117254131
0.022080201954679232
0.022675310575928732
0.022805392228241145
0.027686450192032537
0.022557102195819037
0.022924588079914404
0.022644145142746836
0.021879900985773647
0.022010447082200315
0.022464423474995967
0.022000076129351044
0.02422875591560191
0.02251075737889933
0.02254842467152484
0.023452642457004146
0.02318144830092663
0.02726139413294632
0.025672095569534346
0.024419969216430432
0.02518767914549081
0.02431715072064667
0.023019838795803747
0.023030121310843515
0.024743768979324038
0.023088409330062815
0.02498901104998769
0.024017699278843525
0.025330744399553212
0.029695285674283145
0.025767455510192903
0.024503865395513538
0.026416357299885847
0.028543391728797236
0.02771046019266043
0.02775682545756721
0.02542674419232883
0.02572518541349048
0.027039893022182904
0.024629784493749834
0.0256137490549754
0.023902942936660496
0.027040596871757437
0.024735371048065866
0.023907630640110783
0.02140014519967146
0.022723557566629235
0.02374630685833685
0.02285789741486975
0.022075577672501828
0.02422930888353647
0.023628170984938416
0.02232381460828925
0.022657650547782533
0.02721928818463059
0.02255740075149317
0.023522023551793104
0.02382593013590211
0.02301803345355204
0.022664593746344518
0.02245862553445155
0.02352697775535531
0.024426679744573732
0.02375058754520501
0.023763258515722953
0.025538884207528437
0.023073327527222635
0.023166556247914753
0.021505371866629226
0.02492075216171888
0.022366867426735968
0.02091696253504654
0.02135254451068843
0.02084551892384344
0.021221610461828525
0.02080167981207145
0.02146653325098107
0.024677685984667935
0.023477007348415246
0.020605631975956905
0.02328731148081407
0.026729680632525166
0.02457067720578158
0.02268378138081997
0.021737939941212307
0.02477089730073162
0.02624799331310352
0.021892802533848812
0.022008879333787396
0.022669406894928527
0.02358425612453004
0.02130419879791052
0.0207522248648118
0.020956794527471657
0.020517410729197164
0.02119861801907908
0.021614302882185375
0.023620700471147615
0.02248330031488172
0.021556631569015366
0.021846508724004104
0.021473470294960117
0.022055945453512645
0.02194974018651784
0.02421199695243932
0.022657017068753598
0.022244057615896137
0.02201897804702647
0.022515459052923955
0.021225961146626057
0.020662450671225182
0.020977353274375055
0.02245078222982393
0.022856299324403882
0.02302150573716604
0.022309578983205486
0.02220539733738029
0.02493618229305991
0.02494347240393667
0.02198234663556586
0.02272548404660552
0.022504500081424714
0.02211538933626332
0.021827551571687406
0.022285893588961676
0.02102467572470677
0.022181365476311433
0.021121540178894935
0.022653905039978293
0.02388321184024859
0.024557359758652936
0.022098494130260795
0.023539523514851335
0.024853117675118476
0.02480151413938205
0.02580097800992674
0.0233148189711673
0.02239495271657566
0.02518564650301962
0.023065146430286725
0.02449043772733375
0.02216753110019052
0.023937541067772145
0.026337595095764728
0.024188001623747648
0.022769592784165918
0.0235329177578852
0.023658550996942276
0.02260361371558535
0.021883844195891088
0.02235336512927128
0.022076821033695963
0.02183193589315292
0.022751834324211427
0.02536921954995453
0.022917248231757566
0.02403464184114608
0.02320187064294462
0.021587783896928496
0.02143324864015378
0.02170730502673158
0.022545462219430098
0.023457947964234394
0.022385589578947512
0.022845158024075853
0.02431384590493679
0.024428129163547686
0.024512405475559086
0.023089260294232142
0.0241011132748199
0.021245352599637925
0.020916228703758505
0.020545566808376763
0.020718115149918875
0.02094021729999342
0.0206552074252657
0.02326211494836595
0.0250076902582359
0.022295866296338472
0.02099523260611704
0.0232047166104375
0.025079688766694207
0.023688131909107284
0.021747443075716293
0.02197400336274727
0.022103084217081462
0.025010865114143997
0.022390242738359097
0.022010028282089124
0.02158463782805955
0.0218974214552979
0.022361082378254245
0.020712555149167172
0.02124646494170924
0.02084505969424441
0.020622588248200797
0.02169765550847434
0.022663636386968777
0.02128428712202519
0.020067757198241026
0.021048532416019217
0.020672753786654133
0.020893783736886322
0.020650824402803723
0.02216160502109628
0.021523165299626452
0.02167846423802811
0.02108622729130781
0.021175242637324395
0.02029121013874396
0.0197129818657631
0.020398030864412272
0.02045420885233449
0.021492797769191194
0.021190042472605086
0.02077183658209527
0.02126314002739058
0.022950148930838216
0.02374332698104163
0.021730428046121783
0.023561866078460173
0.02321926754036887
0.022217850487597807
0.021233986198448566
0.021048007799332275
0.02103226995302513
0.021003255135960464
0.020648533370175262
0.021595444610529296
0.02475217696453275
0.02317999995407194
0.024146567375993713
0.023259967816715025
0.026643045422136896
0.02390490991457745
0.02601079767751909
0.023275986019231858
0.02236491961515625
0.023971424536911926
0.022223218832473534
0.02387153703828021
0.022247051251525707
0.02374161509490612
0.02350518355299678
0.024532346397407232
0.021348118308830804
0.0204725214214705
0.02015707551678603
0.020917450066079302
0.020365405872115983
0.020158582093102385
0.02056582203724252
0.021083190136115003
0.020624092645688614
0.022857882102790567
0.02026362591873821
0.02134503879706984
0.02098404927251637
0.020027820099344094
0.020713639559560914
0.02097860834668688
0.020633914336832586
0.0222975472121153
0.02107346440656807
0.021209474569844643
0.022295531285557994
