0.46527935088533834
0.06576988382256847
0.06059089036731526
0.07246331099581348
0.06759259425707526
0.06017564689914469
0.06142084445934043
0.05067309282027823
0.048529211672454095
0.054742079808534544
0.04373215509939247
0.04564938631089664
0.048249112438287896
0.04859147541703761
0.04734071632848862
0.0537812526025934
0.04941106751429302
0.04566348520542594
0.04758411262490499
0.042688714901038274
0.054432144170275615
0.053403155031888964
0.05001072624113845
0.05130522109040913
0.04233954293109597
0.04761553678483626
0.047940749151131494
0.05699406711146838
0.04218164008189131
0.0420371244939945
0.04509816011710969
0.04330185127038244
0.05091219757415481
0.049188494322742346
0.043045256823769563
0.04137826969117728
0.03996088287750922
0.0398587965420784
0.03803022455793674
0.04420486688091328
0.037294117935915416
0.03434297597011619
0.03221313441692788
0.03426005731007688
0.031885744421123886
0.037383715785345904
0.03556767451829063
0.035825481478430836
0.034821848814590176
0.033145700894288366
0.042932532280258236
0.0413538000717194
0.03867424214755011
0.041283722982650845
0.036482781310380706
0.03949922796062494
0.0356882296677858
0.033540034758783345
0.031721733135412024
0.034790546511641846
0.03378729682735002
0.03266843663466754
0.03157910493200668
0.03902985596521321
0.03736191104582023
0.03645109020966111
0.036946156356069765
0.038384827191699084
0.041016401415722145
0.03557912244568407
0.03540285660498924
0.03793284601911745
0.036838128975015746
0.035579641623239316
0.035670694350334084
0.03269998637895956
0.029943767888637632
0.0349741975476057
0.03850954207897327
0.03715206264531308
0.03718393603888186
0.035464800911190364
0.03606327187644825
0.036698985675629264
0.03187809303161498
0.03287935263222032
0.033921682054235874
0.031600224687332076
0.034622611619751054
0.03717119448882516
0.03142216112184709
0.032719091402370074
0.03193461230613025
0.03015825341068992
0.03231265382291087
0.03046155640981091
0.03283013210338217
0.0352635371184931
0.03557803417096738
0.034709193965733624
0.03625747241479313
0.03563812637904599
0.035423311681819766
0.029643044095368346
0.030548235023616407
0.03232598225064539
0.030147848829024364
0.026831543441050838
0.02854744912753271
0.0285686168021304
0.026933263984093105
0.029578123970861434
0.031944128140821135
0.029966525678681615
0.0265159556152212
0.030658349329316846
0.03259091845379698
0.029282345939390525
0.030053855157436034
0.02929109624397461
0.03169484940992866
0.034417492423255966
0.028814262376332025
0.026655882343579
0.026576220941885248
0.026935579726562933
0.029140353876533385
0.02718889531698308
0.026241757141361278
0.025621970865427134
0.024869851221947528
0.02626405875260489
0.030902061807498573
0.027599888466630182
0.02818634966175874
0.028556909317177307
0.027824270716192902
0.02733546166105784
0.027249798977182223
0.03202271636197365
0.02860328408498721
0.03016821493695592
0.027666502406427
0.02770289761666224
0.027034521586909076
0.029018780612539152
0.02958964434471366
0.03268512544713492
0.029234546497051896
0.030190345985367045
0.0295624315303605
0.02896001095852207
0.032311213187193724
0.02992633937352868
0.027061689367232647
0.02998375878137151
0.029736305811954928
0.02684022026283447
0.025555156044792512
0.027731373599573218
0.02669302255806358
0.025744584193755946
0.025749969516729074
0.02868175883579825
0.03460285137060741
0.02750711051979604
0.028433134914580396
0.031256527911664736
0.036596073807213005
0.03309403391669257
0.034819674732942334
0.031103582998543947
0.030329101144397713
0.03514803629162562
0.02913158327790954
0.029097245010218837
0.02742093893597684
0.03108895286101698
0.03127776394699737
0.030930196449660163
0.02597069627140057
0.026959083503339868
0.027708174054236284
0.02671576630271248
0.02648090901168868
0.02789027002093331
0.028329909611219388
0.02752291821979428
0.02667231619695106
0.03281293467990505
0.02749663631947635
0.029417973480112904
0.027845083454156688
0.02542467971712055
0.026987460905869242
0.02629926264861704
0.025235169352710144
0.02744390544442484
0.028899407015155237
0.027626009604452204
0.029453226186124597
0.028519013441466613
0.028996260669408355
0.02741781735184713
0.029473147852583988
0.026689871367808853
0.025677719435160257
0.02780367827543418
0.026792086544129304
0.025779832012020533
0.0257674827624592
0.027427552674341982
0.027641137834967886
0.025658417026933427
0.023766996285597225
0.02816203166549944
0.031122154408768733
0.029394256730603585
0.026280526215373294
0.026955543030320085
0.027769332657637907
0.031000167266954894
0.026620339382444857
0.025818204730603943
0.02624449985363424
0.02655018849575984
0.026023290536176736
0.02491922399903193
0.025578646225564106
0.02537470393010346
0.02699113982826412
0.028076043674433032
0.029822142320462017
0.02965585110533893
0.027980685660807744
0.026078283131442774
0.026163721087568148
0.027439719190535602
0.026195189010356702
0.026773144696179692
0.026861934566276103
0.027318521751178663
0.027910568385626704
0.025920074194180208
0.02560895391491407
0.025870167459817444
0.025399646396365265
0.026826670993424093
0.02695324128381162
0.027554896682092354
0.028969278087859672
0.028353390738272796
0.03047462727466233
0.0285464818847856
0.0273104638052753
0.027169536794030356
0.02848253933552639
0.027593339093877973
0.02587526410065393
0.027509185713792694
0.026674948225110157
0.028782313193609244
0.025747015789586967
0.027179477230355853
0.03367410449333899
0.030649571456318105
0.02951872948189785
0.032508994936785045
0.030291964461925527
0.03120110904625156
0.030198013393886267
0.027849550444615546
0.027487990376412384
0.029817305862355238
0.028309457778107464
0.027995328382527114
0.026123721694453997
0.02767276541021698
0.02900917902024259
0.02706388966632299
0.025811781878328163
0.026869133722562027
0.02687984888471645
0.026136319562728223
0.025103169097025025
0.0258098544839644
0.026795345298093888
0.02733935336172601
0.028512047085964973
0.02906662075031622
0.026136049935956297
0.02834874962395098
0.027469441138744586
0.025387868932152963
0.025985114511689007
0.026381151302969284
0.026494143517501925
0.028231970047866685
0.0282708805114881
0.029082244649274887
0.028468005797013914
0.027661880852090846
0.028059138186281023
0.028351470201979
0.028627669234283833
0.024967462422833365
0.024649874315420373
0.024278719884227952
0.024740030171129693
0.024312209620177154
0.024307223394497333
0.026755931309229597
0.028671586402699827
0.02725633924791151
0.025678747034324052
0.0259290748132487
0.02780025429428873
0.028243763818195433
0.027461309498664016
0.026247080444235838
0.028345638086798113
0.029214372403623665
0.025160013779768214
0.024680945342548794
0.025502438804087608
0.025748957056740115
0.02591545173026215
0.025319326849444806
0.025241548673305105
0.024715882019643066
0.024955081767997846
0.026934126746418617
0.0281499391252703
0.026653813488439308
0.023703947354587623
0.023997443276614978
0.02404285381788287
0.024386179506164125
0.024725159061019082
0.026020633499963423
0.025348744157705595
0.025144834478384295
0.025051201098649497
0.02552118544569722
0.025599660292693387
0.025847236087862414
0.026532526792837845
0.026586765348980104
0.027910553112186907
0.027488755758005003
0.026362550921637244
0.026586120911718192
0.0298881352826581
0.029532951578629604
0.025549391947779915
0.027429817392507088
0.028413385286707515
0.025724667858444256
0.024241190863868726
0.02488713386469732
0.0249687836653415
0.02591227045804605
0.025418197698425835
0.03138017300246837
0.02991158533471484
0.02968148472597507
0.02864029489278584
0.02784033256875903
0.030630539589828632
0.03181094251127902
0.028647255219235553
0.026480374866181156
0.027134638757018978
0.02707165834982723
0.027102742319182853
0.029570980527821273
0.025475350383576772
0.02685541294430077
0.02712987363205372
0.025400247794923423
0.024374270223878235
0.02501077954978865
0.02499245084267258
0.02435522039307613
0.023681982884529384
0.025124871673902083
0.025857764126694018
0.025302097000883712
0.02642884336999247
0.030608923537298084
0.025256323264461544
0.02699214498629158
0.02505955863489619
0.024219201177577886
0.024466357705268907
0.025449339241428892
0.024823169804722565
0.02717960852724738
0.025364871259885517
0.025301667370475775
0.026204544298888785
