0.4635806592732422
0.08878476265577451
0.05350933034884525
0.0456513649632339
0.04169015058620678
0.03998816635364907
0.0382845744815035
0.03760323682179725
0.03680864579972393
0.03595504519251169
0.0356066140750544
0.03495564220961995
0.034463339182635666
0.03411301205528923
0.03377029982161988
0.033351328560831554
0.033010498042165194
0.03246626533511672
0.0319862009644714
0.031337707096526654
0.03112979404021713
0.030665449459112995
0.03048979743316151
0.030262675014569463
0.030138548171921353
0.029689549101205085
0.02946673460239988
0.02906600511332994
0.02901697622145139
0.0290438522431987
0.028673643402903095
0.028476279024810185
0.028082764683393133
0.0277385352980457
0.027305434945828193
0.02725413765096085
0.027228330631923273
0.02694741389125028
0.02684545621610641
0.026454725484339806
0.026010539876345773
0.0257238826579542
0.02572636776991787
0.02551004943993594
0.02542041080034678
0.025312301311492823
0.025390664291288882
0.02544754568400231
0.025082858272947976
0.024751374230253052
0.02466526178753226
0.024638781922921835
0.024313489595653662
0.024105111985761287
0.02379885174886657
0.023656974338620938
0.023766293094653237
0.023676136374556553
0.023352181315044473
0.023263627107038803
0.02328870318994772
0.023203726379636927
0.023035777041174096
0.022993380723945432
0.022850033100286583
0.022960245172008256
0.02288420519782523
0.02293212004708485
0.02263100311603394
0.022639317058932185
0.022827974002291203
0.022798755784099293
0.02248971070539356
0.022258621757754612
0.022300098558091886
0.022172421225947626
0.02205139636114132
0.02212176566821426
0.021933092654130567
0.02225710843128707
0.022075424368511662
0.02199905969217706
0.021945500457094497
0.021976447101263803
0.022012566769072928
0.021761771290383456
0.02148261285126498
0.021388167381117727
0.021380431204992185
0.021296985593875287
0.02148648931983744
0.02105645467865815
0.021015568804268834
0.02080137776815884
0.02063580405625479
0.020602509083913978
0.020476689199233355
0.02024379001466162
0.020139669519263263
0.020164618194506073
0.020318092023694286
