0.46293497501832265
0.060514647589033736
0.05906282335423276
0.061811690112982785
0.05963948533906022
0.054014510783600034
0.05559316177643449
0.04656800520221903
0.041565591567948
0.044210181438249
0.03989054098529234
0.04505979152764957
0.04761617199138328
0.03990433322882176
0.04751391572170357
0.05596940747571226
0.04942779493499958
0.046916353634305644
0.04276929568023074
0.04162490236636584
0.047592700149725796
0.04963637077242045
0.04155950857776322
0.042285404058472614
0.039795437305885806
0.04465035261038711
0.040642848455788645
0.04827874899048287
0.0406626843630242
0.039004276075095025
0.03872780239648417
0.03829055145135995
0.05228881693041401
0.040379606140604284
0.03838042608247575
0.036986966247784324
0.03607763578732078
0.03742908491363371
0.03286450414614002
0.04177780682508636
0.03455162525603538
0.03172052622385565
0.029527710023338614
0.0327317551334501
0.02995275072100602
0.03437750894988569
0.031838537087617455
0.03528617248444986
0.034025018246318414
0.032643247272483876
0.03538235450154679
0.0330711252883839
0.03283554882776368
0.03520807591516132
0.0331008430906996
0.035793181483985116
0.032961901501452145
0.03187150080119736
0.032178112064053445
0.03274273083362966
0.03266075245206592
0.0331485762050612
0.031424649745919395
0.03563611400739849
0.03298958868732213
0.034800025437181886
0.03252199035305756
0.03154721079802332
0.03475979753217854
0.03381057321185894
0.033482504356444454
0.033991708407325294
0.034869659073428455
0.035247140119207696
0.03310319644503509
0.030996556912926628
0.028155412463909266
0.031659886010089774
0.031800085496240305
0.03140561058167745
0.030781613160143745
0.030643260184943417
0.029574717505029872
0.03040885070042509
0.030832213861738466
0.029570483578492707
0.029213356973168753
0.028241354598393848
0.03226245666136004
0.034074539951387525
0.02847555630848231
0.031921426808609266
0.02975793917387509
0.026886244571295476
0.03212660838946021
0.02751404058906126
0.02798853957709938
0.030523022298884775
0.03250055602325426
0.03324861888810031
0.033550008434563384
0.032080683366445824
0.03004817988463468
0.02786589988601231
0.029985100304554452
0.02974576290941723
0.030059065328043196
0.02571311784348674
0.02597090628093016
0.026389933093850477
0.02626448418461246
0.02793830639957448
0.03364811919293867
0.029638455486432676
0.024339914723053968
0.026802814505248924
0.0293964208415854
0.027784131623538523
0.028577144465480313
0.02902174881794941
0.03204196034740521
0.03415069987809104
0.029811120385967064
0.0295606951748
0.028642724198114016
0.02804861901088635
0.029558767351514123
0.027550527151222744
0.025301063925574022
0.02444568310555284
0.02541613359433205
0.026078170429440235
0.028686545603087706
0.027873856097943104
0.02760375281520524
0.02881795868380365
0.027922772458973788
0.026982682682700636
0.028891025813745475
0.029158688144300497
0.025897673867577242
0.02565036035042531
0.025542285895758306
0.025003870820199406
0.026266166922824213
0.02578411173096129
0.02552715129606306
0.027148673514307702
0.02730595857002299
0.027732530713085436
0.028633362645322978
0.02874357548844282
0.030274115522143562
0.029179698491422823
0.02824537667792153
0.02972460981373142
0.02937430471832159
0.027860868473431836
0.027060207890284103
0.028186242225182352
0.02667616655701671
0.028402211275043505
0.028709498140026078
0.030929002716629354
0.029854239903757452
0.030582803225714387
0.031369166511815566
0.03215753191225942
0.03565803056468971
0.030271054125594214
0.029072687937890945
0.027446198449749496
0.029721088579427093
0.031289853853017836
0.030987097064870215
0.03099017564805539
0.02688036554564447
0.0306771912199169
0.02833456552787951
0.02832392319931345
0.027002421361555007
0.028838767314386067
0.028931541573906962
0.026859734509232472
0.02528190585938636
0.026365876583141695
0.0251870970437035
0.024163242656803228
0.027900399004091535
0.03051765282058947
0.025940612593788798
0.026195417175013294
0.025477122058687445
0.024069609222502873
0.024560919444889053
0.02498215351637479
0.0261146209255875
0.028217749612737104
0.02807429762352175
0.026637783863318592
0.02945518236139306
0.02839845300929745
0.025572890486070882
0.025278721899361103
0.02628048306817958
0.023975904926944083
0.022895811029648862
0.02456497523813953
0.023961172385518224
0.02440485281083478
0.02419755485527374
0.026534245719257925
0.03010417826736188
0.029748816156695876
0.025180195838202957
0.026414485457620217
0.02852794326203485
0.027519201492389702
0.02540173164025852
0.02790258697271073
0.027160312074183946
0.027720416846042907
0.025284905320104665
0.02505502741569421
0.025465966048664888
0.025390604471989684
0.02520199967469927
0.024225443096719146
0.023900687469993645
0.024178169324718012
0.025341187799050074
0.02536887960522311
0.027333081748849505
0.025848371558078665
0.02411622982940773
0.02451416841727581
0.02441196145483231
0.024602919687446424
0.024892983206807023
0.026753894608512366
0.02560037766381742
0.024304528837668232
0.024733664636192216
0.02437820675156
0.024515316922590222
0.024975503427305545
0.02589880527506355
0.026036527675713697
0.02679423733456948
0.025651462514122557
0.02687274630647918
0.026624959996099207
0.02837289006270301
0.02868662656037606
0.025053857958583958
0.02462876652053137
0.02631298708367283
0.0245544364641053
0.023983573197253357
0.0250983522472119
0.02473793193748836
0.025046074598124114
0.024433771461332472
0.02702034176453466
0.027327327295860404
0.02819758179525835
0.027463561949856687
0.029636497307356884
0.03147884385089806
0.02913490959609745
0.02882211299556483
0.026451926499682386
0.025442660924966554
0.02750381543064816
0.02658660486427642
0.02911218657525952
0.026801234592093232
0.028707576952750353
0.029641843270257307
0.026636059375443014
0.024921071769650627
0.025274148203491935
0.025218285797971748
0.02533913804466355
0.02541770204136169
0.02581982928918129
0.02539035350940447
0.025568661638684497
0.024545964943478202
0.02965439784919398
0.02736565227596746
0.027312303060763047
0.02553574949006681
0.02585438518360478
0.02611331345450054
0.0254756221492734
0.025378838644013316
0.02608203055164927
0.025096991650617153
0.025628178434118517
0.02739054083792097
0.027310733233803678
0.02701713801347035
0.02575864271510747
0.027004950715159237
0.024638394081823216
0.0240630202277544
0.024610192270928487
0.024701958672728206
0.02500873682948666
0.02448955896779307
0.025426726305736603
0.028899811065247062
0.025116525355916585
0.02372428609386893
0.02547267929047909
0.028600682833939045
0.02640401999135972
0.025914378345399777
0.027249235672270684
0.028562891352513317
0.029662717295378765
0.025529108048453146
0.026340113221113577
0.027575840471739596
0.026681320297277128
0.02461404599143285
0.024014283728432617
0.023414734596696817
0.023468387279548242
0.022951531878688237
0.022784412916865816
0.02450096697210099
0.024049208843659884
0.023472894837682664
0.024629587488355257
0.023498087858484427
0.023413363157650947
0.024715032933948958
0.026280246817140644
0.02604130690312982
0.02609061733009324
0.024995635003614864
0.024025638739663104
0.022304566612742282
0.021930473666672515
0.02215916523545539
0.023259446177013792
0.024506773141919385
0.0242101915210142
0.023336761302135127
0.023669423469937112
0.026985949570043726
0.027459350106639868
0.024189289589326795
0.02581547354283436
0.026699231010223687
0.025888573014764656
0.024377833570976074
0.02382520271846596
0.02458366980575666
0.025935976153524967
0.025072833901073753
0.024824449864074692
0.027792612320209166
0.028349742660945886
0.028132405412506875
0.028483563071897523
0.029523963153476055
0.02928939215496667
0.02979379790865439
0.025620363312908883
0.02456425860303223
0.026159803616137838
0.02592059062591916
0.026906393002944746
0.024830755560143514
0.02624511345657537
0.025049240536001126
0.024234114214764558
0.023358640614839964
0.024044708982848252
0.02406070488454152
0.024670589107710503
0.024146778617126576
0.023799445226778706
0.023954147070208123
0.02401763677187932
0.024517372013476035
0.026037926695357018
0.024575259976580627
0.025063387311062037
0.02536194133129924
0.02423943057094427
0.02240231867286091
0.023313722127869328
0.023968931908007907
0.025331828831168832
0.02450421551903963
0.02485422914129185
0.026342492620596993
