0.09182810611321846
0.0844084772170241
0.08243269182704352
0.08037723942415148
0.0927433859147616
0.09760286037443558
0.09374880511325469
0.08094821598683127
0.0766631414408085
0.07994659028690351
0.0841612178209138
0.0841612178209138
0.0841612178209138
0.07055449083443895
0.05871256324231244
0.06398194618973255
0.0649502436511343
0.0724247962845831
0.06354458077691937
0.06901813367402573
0.07113628904111907
0.06919633652209045
0.0629970721046444
0.06300055316609103
0.06413259337767827
0.06707432643139974
0.06405266272046152
0.07053521841354453
0.06873884187540248
0.06948362423160696
0.056026678509408706
0.04992588310631027
0.05162682016236792
0.05745140048633061
0.04951749079668637
0.05077751076270931
0.054327129424108396
0.05684651787280731
0.045510824883099904
0.04760466805103047
0.052682338334479994
0.06717423027445181
0.06164609224262963
0.060491485985976964
0.07706993435836812
0.0645725023781224
0.05506398657776068
0.05496474783736091
0.05526141224922588
0.04961322448680976
0.06173530502391429
0.05444285583826934
0.05085341812432067
0.05640226329372224
0.059009332536832215
0.06220182180680675
0.06345357552881332
0.05733512941127289
0.06188353828522884
0.06097125068451819
0.06023833779863976
0.05944095757983593
0.05940452658003942
0.05474188586231663
0.04683842393875553
0.04713739143416706
0.052392111644286296
0.05287912529773408
0.05439189499260827
0.06560401109210641
0.06268743517269072
0.06376415265259054
0.06128388439578699
0.05761949485298484
0.055163448128614144
0.055163448128614144
0.06093156973060308
0.06093156973060308
0.049577726417752724
0.051307485041535074
0.04837947230694639
0.047873982494331065
0.052501811389801575
0.048566026493586836
0.04856460500468271
0.05672761598537163
0.04923050376719102
0.04853677187527183
0.04852697760913951
0.04847685620356767
0.04845355653263932
0.056549152281348034
0.0508685544862995
0.0505195257447691
0.05331716362848824
0.05165570580462453
0.05075848221171603
0.047956651767625515
0.046772890585789685
0.0463080013792874
0.0463080013792874
0.045810404771109994
0.04744393823683788
0.04745165643341934
0.048274867301346926
0.04797618469341488
0.04930029640301077
0.04715565317341479
0.04685592577491489
0.04880779353506393
0.052264220295115675
0.05229291949520398
0.055261539962858916
0.0538001355590125
0.05308204515218447
0.05422190663465862
0.054593792627573495
0.05231439353184237
0.05227152042073665
0.0503529291837868
0.05094622672759817
0.05094866831564028
0.050201823071840276
0.057025905243785695
0.058276742216669807
0.05800284903029148
0.05646372531614453
0.06003496579167309
0.06680542454919004
0.06188418230472823
0.06385288900013912
0.06403190291484444
0.063991299838021
0.05822434468080946
0.0564806959357822
0.05704776303332573
0.06204393969795523
0.061703469505583856
0.06043524755979466
0.056979307518658186
0.054459737160777406
0.05429856723913008
0.0535537019518066
0.05320740241160741
0.04944537170876152
0.05311920573339886
0.0493357772723601
0.05175749078113422
0.05164865780865045
0.04919344749780685
0.04612842965982598
0.04382349042179108
0.04718045591263726
0.047414935721232745
0.05010311635970233
0.0497311436193944
0.04505804228126504
0.04582695110378787
0.047769291563333496
0.04762496574065905
0.04777889121554959
0.04777889121554959
0.05155639271695664
0.04951963858976391
0.04869268153442039
0.04638548737624476
0.04651139905257559
0.04550624002290111
0.044385288135414216
0.04975120610720297
0.05349222963448999
0.053085323269540075
0.0491268658020275
0.04872246298954345
0.04957283915995122
0.047188896277826936
0.04725017025151628
0.04665080786780101
0.04962535062172094
0.049142281466549656
0.04809007436941662
0.04865176903545627
0.047750448122306104
0.04630120440452344
0.04881724544270331
0.055270795950850674
0.05496995173355193
0.0516134653388378
0.051765994902952236
0.046674130137814324
0.05113573275637571
0.05761170386897214
0.053153305660790975
0.05345814407286122
0.05660925826558698
0.058050335526041885
0.05797872838997367
0.057743317957570046
0.05761030386635615
0.057916654916057214
0.06209290705129022
0.06382209281859748
0.06052986944189115
0.06341985985337055
0.06159079534282035
0.05537673564759005
0.055299134877398744
0.0548274311311846
0.05844441910518366
0.05437198026585895
0.048787512136784984
0.04819907265806233
0.048507635854482166
0.0484820191866692
0.04849215738389575
0.04668036475122375
0.04700127644683635
0.04657917709895455
0.048737277452840795
0.04775239175222595
0.05101625424122806
0.050855552587533756
0.045878689875619286
0.045842803227089876
0.045930248775881095
0.0449766788487645
0.04496487554333742
0.046707440083596015
0.04669011061286246
0.04933476767824708
0.04706857993520319
0.04636605164339868
0.04574329829928326
0.048789006731551954
0.04904823398501341
0.04780154118070979
0.048026134343091845
0.04802943373854884
0.0467478238599993
0.04771553097376468
0.048258861641119005
0.04788944717031869
0.05132854203576132
0.05179534496821851
0.05158948924092688
0.0518273638051043
0.052989242362674535
0.0492497240320566
0.05009225879092942
0.050391494192125186
0.050391494192125186
0.05040238000491281
0.05241278871785767
0.05012753122212377
0.04924708696874054
0.04912626805792977
0.05568372547573772
0.053230560719018986
0.049927077169303884
0.04998102621393291
0.05432491384403706
0.053641903634895884
0.051164369642998316
0.04938411442119269
0.04844024677107571
0.048569978947636316
0.05484549816131565
0.04989197973985403
0.05123314010116556
0.05228141499687517
0.05434466313540864
0.05307129827463543
0.05261877096211187
0.05240113615638932
0.05369408838305026
0.052761515136461795
0.05270516787526662
0.05250383670906641
0.053266711918553034
0.05650324297229064
0.0539731527542358
0.05388967265205463
0.055982110920904916
0.05626741599571889
0.05607031807973841
0.06059392272252113
0.06063455035359614
0.059902642120917594
0.06206905661239591
0.06738088236561285
0.06520270901593958
0.06732416751412901
0.06417725599329396
0.06830961464754551
0.05673758780655272
0.054986384265675654
0.05492513330768231
0.05377589825473949
0.057481091236113
0.05468302884552281
0.05583497271541936
0.055324885470119003
0.05734893493614139
0.05706716909395973
0.05693173310033393
0.05413498117399585
0.054575373491547376
0.05203174632694552
0.05196506363500787
0.050504632474266176
0.050172903925770874
0.04874414823451424
0.04876520538351624
0.047747057315564674
0.046665533612913826
0.046269276151193445
0.048786814933199966
0.04880383994392955
0.048765283760093224
0.046609033988807745
0.044134637509011726
0.04611606534870079
0.046491750353869835
0.05083645079062307
0.049199669576083134
0.05028960625531024
0.05147379635827397
0.047876099385861744
0.049174480344900406
0.04785247074933374
0.046515354825042356
0.046183016396850365
0.05040807570631123
0.049440939627441574
0.04922808228867761
0.04890924009286901
0.0487377545925993
0.0487377545925993
0.05115197536344402
0.052837356130103444
0.05282361044114435
0.053125159962371896
0.05303714330629751
0.04902423368948893
0.049574060369241245
0.05099909666922859
0.049948358691508425
0.051314459362199936
0.05224410067455808
0.05224029339255413
0.05192775030506921
0.047860165801523
0.04506434931352127
0.045066301200588764
0.045056693549214336
0.045070800852635574
0.044723501500310965
0.04602652013752104
0.04622846002875765
0.04580003030296312
0.04555194790925369
0.0457518313333919
0.04564639838158421
0.048604618065159394
0.04776107076799302
0.04540743033066566
0.045315537666492045
0.0453173418818801
0.04621293059604256
0.04621210747611693
0.04385249725573842
0.045764759596410194
0.04740233973299941
0.05067443553834445
0.04383913577536322
0.04383884908587915
0.04382310997068775
0.044014619792020294
0.047287310958365684
0.0472984951445557
0.047182782124244003
0.045674383850451264
0.04335429318591784
0.04357571198519492
0.047370133813637104
0.04359154321947287
0.04840851195597766
0.04550348535699251
0.04503956307976613
0.04557073704769532
0.04552619753514782
0.04552688261334242
0.0526578978318003
0.05168478656302521
0.04886985671550238
0.05056699129324526
0.04984192990500924
0.05014658525020685
0.050922062137639564
0.047991829838754343
0.04764223287700046
0.047030096882989064
0.050091460701001796
0.04528072844670763
0.04528072844670763
0.04488306926684749
0.04494525226745461
0.045141227221926435
0.04499850398053555
0.044974991505835324
0.044748353489951306
0.048668871001561885
0.051130173059271686
0.0468877012360686
0.04641917941914319
0.04719623299180058
0.05189128532897353
0.0576202655657164
0.058105135317399796
0.05677229687989027
0.05640595777889424
0.05843027012819802
0.05633683790826895
0.055138845082382516
0.05328471870490029
0.05275823186110779
0.048561320549224934
0.04856122087121819
0.04525857540926925
0.0450662325159079
0.044136055782738305
0.04411997646433913
0.0445801013464824
0.05046336929846757
0.048038936541459326
0.04716896517092607
0.04617276501648898
0.04670400618768827
0.0469402982372682
0.04884022375809702
0.04674301375523484
0.04487422950738209
0.044806296301460394
0.04721933096347464
0.045267793190235696
0.04464625006481487
0.04481167924446756
0.04396440234345525
0.04374339272429039
0.0440255146419375
0.045612681688161204
0.045724807625275206
0.0484763548758128
0.048851190953281706
0.04952592760932102
0.050729109835047484
0.04959122358001266
0.04934156873038256
0.04849728424170714
0.04577509864939797
0.0469425965836982
0.04677755441618091
0.0460663282449235
0.050796853154143964
0.05128682593334694
0.05133166296122956
0.05629926124255778
0.05590566062623018
0.05906108912027514
0.05508411892684535
0.054876533952568814
0.05293657514457696
0.05236057496229575
0.052050590332814894
0.05332025253083841
0.05920533611677611
0.056280904447629475
0.05644320846218516
0.05784230900673113
0.05183167680492984
0.05312743324342368
0.04934727476860175
0.04933960779342128
0.05077510620981132
0.05077262002408274
0.052339400084866504
0.05300011016085622
0.048728974207074956
0.04712683402404358
0.04632002684142658
0.04629904122912873
0.04683224203550492
0.04674171779881978
0.04673316688160489
0.04682471441597974
0.046820804934981135
0.04719526467679586
0.0471507557337188
0.047150163510684795
0.04501787883803431
0.04546582157613259
0.04509900734932494
0.045094174007181936
0.04535127270473744
0.04576896683503762
0.04905931401859409
0.047782477478887794
0.04837618762710786
0.047635060285300186
0.04568805230550451
0.04617519287889743
0.04550525429952785
0.04549108448710338
0.04634978963912117
0.04553630388836702
0.04884502664238887
0.048964399543566704
0.047478009252224694
0.046776978282706265
0.048012716275574976
0.048683738047823014
0.048474576675370126
0.049722703810111346
0.049049797896649074
0.049033906392274784
0.05039767653107485
0.055167342492944076
0.055312186372419685
0.05770275464495496
0.05367578733927995
0.051652285798020114
0.051356072031946365
0.05131357384950242
0.05085141094598428
0.050783670027444675
0.04943440113999246
0.049034095703310306
0.04902635355338972
0.04901042245827808
0.047789883988307795
0.04626988096673962
0.04626975189129946
0.046258963524433615
0.04610512431885721
0.04828727659742837
0.04709748301318176
0.046745253082770444
0.046610885946693256
0.04813898651644258
0.04884877189603127
0.048801049603403965
0.04858957748433841
0.04945928320153964
0.04799630597089719
0.045436874988674554
0.04814127258010909
0.04520355072526674
0.04914434042610155
0.04742787193527414
0.04741939404635627
0.047800472319368105
0.04637699553529395
0.046442302567994496
0.045905327539669104
0.04521565152098737
0.04331357624621705
0.041338612493949725
0.04166365841163087
0.0416556573860588
0.04406729631702197
0.04356459902436552
0.04356462093895725
0.0427404632915929
0.042485633270257346
0.043100303881753586
0.0432537087778559
0.0430945096219781
0.04472429535663851
0.042392574813959895
0.042508105596220265
0.04396080921113883
0.043919121666889965
0.04517008067922178
0.044126126121787096
0.04417660921437728
0.044175264413541325
0.044235017844878315
0.0447720866342848
0.04363965831204785
0.04363190542886845
0.043548622584715806
0.04707436554646835
0.04686461426405682
0.046980891174791775
0.04751418212138728
0.04647961934505838
0.04658629397356711
0.046586288224579775
0.04718683016771757
0.04546210306713755
0.048341981412761144
0.048534154736579745
0.04850593625596071
0.046991838726289877
0.04769597910646747
0.049948714849818436
0.049949296730337975
0.05008201272067259
0.04878716022321285
0.04879284099338141
0.0491708927838447
0.04905192657110646
0.04849781386288777
0.048576902781186336
0.04840462411267035
0.04883321777461326
0.051402395061620684
0.05120838039649148
0.05120838039649148
0.051192950929622144
0.05040264412129371
0.04580944773638387
0.04634364334115944
0.046342359963737534
0.047211669050755085
0.047026432497334965
0.04788687296910245
0.047465072252136836
0.04610642221093225
0.045555692289160794
0.04477245294435209
0.04503663092680963
0.04503643195852925
0.047650184698370346
0.047628676252020614
0.047628676252020614
0.04613982933187137
0.04607433619481069
0.043154439824306765
0.04558097609494675
0.0455037490121253
0.04461538256318242
0.042706142575860376
0.04259643352132295
0.04288024264770154
0.043129884689617794
0.0449810548953093
0.043921102865823146
0.04631888369699145
0.05015042409020684
0.050150374664155846
0.04857623122862001
0.04524705120441696
0.0451484221741869
0.045978647937711774
0.046230267932068095
0.04565179995096967
0.045633966771655966
0.04344746214197444
0.04341813642214849
0.04373653781976514
0.04321544315961767
0.04321542455196009
0.0429318944531392
0.042931895850423674
0.041680853989137664
0.04227330802637057
0.0426076048216462
0.04256970204749103
0.0422224695234013
0.04421598712015276
0.0442128503195594
0.0430097739616777
0.043022813208143336
0.04230767016849252
0.042307573254821575
0.04236705064439026
0.042260603780540196
0.04226003130474259
0.042188832200928214
0.042178424191299066
0.04062920174771906
0.04061821238450765
0.03852686987270674
0.038826121520622765
0.04016803400296131
0.04016737539124041
0.04016739951533047
0.04016493726978432
0.040160576164272356
0.0384095974944118
0.03659856427077641
0.03715181911424832
0.03749765840157678
0.04024556880303208
0.0402450299343241
0.041208293277245386
0.04129872421984585
0.04252059612423133
0.04252010032063053
0.04069498538174553
0.0397754542021165
0.03987820614569079
0.040128207901827785
0.040126381014538186
0.040733863422979584
0.04056568265167775
0.04047817368458059
0.040621559893392126
0.040270706280059285
0.040428026169142955
0.040541709082861636
0.0419636309235967
0.04181509855683595
0.041414833709200446
0.04141392967898579
0.041167399470292694
0.04071247651804707
0.040713120499150296
0.04204533167944927
0.04168745731470857
0.04171969733930759
0.04170816774922578
0.04247128623983972
0.04774224715086816
0.04593472563051106
0.04637353300452692
0.044591669028802725
0.04178978241767525
0.04124187560176893
0.03993749507451471
0.03989549362434142
0.039746049709743686
0.04157838190123187
0.041101352637590696
0.03849512600357348
0.03758063475484521
0.037420364361325176
0.038553409888239416
0.03837761297871474
0.038993607000972194
0.03962324649438562
0.04095369660478952
0.04095699383964531
0.04076137366308678
0.04057092201993796
0.04031637147692886
0.04118382146561174
0.04113142659287791
0.04125589109033138
0.04125558685551001
0.03920136242209384
0.03912622124922308
0.03931603238157276
0.03923072681193507
0.037910570434668986
0.03817192391218724
0.03805639604678717
0.03782171707777249
0.038008510511248476
0.03798330302678507
0.0379831993482859
0.03788605230164928
0.038184524286671385
0.03815911758008671
0.04022436093634197
0.040457813827985925
0.04265070744094313
0.0395568248512978
0.03982593220999376
0.03842959608138575
0.03869392514485271
0.03856160370552627
0.03856160370552627
0.03852903990911142
0.03852903990911142
0.038421692606470485
0.038932404950085805
0.038878475463188136
0.03925324312303066
0.04010856271619316
0.04051456527277751
0.04027254489721283
0.04029208082564966
0.03980253905319872
0.039122453833570325
0.03751654350475937
0.038747325425708856
0.039702264929481555
0.03922905840356289
0.04064677435738736
0.04059401437886608
0.03961364150645538
0.039559673291179744
0.039316445512595964
0.0389118954669755
0.039008135815600524
0.03901227825075956
0.03886375250880085
0.039566065453381
0.038416379913302046
0.03772154336609023
0.037699753326092385
0.03855835797874775
0.03876523168311663
0.03742019222002377
0.03727167800889621
0.03726939376178408
0.03726000813361151
0.03700694100197875
0.036911799464370926
0.039201575103868645
0.03785823562561437
0.03720273944513956
0.0367744587194837
0.03677502139962205
0.03520698917021263
0.03521920495431743
0.036588465287474774
0.037000665547920635
0.038250304479232555
0.037525631466880725
0.03911334068018471
0.03911314631267784
0.03932818553601144
0.03881862208619415
0.03881844533615042
0.03991486978695363
0.03990631939001691
0.03880402295078464
0.038235121764787515
0.03750553985040387
0.037504696007254104
0.037548181553435346
0.037549099257051466
0.037028215727112526
0.036969669052250374
0.03895141834764238
0.03895211183889269
0.040310210734540004
0.03878910437381579
0.03924993073731944
0.0385021157469847
0.038497687322624555
0.03861203197160656
0.0389820171467938
0.03897478849027567
0.03847824475954313
0.038476084320171786
0.041394960133634986
0.041394897348259414
0.03856255599384453
0.04062006453841925
0.03962698085288516
0.04012928210544818
0.0401258215757435
0.04011706662948472
0.04072652262765621
0.0384320449142166
0.03884371741475031
0.038293085817421454
0.03728993859977203
0.037086857415424904
0.03938990191814045
0.03915838071857558
0.03915141197989102
0.03904499960141406
0.03906059825379429
0.03987387984380786
0.03998789199833982
0.04202984171520329
0.0423162561562675
0.04210989870160256
0.04428805003869051
0.04424583951060871
0.042492966333753344
0.042492966333753344
0.042520436135308905
0.04268613485912972
0.04239110462517807
0.04236471903662293
0.0404985269360576
0.04020567233423574
0.03991491812279113
0.041091881831730695
0.041097480133995015
0.04000058241244423
0.039960397997301104
0.04003681783306037
0.03808281009434989
0.03809068877833067
0.037689141490884516
0.03774382634867993
0.03763004988294727
0.03761434769616752
0.03756656265638141
0.038643134715421405
0.03806856675456519
0.03733790051549355
0.03691903914857889
0.03691902010495825
0.03653999269429983
0.036952310491646725
0.036951922238295604
0.03695323387732113
0.037008780458393564
0.037007403002827836
0.03708151827137403
0.03713660930108232
0.03707734187255867
0.036956141442298786
0.03655170340592512
0.03655170340592512
0.03689204371032247
0.037265383625800015
0.03763053236700097
0.03766256404634271
0.03802685629493744
0.0408656818183886
0.04050686475343639
0.04438994415535704
0.0422500692589082
0.041838146422569965
0.040973823693580415
0.040887764592174115
0.0416190056108114
0.04166070498425824
0.04204133871039064
0.041956065452135885
0.04187434820279989
0.04222549296387264
0.04076312140278861
0.04073229563719322
0.040827539080162574
0.040919421850930046
0.041062818044592955
0.04106246334700546
0.0414859248222961
0.04158541171636507
0.04059725429724319
0.04060809131545501
0.04069554333500307
0.03999280576030418
0.03953100142111661
0.03742390885893779
0.03741749480441148
0.036842941832331735
0.03650223983775656
0.03731712935187852
0.036347011671167745
0.03615796106103459
0.03678293647632295
0.03678330060039969
0.0367759093111256
0.03677649310872094
0.03697897545919782
0.0357410415045527
0.035431328695502265
0.034104523504378356
0.03410424319012411
0.03372542794360952
0.03340417889103245
0.03338012277365088
0.03338012277365088
0.03302519004634835
0.033025013508375244
0.03302487790332531
0.03370229756747214
0.03367900824021316
0.033674911689686594
0.032837427382820646
0.03283742600922126
0.033294926870938435
0.03329308497014076
0.03328438201388887
0.03461559050347448
0.03562408180939983
0.03562642382525199
0.035664839109300364
0.035563470005694396
0.0351610876375573
0.03514532891336829
0.03737445530456698
0.0370555651376827
0.0372485247182311
0.03776895878798217
0.037608558568701614
0.037607889930178925
0.037607772333619456
0.03563002571461463
0.03608748514610307
0.03603320751216342
0.03603320368445165
0.03581444436366777
0.03581444023404071
0.035897459319034736
0.03630271270479994
0.03630271270479994
0.03635345153520787
0.03635226677255479
0.03738874158271137
0.03898397272992381
0.038660899777475305
0.038932559422737226
0.03890422348932504
0.03779467593741164
0.03701237350515726
0.03651453804360853
0.03921872868177038
0.0395496358944935
0.039672835734981614
0.03923076162438992
0.040603337480911765
0.04057898692462406
0.03857735645596548
0.04151460480444071
0.04151546878403172
0.04157651289230453
0.04068855498906816
0.04064806828040729
0.04300908167409222
0.04473807851105127
0.043997133297765084
0.04342310742041174
0.04355180396155973
0.040082949912188366
0.04158719210145061
0.0431982153536529
0.04349588599982032
0.04319799237319984
0.042157958425217974
0.04167036548141517
0.03922112481679706
0.038703147269541806
0.03865573853542407
0.03864647037096593
0.03643397430389497
0.03643061487100378
0.03872662476092266
0.03781983074646526
0.0376367155987092
0.037636704914422156
0.03750734163063392
0.038622173399974695
0.037802731533413146
0.03741415555092133
0.03741367452676482
0.0356423307511134
0.03577452317348183
0.035194661892957065
0.035342112406876326
0.0352129589981242
0.03644661984172417
0.03618052303552087
0.03618052348834754
0.03678106766297729
0.036975449067120074
0.038187065245305796
0.03721166772137282
0.03720660060298116
0.03679277868517823
0.03560475500362896
0.03559655112973693
0.03559643375127076
0.03559625153582048
0.035277993023728985
0.03527831379437085
0.03542825782788547
0.037368016435486526
0.03700846571694948
0.036845033363821604
0.03615736553364998
0.036956346273539296
0.03702542643472502
0.03675814072472722
0.036758125903766606
0.03675465781115217
0.03673515201050603
0.03670379450071989
0.036703164674293944
0.03640315600127412
0.0367374131116336
0.03865101397078011
0.038127226972850065
0.038797323128116415
0.039704341278934095
0.03930864861148844
0.04069489020633186
0.03928586513608919
0.0394557913358015
0.039174067038747054
0.03778758678738756
0.03825765295078943
0.03825765295078943
0.03826431907106236
0.03827141623854371
0.038599692958854036
0.038565529779256126
0.03824268597398366
0.038009860868241215
0.03822747555470674
0.03834852500496178
0.03702152723215612
0.03680543605798372
0.03680531985289386
0.038030789527505514
0.03747463587300023
0.036584827766457446
0.036955777112547654
0.03576512674111757
0.03576510511994108
0.03575274043535499
0.03463874246182579
0.033965590319098855
0.03424184723240604
0.034229920076254444
0.03443231085583953
0.0344302009418727
0.03443015212839252
0.03430923655770628
0.034115475169712854
0.035286224749282294
0.03676677757069981
0.03686592837858095
0.0366119790372483
0.036305964184587605
0.03688856287480638
0.03762948970912857
0.0381986232721859
0.03796388171448779
0.037905643490993346
0.0378676514502906
0.037854041748806695
0.037776205367816326
0.0379389616445744
0.038458502585166324
0.03783157753394878
0.03623895185445954
0.03652483744173051
0.037016519265648855
0.03840931035649277
0.03900138165348709
0.03900096474269497
0.03895435473483931
0.038513204626181276
0.03835587990772272
0.0369853424481324
0.03742383136255335
0.037416794259485756
0.03746615497732887
0.037459735388682094
0.03632802067128028
0.035434943430601336
0.03537433727091364
0.03537442771143417
0.03559546479214348
0.03540328887670505
0.03592278937948805
0.03592206872522113
0.03741860940689929
0.03741845739455058
0.037418180058014575
0.03822180979577831
0.04119245928003644
0.040889868942632836
0.04068979935741548
0.040579404704466936
0.039803764573328175
0.03972410983061017
0.04196019635334709
0.03951934303839374
0.037053935297583364
0.04190050559371399
0.041592967712384306
0.037953126242966324
0.03755433455063151
0.037195311592835394
0.036772717418046295
0.03688453939384145
0.03674198404204788
0.0346377080711174
0.03658820247459967
0.036584335769111
0.03658474803039565
0.038221676714064776
0.038249400131879066
0.038172089185689075
0.03676394842994709
0.036704588662488796
0.0368627348955994
0.03680611510807842
0.041983197896224345
0.0419950392818507
0.04227425857061736
0.04221851714903318
0.04219921213772915
0.04219920766487553
0.04219745332192574
0.04219593071720771
0.042925412779585136
0.04284965523577138
0.042588425788313324
0.042953229031530815
0.042912141841465794
0.048601878346003935
0.048601805046782916
0.043869753103234266
0.043708546201319025
0.040500699108444775
0.04131966596342252
0.04120957140387412
0.04120914641453276
0.041452574603714355
0.04182661411217434
0.04182649896103922
0.04149619184351759
0.041496178099646584
0.04563522418141482
0.04563455764396545
0.045409143236139475
0.043628656902135216
0.043291557813779705
0.043291557813779705
0.043271253340207455
0.04325887543557771
0.03948506210569468
0.03948450500748285
0.03919912444933507
0.039201565005664143
0.03929924884859516
0.03791906349160272
0.037925454157834916
0.03737485508791881
0.03723000962900748
0.0380469204680613
0.040426029345348884
0.04095964961756985
0.0411521767426963
0.04165966223748164
0.04165928847037471
0.04163294641454118
0.0416295246683338
0.04161759679063689
0.04164251893520328
0.04173883827081528
0.04166522934597518
0.04188479659279016
0.04207502673922602
0.04207502636535732
0.041064869120340394
0.04106464132315981
0.0421434187499279
0.04151671602569574
0.041516669564473835
0.0414326736805396
0.04182133660370521
0.04116252251114269
0.04087862639353127
0.042405038142594456
0.03906165213381078
0.039058939687285354
0.03907260954384575
0.03817022207072229
0.03773289533128695
0.03754579900684237
0.039238742533145354
0.04089595542187651
0.04085805248287873
0.04085849176240395
0.041657746279035464
0.04151599983127607
0.04156255547274272
0.04156255547274272
0.04154267279896652
0.040534598044785
0.04010638017240955
0.04009391300980867
0.03984542750509157
0.03966559171947477
0.03895180630419443
0.03895704891679102
0.03914021300941133
0.03914015378992543
0.03923937070126979
0.03947786654444679
0.039455593358875274
0.042166325335164616
0.04224713221154389
0.042038368144923885
0.04203761620845678
0.0421896120534743
0.04105578327962654
0.04105484911461049
0.04100615413478425
0.038177166694612484
0.038176928089510134
0.03816648900983886
0.037845798687334134
0.03784446940302354
0.037849871487409203
0.037837010757292636
0.03568322669406325
0.0355241935520916
0.03502752894537169
0.03502570075174795
0.0350257007520416
0.034754377789335496
0.03570391619976718
0.03522530922860882
0.035148337982193585
0.03408191885704309
0.03415934648265749
0.03394164540822633
0.033941691496692225
0.03408522164071904
0.03449740741897057
0.035199908416522846
0.03459271950187473
0.034581883897324764
0.03458191648112472
0.03488240800077648
0.03651329271668361
0.03650634356432597
0.0364840105159366
0.03648400488552175
0.03970920243584193
0.03869153424660698
0.03868501172332914
0.03868501898663923
0.038917430502631446
0.03891743018348426
0.038429945568892274
0.03828997844749647
0.0382897179161902
0.03960657601229073
0.039606365153109814
0.03960663395024002
0.03960663395024002
0.040846575586826084
0.03987523765388786
0.041105377506218406
0.040942819481367604
0.04093685255291989
0.04076974549447591
0.038688391805515705
0.038688391805515705
0.03557685329096118
0.03549496495465461
0.0354949588970247
0.035483299106516146
0.034457508946671635
0.034093987154808485
0.03409398705409606
0.03399148354771724
0.03455558000217135
0.034861966742265084
0.034576490367905145
0.03456643349417477
0.03455821758138077
0.03455790239241378
0.03394505075023228
0.03392704311051201
0.03427716806818336
0.034274584265410094
0.03428523880073792
0.034286183192077144
0.03527298586246467
0.03524263630402435
0.03514992721573169
0.03517643196442375
0.03683676298285215
0.036835522787805386
0.03833701171045441
0.038337270471697465
0.039329554535965726
0.03981872907306308
0.0394876693537651
0.0407282672339685
0.04045568182147307
0.03949232595980981
0.038621814405099125
0.03717164086268741
0.03620127675320591
0.03703662951116155
0.03703393443175818
0.037657123499657726
0.03765114218486608
0.036574321465309804
0.03632333180919012
0.03620409460967055
0.038124908171610475
0.037024246993252845
0.03686094090450016
0.038169389725122724
0.038168671983594527
0.03784932054677548
0.03884777039204612
0.03908416915905287
0.03908416915905287
0.0398535394174541
0.03954994708847637
0.039342340556410144
0.039342193177663645
0.04038890033971395
0.03937259533038879
0.03940581497510672
0.03940579126072313
0.03928645073693716
0.039644638515859004
0.04022032800000281
0.03997609514894493
0.04161489427393929
0.04122963114446521
0.04078465675906134
0.03888330927458214
0.0388379889537947
0.03938096581988673
0.03996577923483588
0.039873955492964915
0.03871664406693893
0.03913551250847435
0.03889226799737433
0.03980049448472623
0.03996858305655059
0.03993256663509924
0.040245682364169505
0.0402429808369736
0.03837010401738169
0.03853139453548505
0.038481024760186486
0.03840379511691951
0.038369900206860395
0.03693206015225727
0.036933615457999516
0.03685929297003181
0.03685278355937282
0.036992019217834585
0.036991754411160864
0.036677916016642616
0.03667390287397789
0.03667390287397789
0.03667453903502825
0.03611788143423737
0.03750399984702902
0.03821443730550425
0.03755695572417488
0.037774663502857624
0.03967486502191424
0.039675912397576805
0.04296837441626594
0.04285476834465338
0.04056202304870577
0.038603165609992295
0.03899968503972156
0.03899968503972156
0.03899615864618268
0.03743558775700407
0.037609895983001754
0.038024575803083785
0.03770620890290069
0.037419791662033935
0.03640157326520551
0.036089637468906755
0.03787455068487748
0.03773141345479547
0.03690335213180027
0.03708531727172651
0.03708142042901811
0.03708142028777766
0.037081266358935626
0.0371134672468844
0.03527899198673444
0.034101213353037514
0.03410121433212533
0.03626753444820933
0.036265736754345544
0.03837106733558795
0.038564471772028305
0.038444545984270065
0.03844034335014494
0.03881524303785717
0.039292831893890844
0.039714848143963165
0.03976756167216693
0.03968786258017358
0.03940661444899511
0.0394270455084944
0.04307267582758617
0.04307132212064925
0.04283429548228644
0.044022878208183444
0.043921197223901934
0.04269646979652842
0.04149394186675704
0.04162260054348986
0.041617582759196296
0.04157317249249939
0.04179225183797509
0.041861579100690126
0.038746381382176974
0.038746381382176974
0.03928302888670558
0.03936585741842746
0.0394447533849009
0.03944469911864742
0.03961359118973407
0.041182411275444045
0.04052042196000654
0.03981136832873137
0.03886963931310599
0.03886963930935186
0.037847075182760474
0.038442526195562585
0.03844275858824035
0.03805547960963233
0.038055479582781916
0.03804055870448685
0.03768443828848882
0.03759958984475259
0.038031608587765664
0.03802853455234447
0.03745225381452015
0.03874272219394247
0.03704237211948719
0.037042332602400196
0.0381275288344077
0.03739543962592283
0.03635331443547707
0.03613331310461705
0.03611841807536366
0.03642110156267529
0.03703648110113215
0.03611055577033382
0.037800162191355825
0.037794796552288824
0.0377276251825635
0.03561034223285027
0.0356102934002724
0.035042381904862835
0.03650731632968953
0.03647271787494015
0.03651026978309411
0.033893446703312166
0.03331253508228317
0.033312502347104735
0.0330245427743651
0.03337182478302321
0.03337183055884013
0.03345673916802361
0.03350483053407372
0.033505130495839766
0.03350512533060052
0.03345234863689213
0.03419005532414845
0.033432777554762594
0.0334392686964684
0.0334392686964684
0.033431854195945805
0.03361135449678896
0.03360789648291841
0.034573325909847116
0.03457535557672205
0.03434328626905444
0.03487623042703983
0.034094997457447304
0.03473367100133281
0.0350210490633336
0.03560406432731954
0.03526545089062493
0.034668404798479775
0.035857854168320456
0.038975546837835745
0.038955365952852865
0.038949879511666806
0.038949602908875364
0.038414405276074835
0.038413983009778614
0.03845088651240951
0.03845095302129248
0.03787604329043089
0.03784524274382916
0.03802716986874192
0.03823015558719775
0.038795169940270297
0.03878637668845471
0.03878637109932278
0.03881646848236877
0.03948721122758968
0.039486787606621075
0.03932277851380535
0.03932277851380535
0.03921585323732757
0.039146313489760734
0.03914462148415791
0.04043019393204107
0.040380544337240414
0.03823221042045136
0.03822986071262986
0.03835799025096369
0.03783318783250061
0.037743027804859795
0.03795831269472918
0.037489498364974505
0.03792058955076778
0.03856051252256942
0.03726681629529426
0.03697523668492467
0.036959171250781304
0.03695335160604079
0.0376099574924255
0.03759517568626524
0.03759134058049846
0.03762731882518313
0.036252878131462225
0.03561696878208164
0.03536371780441338
0.035358913490704
0.03498871294491073
0.03498871294491073
0.03499529417248996
0.03499122350259983
0.03498242049731004
0.034607190820565625
0.0346072705996169
0.03448493264561451
0.033536005899778606
0.0335360491310924
0.03356188409702679
0.03377600544217939
0.03411709320513729
0.034119579134452085
0.034119580591240664
0.033505754644287865
0.03353443148051667
0.03356065721489864
0.03494229573148435
0.03494229573148435
0.034942860343375015
0.034965186067640784
0.035270101709737295
0.03611010309754669
0.03569873047637341
0.03603339077397804
0.03562929966920341
0.03551069187354784
0.03538082899299319
0.035081740469544466
0.034826466130402446
0.035296007951276465
0.03599928118759205
0.0362700350702253
0.03625492037077618
0.03611178173086115
0.036041728971740974
0.03624276189488934
0.036242094514007235
0.038086628682607884
0.03806830679963241
0.03793014157238642
0.03793014152440141
0.03705146951469966
0.03891919237118399
0.03989533533635952
0.03979354376149319
0.03992882358662694
0.038363234078596
0.03847747281931613
0.0403021056718172
0.04030210521159771
0.04015177480747924
0.04015266081136437
0.039302028157504276
0.039254529800906844
0.038746067450994695
0.038223880884741074
0.03772538965230972
0.03772302052572865
0.03745431059757899
0.03745431059757899
0.03745426018943124
0.03608900483352172
0.03608788835685522
0.03872640600693901
0.0352112888051534
0.035205426732284446
0.037006133948675066
0.03611548206970532
0.03423215047475991
0.034216976196419696
0.03341141892894671
0.03341141892894671
0.033411426928154714
0.034010905493787845
0.034010759551872695
0.03401030635703077
0.03244693548930611
0.0326799007347699
0.0326798981599834
0.031806638923438865
0.03242486085699448
0.03306225306977549
0.03311471971530703
0.03311471729031663
0.033502452787258157
0.03376012319145006
0.03317426299026225
0.03219877301602665
0.03181972594188993
0.03181972594188993
0.03264038455577168
0.0329145256124542
0.032914232497977605
0.03243513147434893
0.03236759126206854
0.032863865109500005
0.032863860679890694
0.0326162386022464
0.03260983667110752
0.03471070622827623
0.03471071069897034
0.03268072470419637
0.03267236444618979
0.032437835744870344
0.03242951730640662
0.03241739741124506
0.03241721609669909
0.03227304112097678
0.03227304541017965
0.032272986051286305
0.03227298200017361
0.032263063330866315
0.032424081566038085
0.03242496878128435
0.03212678394681263
0.032179050090206336
0.03154385851552339
0.031543858558422434
0.03154391869579088
0.0315463114397412
0.03150043264224089
0.03149403779032794
0.03136805790186341
0.03143918936267095
0.03143918936267095
0.03143950945787913
0.031438125032132704
0.032604791248048055
0.03222396308449834
0.03222255506525845
0.031998919770432746
0.03199778174844249
0.032359678442337926
0.03239684174282892
0.03231764680090068
0.03231783467841772
0.03242043271340753
0.03242043271340753
0.03242042988382823
0.03220053051989731
0.03202826208840125
0.03187158275022441
0.03195866339726481
0.03194824957720187
0.031867421062456026
0.03103183508278863
0.031035004315256038
0.030924098973628755
0.0313938727913994
0.031371737013231135
0.03136735597522482
0.03136706738275042
0.03136773365246813
0.03127922614685482
0.031240302545462402
0.031208270373487255
0.031208238786597637
0.033760000802131894
0.03424196100392003
0.03437471799515443
0.03437646990641423
0.03427913373527378
0.035080351253056447
0.03570570264602054
0.03574472393557325
0.03810009687958855
0.03807871240621769
0.0379923232973199
0.03445272058272076
0.03442552588902641
0.03436736737183202
0.036557627916171426
0.03655638645793028
0.036275804292287564
0.03547166253047376
0.03438958938273335
0.03436952993105697
0.03435012542066297
0.03433373057216358
0.034466776893108064
0.034614056729209225
0.034751989880282275
0.03375131325656748
0.03375122631409844
0.032832170133848586
0.032832285202290465
0.03291066648823092
0.0330794204232528
0.03298797178666906
0.03137755780396377
0.03137528593998749
0.03148275620533248
0.0314796936895818
0.03147967444830075
0.0315189614683372
0.03152776242123445
0.03167212614403037
0.033792521498486716
0.03400030867265652
0.03523221194575528
0.03523168522383718
0.0353099533003628
0.03519675509732489
0.03519369328041986
0.03480235898277919
0.03422924032892345
0.03403261197740249
0.034092161453357035
0.034025249798447434
0.03398263640933864
0.03404721554795831
0.0340734680584664
0.0340734680584664
0.03413057722831368
0.03560423842177226
0.03669810802087848
0.036702864538785795
0.0364644439597173
0.037452775172815554
0.03876603048964814
0.03984682999992972
0.03984671392726071
0.038862151456043555
0.03894241131405755
0.03886892260890791
0.038904496523289527
0.038831752925865166
0.038631757772642175
0.037869980375872817
0.03834616042587346
0.038345255613702334
0.03703289538745963
0.03881264346227268
0.038809752830074866
0.03733930966287921
0.037695573425887405
0.03894031111914387
0.039978790194771345
0.039897919886056045
0.03984661045328195
0.03895650400427138
0.03895428901023437
0.036925257038096085
0.03518672010990114
0.03402725508654562
0.0361897391080259
0.036013803569941535
0.036002243662973256
0.03600149658850617
0.03991405003840465
0.039911564443740326
0.04073473631984139
0.038241801428864054
0.0361249640607114
0.03652670236468318
0.03633190720160801
0.03632275006133957
0.03594721095017389
0.03528342657160385
0.03511097536212795
0.0351108111910995
0.035670867502309904
0.03562178112511559
0.03546916820235123
0.035468954078780174
0.03546895341435495
0.03546895429493215
0.03541656316005434
0.034221713723948624
0.033988627038386586
0.03347347319599862
0.03239535881750906
0.03239534788889858
0.03239533414301386
0.032383197558744914
0.03246212782007314
0.03218790116504585
0.03340369510605432
0.03362535019203094
0.033449850340205624
0.03337907010334255
0.03315000642282922
0.0338669289666321
0.03386803736265356
0.03788068852375493
0.03720445134716232
0.03721818190945414
0.0372182666555685
0.03712495869409836
0.03420144215207943
0.03420123737674724
0.03492226781546328
0.03520759738183856
0.035205109420886026
0.03504545674965101
0.0350433108370581
0.03504174932609694
0.03472835082093826
0.034723389030918254
0.03472234663521246
0.03444384706101679
0.034441766436706
0.03460285773837417
0.034472297383228365
0.035592424540705304
0.035786062739415966
0.03578557898637529
0.035781272523228595
0.03578124985471504
0.041130974332080274
0.039832103722150736
0.03827599126017474
0.036359442009905714
0.03631370665589963
0.03512839670172325
0.03542736947684208
0.03535262871577518
0.03535225433772466
0.03537421166473874
0.03567831607410714
0.03296494653487424
0.03334695243781739
0.033344778390381816
0.0333371660610882
0.03289749382006302
0.03675193898643575
0.036245131626788475
0.038021811415026155
0.037416243658845695
0.03885676703185937
0.04003287010901719
0.038755295565414676
0.03880307902848125
0.038436312535222304
0.038407280277256296
0.038407280273026714
0.038404608371223906
0.03699681736257381
0.036957298056898125
0.036939677227546944
0.03693976113314179
0.036014899385735925
0.036265066477433244
0.036034819708745607
0.03603438695104822
0.036016425358388456
0.03603356451551948
0.03621340023656348
0.03378089932915323
0.03331639308124106
0.03431227717769887
0.03449387336503139
0.03437901455237681
0.037205483570765405
0.03720389295616493
0.037201527527586854
0.03504177504171302
0.03505115448839635
0.03393795943750869
0.03482451522045332
0.03418143111528532
0.03586804980467069
0.03552254308928323
0.03552159095632621
0.03347873896050057
0.03218602075281161
0.032574884166508174
0.03257053588375621
0.03284220746225997
0.032109529925249236
0.03221494931223045
0.03332104498913196
0.033319428660757267
0.03334370283541712
0.034523750140906306
0.03442160912476685
0.034421598585058756
0.03441824579719989
0.034306714969742885
0.033490468277850544
0.034409726213812705
0.034263518364963774
0.034263518364963774
0.03353369650526699
0.03544493418550694
0.03937656261707955
0.03960277221526256
0.039602765950995655
0.03916633873079151
0.03716350591689181
0.03706525826806813
0.03705292252780204
0.0368154342160614
0.035767658218569864
0.035651250428925224
0.03382392951312463
0.03382320466826246
0.03381978604965134
0.03239819272173833
0.032402627345783204
0.03209093994652658
0.03187269194698277
0.031872654067473444
0.03175102896903054
0.03240994781337704
0.033285074582286224
0.033260698210356786
0.03391315914149657
0.03332230283430843
0.033321999650376154
0.0347063013522359
0.03467454340159736
0.03452300135250053
0.034643165372576744
0.0351131526932195
0.03356494077894056
0.03356494225072691
0.03360515597636891
0.03367391347320734
0.03362726089978967
0.032844157014859585
0.03246879986352154
0.03246884796580988
0.033713871857437024
0.0334632310474189
0.032067318582064984
0.03135250217088188
0.03148009251788485
0.03147445473036898
0.03147444299610266
0.03147002514983394
0.031752429431016235
0.03149746946975449
0.031158314661725674
0.031162372912880792
0.031161315135327283
0.031157398149388334
0.031143906279296845
0.03170386389453959
0.03174992630977572
0.03174992630977572
0.031306184359488454
0.03130699063956606
0.031456341838080805
0.03114851917919281
0.030444077521766113
0.03037880193240982
0.03060586749340145
0.030755120619826205
0.030841242666771677
0.03083895108449689
0.030622230845159464
0.03067324159602074
0.03067407973768467
0.030635788989597314
0.030635721554284158
0.030635368566342944
0.030635358469715362
0.030353969888032826
0.030349995588197426
0.02963995985711696
0.029637818269588518
0.03015187978661972
0.030473137200345186
0.031223700305052216
0.030404513192070264
0.030515923436572976
0.03000813401707321
0.030766257595183498
0.03053582880926673
0.03041754807785752
0.030420304826071564
0.029664195479014267
0.03158559605906644
0.031526363390197355
0.031135917969292513
0.03205167108184567
0.03198120723156803
0.031981208133963886
0.03198120813928644
0.032816697114902996
0.03278068031745205
0.03301591139338947
0.03291331542655623
0.03291302538928665
0.032961560186925885
0.03296139342656523
0.03293461469101293
0.03334781802663863
0.03327795693121711
0.03274706348927796
0.03283699999277645
0.031186259158959003
0.032138667606808495
0.03213202373162582
0.030629449539786118
0.03062864007414625
0.03020419457349683
0.03017017742249616
0.029950823698639252
0.030142788048949307
0.030103811990767934
0.030559975974418372
0.0303223408639508
0.03032239134845382
0.030322361031035024
0.029843683097794848
0.0297252079670945
0.030259135253961133
0.03001238235230407
0.02984877454767422
0.030430334175428685
0.032321634361113315
0.03232156736772058
0.03370932671931213
0.033960414436236354
0.03294784751496129
0.03533223858613882
0.03501244641717619
0.03501213685796671
0.03536579408993814
0.03454189267336309
0.03433552322638301
0.03416197745594034
0.03416197741146567
0.03229092554940931
0.0332329910041065
0.032497968763776336
0.03352708619982928
0.0335145428893386
0.03349187477187369
0.03328477293970993
0.033271132435218745
0.031705031501455844
0.031629119896421136
0.03160296498634575
0.03159320322165912
0.03159101039995252
0.0315862669801839
0.03209582988126615
0.033602229509022495
0.031957917097483135
0.030317328218487417
0.030317317798818435
0.03036610652889988
0.03151928190108479
0.03151226727809246
0.03150957167115838
0.032200875150305966
0.03168542861584351
0.031353678572247946
0.03144763714774899
0.031447851627368954
0.03176745666887861
0.031947714410494474
0.031947494512568314
0.03249499508820351
0.03245265558351317
0.03245265462898107
0.031998220969483904
0.03201734171965959
0.03184074997904157
0.03184613859600889
0.03200357154840777
0.032662984149512395
0.03299293512189962
0.03289744920924277
0.0316786173334209
0.032559152873675744
0.032045376506393455
0.03204537672722264
0.03179953633871877
0.031753602824892715
0.03175104903559668
0.031751031156135895
0.03149157751726544
0.031491554313536604
0.031238770121139042
0.031238619776682647
0.03344165549717987
0.03343284686639179
0.03204563051135682
0.03204222850257655
0.031518757910387545
0.031456179855206566
0.03167131237476531
0.031749428553265534
0.03174938974969896
0.03169208346392724
0.03169169501527223
0.031813292013122885
0.03207561073654339
0.031702422522759795
0.031702422522759795
0.032180356482121815
0.031972502916286366
0.03205380973571269
0.03261018084760594
0.032822763345813404
0.032984000847845946
0.032629238829199325
0.03262911908509308
0.03263026928531334
0.03350033846443473
0.033489602995596
0.03306211964241131
0.031919489954940365
0.0319188340860196
0.030481899817034242
0.030280417222919676
0.03028047100095079
0.030280471002508504
0.031243076852478464
0.03121921705205438
0.031240692597972384
0.03169802016574983
0.03231646185168071
0.03091692690756871
0.03095940060054565
0.031192631451147736
0.031192694415395288
0.031172364340665563
0.03135762754561756
0.031858119323911416
0.03324147784340349
0.0332436255418555
0.03305166841280802
0.033045110483799725
0.03398382095827723
0.03398810243198252
0.03310952300753115
0.033233576789052616
0.032151828150085465
0.03215165066022336
0.032160488172555644
0.032051657420832644
0.03259455479477149
0.03266917342738555
0.03252649013605914
0.03252644572608049
0.032973863570959445
0.03297371054209312
0.03297204727664883
0.03180977113705842
0.03182602158737409
0.03182601389437427
0.0327699693635636
0.032769862305416925
0.03285138617464308
0.03346509122569358
0.03315884791841963
0.033156877922968224
0.03302960127123183
0.03561359290389522
0.034781435358125515
0.03562632249717611
0.03871558666490425
0.037740254818959415
0.03769729686500095
0.04079207099338274
0.04052310053808119
0.03879062628729712
0.03754093665647043
0.03775858436620265
0.03529158310390497
0.03529133322116994
0.034790222593756505
0.03511952833250537
0.033043000588728125
0.033391464617006726
0.03305282673556752
0.0328244534308849
0.03225515939974835
0.033198683667947405
0.03317418273858312
0.03483465927102321
0.03441888932388906
0.03455749936407079
0.03449373074467071
0.032754627032652715
0.032882497696482785
0.0329009639083625
0.03348310356425858
0.03409844226340384
0.0340505657052701
0.03334785038080607
0.0328108590953816
0.032810840024064154
0.032588068108511434
0.03283395950972356
0.03279250057320608
0.03216909445803597
0.032169066217354034
0.032221448887678084
0.0322209432195261
0.03224482969798218
0.03343560059198832
0.03343150508933706
0.03567173024971388
0.03496081406856355
0.03498026882052318
0.0348214064354055
0.032095122839231445
0.0318405354913224
0.03184052836176277
0.031839533531604174
0.03183953570312117
0.03181235007201648
0.03180081246049908
0.03179870982453427
0.03150344159513157
0.031697556343786126
0.031003721562385674
0.030449497210328032
0.030641136681485142
0.031121129299975108
0.03037751553299325
0.030377599530035344
0.030507849041086162
0.03136051126228656
0.03167233420545005
0.031083775917285058
0.031165282526590767
0.03235468135739274
0.032354601584269865
0.032354327834948
0.03238765789978683
0.03246105474406292
0.032266761149148476
0.03299760127568795
0.03261915740258619
0.03151885463866028
0.031518853400816935
0.03115983765366424
0.031148932200879213
0.031148924562838357
0.0319159838296991
0.03191598106156417
0.03191543268793604
0.032868016468052624
0.03268430925682866
0.03276631765847426
0.03248754182816508
0.03248312036212548
0.03148394411715621
0.031483938363156945
0.03148524734417239
0.03147321012906905
0.03151359559750292
0.03151160771379709
0.031561655676794115
0.03154406301689037
0.03154194800965625
0.03142409278375523
0.031239656302716495
0.03158935265235065
0.031180187543478382
0.031192144341822353
0.030830329870425794
0.03098482798209501
0.030142285178271225
0.03002334027845014
0.030021874784874378
0.0295528332931171
0.029550459308029423
0.029550459308029423
0.03069695592855195
0.030668173821579443
0.03066753878216036
0.030434292902624744
0.03040485291082816
0.03040339773539062
0.030403394657580445
0.030403055541745574
0.029451999312082446
0.02945022637366035
0.029881720176550847
0.02988147955613757
0.02979363656942056
0.029808237725144956
0.029807342750096076
0.02980704680657746
0.02979562603175394
0.03021506886423262
0.030215077540407014
0.029970646010142057
0.02994517490633468
0.02945376467993966
0.03147223257863169
0.031503162849071474
0.031618116163440346
0.031912201879362306
0.03377664016586999
0.03268571032878897
0.032690644305332
0.03358079125527961
0.03358231855571651
0.03294221967106849
0.03307770743460017
0.033289845987875384
0.033356856558119576
0.03283410006385651
0.033148147619749116
0.0331481345563636
0.03376509166810304
0.03329168183987157
0.032626475518050056
0.03219381851265507
0.032030021734945596
0.032147333658550416
0.03252497340261118
0.03252209773311597
0.03251869421651055
0.03243805104740694
0.032080399205512276
0.03164506836721892
0.031786844001284204
0.03161171584526245
0.03154716574372283
0.03350989700057816
0.03340134318268782
0.03286204622774927
0.03303646025952432
0.033562342594909644
0.03356224959877417
0.03371699492531197
0.03343000140771069
0.03342993346760223
0.03409390884164461
0.034086972099566994
0.03408336765486039
0.034083364411733326
0.03322477689722095
0.0341399248985603
0.03358434060553089
0.03357698835216498
0.0335798476349051
0.03357757686905623
0.03362258543003034
0.03362258653717522
0.03155705214305524
0.031407494162350044
0.03176506846555253
0.03176714023481593
0.030818418637872866
0.030756836197890585
0.030609746507669802
0.03363438285261326
0.03363072242868168
0.03362334672756244
0.033318982068329395
0.03331947397257394
0.03169693549137225
0.03133085237427671
0.03133085237427671
0.03133048607522473
0.030303060228383992
0.03321769436513702
0.037599084609960594
0.03759908384463795
0.036995487210222444
0.037417777284782947
0.038001736321201275
0.037586168508216694
0.037586168508216694
0.036980718119420435
0.03697300000746262
0.03697300000746262
0.03407907727304389
0.03462370892152042
0.03463484377203019
0.03463483660313507
0.03450014462883133
0.03450555959830234
0.0344353311474018
0.0344353311474018
0.03443526605694589
0.034435232718547405
0.034384225796916655
0.034384225796916655
0.03591399969795596
0.03486439666082222
0.03485027319711079
0.03190549689236485
0.030241270993452845
0.03024410012427354
0.030501931459461534
0.030895292658384796
0.0335981224868472
0.033596368467206636
0.03356431391999915
0.035449628685646314
0.03311332473456287
0.03203484697007406
0.032034951836916056
0.03141294329770677
0.031411313631264155
0.031411325830955225
0.0314112458996624
0.031138135809432504
0.03078234629587685
0.030787685686201858
0.03064554104780605
0.031326320258418965
0.03158691668831352
0.03158753016425275
0.03157905730883821
0.031598810280604225
0.0316009223439311
0.031601285730993287
0.03160126378205108
0.03155959392867164
0.03174365618402377
0.032814616236649476
0.03234941325700037
0.030494130306676855
0.030643889815282044
0.03168157304003888
0.03495068842765926
0.03463065606351206
0.03461361552622828
0.03403388173608813
0.03327579989448486
0.03113177382430556
0.031131574463093194
0.030906494700374758
0.030906308433378504
0.03334990174556785
0.033331978604048615
0.03340462747510522
0.03340462747510522
0.03277457108232295
0.03276833787830905
0.03276715282396958
0.03268983673216047
0.03268731537557115
0.03304365016798717
0.03304364970203288
0.03297329105123376
0.0329732214938929
0.03095828035790315
0.03094383698200637
0.030943446854823847
0.031550948287878876
0.03145105961569454
0.031550207262353636
0.03154415454467005
0.03111694173779644
0.031124616077196555
0.030935785974065315
0.031110209376936163
0.032261578995259554
0.032204172950465765
0.032484019751111655
0.032383412959028045
0.031474910137404874
0.03147439122581917
0.03148114943713838
0.031430906792358666
0.030932006202007176
0.030929892645423437
0.0309395667362929
0.030932755940491552
0.03173391720805763
0.031672075095397156
0.03125272607945948
0.031240022682813454
0.031240022640542292
0.03082930641219511
0.03088628076835565
0.030670452674327595
0.03176264413795138
0.03068692370177183
0.030720833325458424
0.030719547793357158
0.030719543600041855
0.032568194099112296
0.0327659528652576
0.0327363064584471
0.03345548556148897
0.03342845231109773
