0.461564537246536
0.06299352308172841
0.05730844446754362
0.06676071629356697
0.06410480427998809
0.05987320104824235
0.05906614992789311
0.049278305964727175
0.04361255214169366
0.0457785303534455
0.04054904468725118
0.04325202693882862
0.050057749767122954
0.04172727649570331
0.04578249857252344
0.051446496980447134
0.04990735968717627
0.04749708970309724
0.049998587121664946
0.04598746212692437
0.05257438267950229
0.054123731493938634
0.04445846908421108
0.04385542047907664
0.04088644489575129
0.04292436451343042
0.04438204678487195
0.05006144201752021
0.04046289663920072
0.03922126924076484
0.04069470290832269
0.04276644859141424
0.04788290546762355
0.04346889465512729
0.04000644807966539
0.04090759783207298
0.03619019527549017
0.04220440032418493
0.036301338294630316
0.043008263859608896
0.03537519763666798
0.034796597178721536
0.03144779102470322
0.036115782791149645
0.03138201230668363
0.03494123456912915
0.03280435054098602
0.03300770410195495
0.03505949315979181
0.03244249452886191
0.03512610304330791
0.031658627148435065
0.03544046538784373
0.0354867321106322
0.033966692854720475
0.03833408899051299
0.03448729163873897
0.03215635925420116
0.03148178617961197
0.033732879180394304
0.031109143119883248
0.03233059503930069
0.03386521684073248
0.03503155808059404
0.03874833748204576
0.035432439069546906
0.03688756849272049
0.03629400182583015
0.0348927937987512
0.03528129186916595
0.03535674117015307
0.03538290847248166
0.03662153435850967
0.03787414649812755
0.035091511278292985
0.03209501760745126
0.02842036669639398
0.03081321025128392
0.03244084809671481
0.03204335369986858
0.030896798294636867
0.02989125128687309
0.029895048622038966
0.029532717086319354
0.03038307335736456
0.028468016906115192
0.02974957155774997
0.027344699815283872
0.03256244766610083
0.03345599624682003
0.028033206289298743
0.028590667214356987
0.02902241101190192
0.026584794478423338
0.033913896274028195
0.030434604117572366
0.029525989193694997
0.031584976802394554
0.031643368111876076
0.030998109417408003
0.03602254725298891
0.03187388264906345
0.029360992502005127
0.02837818703745394
0.030558986587644412
0.03031888133689405
0.027545326286140117
0.025321295569250314
0.027547724779857924
0.027124628476160546
0.02489687244595945
0.026585309687796026
0.03278326931529734
0.03465951183840326
0.027376470293701865
0.030867683703360307
0.037294186883966664
0.03083936429067727
0.029541717396337677
0.031462379763751894
0.03280231853421742
0.03587245774847485
0.033958468490808955
0.031692492135483676
0.03094377665839979
0.027811907069722523
0.028351956719765307
0.027958084156999994
0.029470033310772376
0.02527019358083071
0.026880229473425443
0.02695372392378717
0.02986140764593365
0.02888406104144127
0.026797447099919228
0.02776555459759913
0.026240813396721095
0.02739257591231259
0.026164056617514145
0.029158318005120958
0.029381032119153085
0.026062072225603698
0.024928527701867837
0.02672448639119633
0.025739634445926998
0.02570045121571407
0.026501670752300265
0.0276485609720625
0.026863407640103313
0.027931597681839986
0.028048267217053953
0.02852491983914652
0.03096664644436473
0.02951462347123324
0.027628546111398335
0.02805959585680535
0.02842310315178418
0.02745653120847461
0.02601361752091686
0.02759702815557788
0.026556687032749944
0.027002452060240434
0.02612664527640965
0.026168444044344527
0.030599769756088375
0.028858810394016648
0.02726081813600984
0.02962539085384788
0.032894584225804546
0.029399862188784695
0.03127599167081245
0.028446050775479813
0.03174051872373703
0.032218676976839035
0.028484434587714807
0.031408680183923274
0.02882989293707401
0.03163567379407629
0.03025240560126971
0.027003366954015905
0.025412119453361
0.02808167528113314
0.02921015524720286
0.02794756199946377
0.02878214595017632
0.02610799646821208
0.02618985891160511
0.02536235406536677
0.026240533242650025
0.030158412557209743
0.02645967677876651
0.02872843714332455
0.024839005058613958
0.024326775310079873
0.024123299652452457
0.024518091661152916
0.02590795370413041
0.02801693344829057
0.028750465048168826
0.026855839902675697
0.02815986472269977
0.026894904136831262
0.027464767839835647
0.026905373234426294
0.02637558660740445
0.024944684100313724
0.02429055686981671
0.02594745133151907
0.024125013487842597
0.025018620251900946
0.02523524144917296
0.02469075360086283
0.027771168880242603
0.02907159613180342
0.026684909167160112
0.028461645409086682
0.03166682127955412
0.027610296276931397
0.026603426431084837
0.027452807153672085
0.02843019653879287
0.02984827485799676
0.0272138725740281
0.02748253864922688
0.026858292357786466
0.026983064738618705
0.025848563476141947
0.024407997717749253
0.023855172519157287
0.023416241559531908
0.02424263690541229
0.02510562078023293
0.02818471401592083
0.028356997986833964
0.026603486599568398
0.025303948907040734
0.024542343571746467
0.023169609060131203
0.02369122352726956
0.02783249722125298
0.025233659939491677
0.02546162978870127
0.025491992164927743
0.02502747344719254
0.025304786469209646
0.023661054640008446
0.024306553771042787
0.02608912930665155
0.025403193088605527
0.025964258351447195
0.024392069249134476
0.024870840497440816
0.027532445270484495
0.02763646626055379
0.026157299504017625
0.02824039690457541
0.02944232782147874
0.027023199623179214
0.026709762689152136
0.028658770158429853
0.0272434021008744
0.026431996422249786
0.025596212636457977
0.026150516697006104
0.02621389987998461
0.028199764596471652
0.027914006551204684
0.028512883704171283
0.030369490280022945
0.031117943454884684
0.03164001512592003
0.02713864194833694
0.02673653633536285
0.029542214197056937
0.02878687376745243
0.028748721587614767
0.02696515880506293
0.028746777783608964
0.029920964489870194
0.029166510401825458
0.02595053905684466
0.026622244116120006
0.027207375636627777
0.025154353602577017
0.025574363095524293
0.025781631974513542
0.027828689903894182
0.025992614856888058
0.026467576002218843
0.028955681204962835
0.026483579465822957
0.026956314786637396
0.027614549122196862
0.026015694978067855
0.025193447438456248
0.02535931721563019
0.02510025745573974
0.02726805064153028
0.027295860044475914
0.027229703118788227
0.02988613741025495
0.027689332791413068
0.026983068925323643
0.0257475834183057
0.027204643462633245
0.027797436547054386
0.027237636651321832
0.025680353492982567
0.024520295816986157
0.023968472016256234
0.0247140132894551
0.025896460942450652
0.02904795995039357
0.026600495164136182
0.025389846040212466
0.02755200240426749
0.02865510582749879
0.0280402012913084
0.025395303879014185
0.02692463706178106
0.02727558132682508
0.029147281662429362
0.026648947400539746
0.026165965349578334
0.0255246439312162
0.0270101065603943
0.02669180935327964
0.024484640609567374
0.024785446026635245
0.024206514922404245
0.024119443521248448
0.024329346557360746
0.026823910056291003
0.026210906108576192
0.024392396270623562
0.025089795546914973
0.024936505573477187
0.025009067317848577
0.025915780158772724
0.026900511984346044
0.025968033980708245
0.025661548668677512
0.024812276973199217
0.025015164178284
0.02487967780672765
0.024205431776160358
0.024544065112581462
0.025124204349675303
0.026332565748101344
0.025493062539640905
0.02558547996641882
0.02640379775191672
0.02816431656519149
0.027533590194672466
0.025157461583301798
0.0248754002022307
0.025366514121541985
0.02451842935744225
0.02524503943136231
0.02535892627760635
0.024734281799465095
0.025503895857523343
0.025430059055193084
0.027399815103556924
0.028534344903676817
0.024669671396328547
0.024441501631234226
0.02578597249864267
0.027847363644200217
0.02796707327172639
0.027590763982532237
0.02612491063197377
0.02633787535847267
0.025544173829509492
0.026046822580429254
0.026958032993488132
0.02506328876618125
0.026877471373580465
0.025952009047990526
0.027892723356034602
0.024045872482245326
0.02467207943474786
0.024689682954016957
0.024657312257017946
0.02427647113270728
0.023786471884399023
0.02396196797882191
0.02394976575018493
0.024606366771914516
0.027791554943543375
0.02342558685535609
0.02362713999185563
0.023311502974957758
0.02320601252961388
0.02237230002447318
0.02287115721728122
0.02305989796254547
0.023617308065566264
0.023729308207239765
0.02447755449084325
0.02501038037849176
