0.4628291489136461
0.05434025969944926
0.042025783182238735
0.03892933897173865
0.037072276730279206
0.0360035648375319
0.03453128316386505
0.03416548299076496
0.03342882800880241
0.03224571931400285
0.032201134296239886
0.03121322660591921
0.03075068599372752
0.03033108604963636
0.029910149815380132
0.02997731024017891
0.029230323224291727
0.0284264061216193
0.027842399514337927
0.02705333039802155
0.027205877624253964
0.02645940544520027
0.026612837345283608
0.02625493106509962
0.026254079139658472
0.025554464610726114
0.025787347274599012
0.025234081620413743
0.025334808593645914
0.025485997993591122
0.025012325595731015
0.024810207656768772
0.02445579591386198
0.02405129165973474
0.023681235448983727
0.02381172812228981
0.024019967416611374
0.023715678468458762
0.02354837060856573
0.02295367703386697
0.022456100109867386
0.0221480600315895
0.02207814529577688
0.02194973110972661
0.02202801353233794
0.021996211043139254
0.022291333492052562
0.022292715304502022
0.021901127872214522
0.021645153423399663
0.0216090202502233
0.021678851088602236
0.021161787143056488
0.020906757199329124
0.02053024550547165
0.020518698871261454
0.02069626351185656
0.02063353760978985
0.020325279794071727
0.020450278894900812
0.02080761620405185
0.020618280705087578
0.020350069171474004
0.02056944999803112
0.020279549054324348
0.020363833088008956
0.02028112878102926
0.020633379106195622
0.020120776379401673
0.020123669268315547
0.020628885336488312
0.020208383444070034
0.0197323573503757
0.019281253089656804
0.01957407830602336
0.01935930675994482
0.01954407676967674
0.019389311946041703
0.019052106817723867
0.01962723040467357
0.019322788985296224
0.019196002988524002
0.01926744338727826
0.01920132023003231
0.019365818136699568
0.019090314421551447
0.01881431462821609
0.018849698039899495
0.01893706257007902
0.018990143507230658
0.01954533039527188
0.01887092675038892
0.018641082907507347
0.018343249765449807
0.0180923059334533
0.018266525186454694
0.01822436554132355
0.017968635947137244
0.01797787033398664
0.018077142322519262
0.018170956772991225
