0.46463035833250566
0.05023844552048535
0.0385004396203068
0.036556638492843525
0.03349317710599768
0.0331611334600119
0.031049049477610724
0.03236473989792972
0.03088740698075135
0.029742398288361484
0.02880650996148062
0.028377934263532485
0.0275672244579614
0.028498643492910064
0.02688984596961348
0.02718720597329336
0.026197488904231504
0.026039319491519337
0.028270178585956877
0.027324205360013027
0.02633117382060319
0.026752392978022985
0.02520342188633253
0.02689827725195708
0.025423810932150268
0.025313095080921527
0.024475513379053057
0.024960285782439202
0.024550024145754017
0.022739161578248766
0.02325066140505359
0.02316783611306987
0.022597918398892664
0.02341515609107362
0.02199969454007972
0.022613656630005297
0.02231727405090746
0.021359756465240864
0.022801831393727157
0.023320276101165462
0.022420886477026253
0.021778763680423193
0.021483572120005557
0.02148933461434839
0.0216514005460905
0.021206449471623937
0.021889218499206067
0.020574299492473646
0.02242459540158019
0.023327057736692993
0.022089846747078788
0.02128556486699618
0.02063420247968326
0.020922631367553117
0.02142177436515399
0.02179428923701518
0.020956838627408898
0.01925124460520136
0.018212521555064042
0.019082618435745
0.01960191522730064
0.019876336053647612
0.019410461929304307
0.019395613899063253
0.01872809734223207
0.02083305283224851
0.01984350874711069
0.020564459068070473
0.018610685863697872
0.018246554155460514
0.0200742412524487
0.0194211570102843
0.01955436903774927
0.018914829195653893
0.019621703849154848
0.01907434893817368
0.018842644448611858
0.018809796944910476
0.019509169156153604
0.018897345651508357
0.01790227212010201
0.019619052017912867
0.019495516429127845
0.019311744542354837
0.019447029355322054
0.018459918378374355
0.01855477447042983
0.020754755440161
0.01808401175010234
0.020260850078301914
0.020623107739300196
0.01889839143590659
0.018573278052885545
0.019094092160484744
0.017699210183599746
0.018199808621997864
0.017796122853207776
0.017176631893309837
0.0172556511633897
0.017815965137361653
0.017551120269092134
