0.03365384615384615
0.14134615384615384
0.2201923076923077
0.19615384615384615
0.175
0.2625
0.24519230769230768
0.3192307692307692
0.3211538461538462
0.3423076923076923
0.34807692307692306
0.37403846153846154
0.3817307692307692
0.3528846153846154
0.3730769230769231
0.3451923076923077
0.3605769230769231
0.4125
0.4230769230769231
0.43653846153846154
0.3769230769230769
0.34326923076923077
0.41057692307692306
0.38846153846153847
0.4548076923076923
0.4596153846153846
0.4673076923076923
0.39903846153846156
0.40576923076923077
0.46153846153846156
0.4394230769230769
0.46442307692307694
0.41634615384615387
0.4288461538461538
0.4528846153846154
0.4269230769230769
0.4798076923076923
0.49903846153846154
0.5163461538461539
0.47692307692307695
0.5153846153846153
0.5413461538461538
0.5653846153846154
0.5259615384615385
0.5326923076923077
0.5480769230769231
0.46634615384615385
0.5403846153846154
0.49903846153846154
0.5278846153846154
0.5211538461538462
0.5336538461538461
0.5221153846153846
0.5490384615384616
0.5298076923076923
0.5509615384615385
0.5509615384615385
0.575
0.5817307692307693
0.5846153846153846
0.5701923076923077
0.5509615384615385
0.5634615384615385
0.5182692307692308
0.5269230769230769
0.5567307692307693
0.5673076923076923
0.5480769230769231
0.5125
0.5317307692307692
0.5394230769230769
0.5653846153846154
0.5471153846153847
0.5471153846153847
0.5576923076923077
0.5682692307692307
0.551923076923077
0.5788461538461539
0.55
0.5826923076923077
0.5663461538461538
0.575
0.5855769230769231
0.5826923076923077
0.5817307692307693
0.5817307692307693
0.5759615384615384
0.5711538461538461
0.5769230769230769
0.5826923076923077
0.6230769230769231
0.5971153846153846
0.5990384615384615
0.6125
0.5865384615384616
0.614423076923077
0.6211538461538462
0.6048076923076923
0.5788461538461539
0.6019230769230769
0.5923076923076923
0.6009615384615384
0.5990384615384615
0.6326923076923077
0.6182692307692308
0.6317307692307692
0.6317307692307692
0.6586538461538461
0.6480769230769231
0.6403846153846153
0.6105769230769231
0.6211538461538462
0.5692307692307692
0.573076923076923
0.6163461538461539
0.6278846153846154
0.573076923076923
0.6230769230769231
0.6442307692307693
0.6538461538461539
0.5961538461538461
0.6019230769230769
0.635576923076923
0.6375
0.6432692307692308
0.6548076923076923
0.6461538461538462
0.6605769230769231
0.6615384615384615
0.6480769230769231
0.6394230769230769
0.6490384615384616
0.6096153846153847
0.6288461538461538
0.6365384615384615
0.6423076923076924
0.6471153846153846
0.65
0.6288461538461538
0.6115384615384616
0.6192307692307693
0.6490384615384616
0.6644230769230769
0.6682692307692307
0.6721153846153847
0.6788461538461539
0.6692307692307692
0.6576923076923077
0.6519230769230769
0.6461538461538462
0.6192307692307693
0.6336538461538461
0.6105769230769231
0.6403846153846153
0.6442307692307693
0.6538461538461539
0.6682692307692307
0.6711538461538461
0.6692307692307692
0.65
0.6625
0.6288461538461538
0.6682692307692307
0.6182692307692308
0.6336538461538461
0.6721153846153847
0.6461538461538462
0.6230769230769231
0.5625
0.6298076923076923
0.6269230769230769
0.6451923076923077
0.6403846153846153
0.65
0.6528846153846154
0.6442307692307693
0.6490384615384616
0.6384615384615384
0.6471153846153846
0.6509615384615385
0.6576923076923077
0.6567307692307692
0.6461538461538462
0.6471153846153846
0.6548076923076923
0.6740384615384616
0.6682692307692307
0.6817307692307693
0.6634615384615384
0.6423076923076924
0.6480769230769231
0.6326923076923077
0.6586538461538461
0.676923076923077
0.6730769230769231
0.676923076923077
0.6817307692307693
0.6634615384615384
0.6471153846153846
0.6682692307692307
0.6490384615384616
0.6615384615384615
0.676923076923077
0.6721153846153847
0.6673076923076923
0.6817307692307693
0.6855769230769231
0.6951923076923077
0.7009615384615384
0.6855769230769231
0.6711538461538461
0.6653846153846154
0.6557692307692308
0.6605769230769231
0.6701923076923076
0.6701923076923076
0.6576923076923077
0.6576923076923077
0.6682692307692307
0.6730769230769231
0.6557692307692308
0.6576923076923077
0.6894230769230769
0.6894230769230769
0.7
0.698076923076923
0.6961538461538461
0.7009615384615384
0.698076923076923
0.6884615384615385
0.6961538461538461
0.6894230769230769
0.6778846153846154
0.6951923076923077
0.6961538461538461
0.6740384615384616
0.6605769230769231
0.6615384615384615
0.6711538461538461
0.6634615384615384
0.6817307692307693
0.6836538461538462
0.6788461538461539
0.6711538461538461
0.6807692307692308
0.6759615384615385
0.6798076923076923
0.6721153846153847
0.6644230769230769
0.6615384615384615
0.6730769230769231
0.6826923076923077
0.6663461538461538
0.6567307692307692
0.6653846153846154
0.6576923076923077
0.6923076923076923
0.6942307692307692
0.6961538461538461
0.6942307692307692
0.6875
0.6798076923076923
0.676923076923077
0.6855769230769231
0.6519230769230769
0.6644230769230769
0.6471153846153846
0.6221153846153846
0.6461538461538462
0.6615384615384615
0.6567307692307692
0.6807692307692308
0.6740384615384616
0.6442307692307693
0.675
0.6365384615384615
0.6576923076923077
0.6576923076923077
0.6346153846153846
0.6557692307692308
0.6615384615384615
0.6576923076923077
0.6548076923076923
0.6615384615384615
0.6913461538461538
0.6740384615384616
0.6798076923076923
0.6846153846153846
0.6663461538461538
0.6394230769230769
0.6836538461538462
0.6836538461538462
0.6846153846153846
0.6951923076923077
0.6798076923076923
0.676923076923077
0.6798076923076923
0.6788461538461539
0.6817307692307693
0.676923076923077
0.6653846153846154
0.675
0.6673076923076923
0.6519230769230769
0.6644230769230769
0.6798076923076923
0.6653846153846154
0.6817307692307693
0.6865384615384615
0.6817307692307693
0.6875
0.6807692307692308
0.635576923076923
0.6701923076923076
0.6971153846153846
0.6855769230769231
0.6711538461538461
0.6740384615384616
0.6836538461538462
0.6836538461538462
0.6480769230769231
0.614423076923077
0.6557692307692308
0.6721153846153847
0.6721153846153847
0.6759615384615385
0.6615384615384615
0.6798076923076923
0.6951923076923077
0.6730769230769231
0.6942307692307692
0.6971153846153846
0.6730769230769231
0.6913461538461538
0.6961538461538461
0.6817307692307693
0.6807692307692308
0.6663461538461538
0.6855769230769231
0.6663461538461538
0.6836538461538462
0.6855769230769231
0.6759615384615385
0.6788461538461539
0.6817307692307693
0.6942307692307692
0.6894230769230769
0.6875
0.6846153846153846
0.6884615384615385
0.6692307692307692
0.6701923076923076
0.6605769230769231
0.6644230769230769
0.6807692307692308
0.7067307692307693
0.6846153846153846
0.6961538461538461
0.7028846153846153
0.7057692307692308
0.6971153846153846
0.6865384615384615
0.6903846153846154
0.6721153846153847
0.6480769230769231
0.6846153846153846
0.6721153846153847
0.6394230769230769
0.5980769230769231
0.6615384615384615
0.6076923076923076
0.6855769230769231
0.6971153846153846
0.6903846153846154
0.6894230769230769
0.6788461538461539
0.6894230769230769
0.6855769230769231
0.6875
0.6951923076923077
0.7163461538461539
0.7125
0.7182692307692308
0.7163461538461539
0.7115384615384616
0.7086538461538462
0.7067307692307693
0.6951923076923077
0.698076923076923
0.6586538461538461
0.6913461538461538
0.6807692307692308
0.6903846153846154
0.6817307692307693
0.6836538461538462
0.6951923076923077
0.6817307692307693
0.6778846153846154
0.6807692307692308
0.6817307692307693
0.6634615384615384
