0.2778867988322688
0.14339870328212356
0.1250146999319357
0.1033414140881197
0.09120533934604158
0.09016156960305502
0.06962969890289633
0.067854302083988
0.06975995888420104
0.06789287239228656
0.06551118226569494
0.06342763570978699
0.06048242023360967
0.06024422730385295
0.05753908113356431
0.05753908113356431
0.051414314797659344
0.04994518524485862
0.050417948702763345
0.0483377154594828
0.04896061413507407
0.05303429646713812
0.050897032635070776
0.049281165517325524
0.05401226125874207
0.05468436859625624
0.05276479876252691
0.05248633927495486
0.05092454076583398
0.05039902488136295
0.04967622696199836
0.04914621811763757
0.04857116790233352
0.04893054069920602
0.04810022317641986
0.04522009431140062
0.044665238481616
0.044205881814370254
0.044188022394682634
0.04758305293330641
0.054161931227413015
0.05343938976711073
0.05236116668972976
0.049189869951037114
0.0482105436970615
0.04498838525721301
0.04361853894783872
0.043689488080020523
0.04291037107062601
0.04542269157320845
0.04570455303965587
0.04781361135869853
0.04804899774627945
0.04401898846251294
0.043578020750156536
0.04738135075988035
0.04799788745975099
0.04954797589525561
0.04910946400933294
0.04930390218228008
0.049132322049666916
0.04936249252225147
0.05056463880050078
0.05045966108036581
0.04951305062759453
0.04237068396562192
0.04275170206150455
0.04271213258190246
0.04260642875557846
0.040704399826330166
0.04071549212901783
0.04039572592660395
0.04030528267907621
0.04104022628337942
0.040811823904393044
0.040586936802572436
0.04180785932606375
0.041770840273864726
0.041031369866782484
0.040827261273961385
0.04091100969144317
0.04098829809864357
0.04058888138785482
0.04122596718218163
0.04122596718218163
0.04165869979879615
0.04043448520452402
0.0425094639262977
0.04240365306140674
0.040934429007931226
0.041742989545009386
0.04146298539753832
0.041225111666027464
0.0437171546634747
0.043219670181183806
0.04250429081831768
0.040401903472642886
0.04542608892404612
0.043050671829005
0.04232017404944483
0.04064935090847936
0.04058150316814096
0.038828022927857
0.0384417100226654
0.037911044518362705
0.03835129414246248
0.03812932462284938
0.04079922337203645
0.04182355268136456
0.0413225250770499
0.039198090881963174
0.038623545649808626
0.03945775447957629
0.03892269980869145
0.03982306240691413
0.0392538271111562
0.03856895552133831
0.04523326299188657
0.0438484080076339
0.04310374012653479
0.04241043453292735
0.041119815746207385
0.04117634036521051
0.039609080780361246
0.03951257028499707
0.03847802014554068
0.03836059030439058
0.038065902574411656
0.037615822659584554
0.037507041775632737
0.037328310436650566
0.03748578638821431
0.03833937259527239
0.03735728879069622
0.03717543224935517
0.037140070740540744
0.037099991335873606
0.03708514873749193
0.037075330256991
0.03692277684006108
0.036991341261759916
0.03757555099320148
0.038123844561735586
0.03656373302660441
0.0373069865076402
0.03854897594234542
0.03788642688057412
0.03684145264687104
0.0372399863381094
0.0383361930102926
0.03790423826833148
0.03738538072776243
0.03729699688676466
0.038655839097738974
0.038582845193695585
0.03876592482290023
0.038733529618854665
0.03860349588626351
0.038703149194159056
0.038703149194159056
0.038932412486598844
0.039907534636382316
0.040016707858141216
0.04039224002657261
0.04002285919122173
0.04011778652399185
0.03934419778858153
0.038800090251768
0.040771703927355164
0.04090548436888319
0.038873119343778344
0.03866414849866992
0.03827089973904806
0.039135135645483585
0.03853847936954427
0.03814258716431137
0.03709431138436777
0.03859028941943641
0.04001252306258704
0.04598469328114623
0.04439269581711645
0.043729853859649045
0.04349405423792581
0.043602843202235286
0.04317714941547076
0.039053898433151935
0.03838119851197951
0.03827632994176117
0.03809845532327939
0.03789215937704883
0.03774455598069057
0.03813845091079196
0.03803859678635456
0.03833449465467198
0.03825082840426162
0.03772690355817133
0.03775229474711647
0.03735294958372694
0.038971470105352506
0.03771218774025128
0.03700565179104077
0.03586562132915511
0.03531180889846265
0.035065039321323634
0.035065039321323634
0.03705004303042767
0.03768317187011953
0.03698533831856063
0.036934084518177715
0.036934084518177715
0.03622006737480812
0.036601615614253874
0.036150540715685756
0.0361935733584403
0.035798568154062016
0.035062112500005765
0.03598976464501
0.03617575710185501
0.03597321813264167
0.035976681474717824
0.03622385253916681
0.036573285903736
0.03780330633970504
0.0377817571782325
0.03553126693871062
0.035731639773484924
0.035487596750622845
0.03579212448184136
0.0357383798458117
0.035688653904007696
0.03487821275994676
0.034911730724486785
0.03484397769554965
0.03442451326017855
0.0344155145052805
0.03429277266639275
0.0343348447441336
0.03476534332450134
0.03498002556794605
0.03524592985570817
0.03490622256674079
0.03490622256674079
0.03441656131441854
0.03438890304727972
0.033801217571307295
0.033606594931878675
0.033606594931878675
0.03366719216808307
0.03364352621910263
0.03394804686289955
0.03431004043065115
0.034893532190594434
0.034788533402582464
0.03486575404326804
0.03449017418236859
0.03553440589236279
0.03527765260019416
0.03450926933523506
0.03393897602459668
0.034650167018183554
0.03441005812253957
0.034726751919373834
0.03470450440492648
0.034379969305638185
0.034503367222464304
0.03577097615139238
0.03494024787195731
0.03660594348318537
0.03694404213225256
0.03611990263766586
0.03587300313412454
0.035874112042305235
0.03603760551491148
0.03576421287652627
0.03535232363348331
0.03958092913522559
0.03537664649353172
0.034225223240443664
0.034569886945730884
0.0353968861494423
0.033777238201250954
0.03508722721632554
0.0354088349577859
0.03526304876261913
0.03482197013208961
0.035101203679099885
0.03572006285694121
0.03952405424768937
0.05048475978754257
0.044330112146433905
0.043515307664337026
0.039211248928769656
0.038622753815699434
0.038486396559629786
0.04931615900419606
0.04582174961919209
0.04405318375099898
0.0418278834863846
0.04009169357609578
0.04073191584511686
0.03981134286936048
0.03894424864896467
0.038283458261691446
0.03834142301410975
0.036930368608581544
0.03689521241129833
0.03679478086713583
0.03671208294782018
0.03649127966594904
0.0360587152515967
0.035578223171851525
0.03575766666078794
0.03601024264502547
0.03588908714680855
0.03647846161464273
0.03647846161464273
0.0361531343659391
0.036398456007752544
0.03584298222107023
0.035131076393430063
0.034996885373233755
0.04013827267091604
0.0399277006696331
0.039033033235155744
0.039033033235155744
0.03906586187535794
0.03911827094520007
0.038086871277349915
0.03413736496937389
0.03455986878888563
0.03408929171670302
0.03407381913799482
0.03371034716208989
0.03442129127821748
0.03432919062837869
0.03445846744000141
0.035511916171117944
0.034937173061543855
0.034720103463683
0.034775321602118395
0.0337946620640603
0.03648989692419551
0.03619208497873483
0.03754627271414331
0.04118175124023061
0.038813180411805946
0.03827783053046105
0.035573460441124076
0.03450565032921562
0.033734498756707185
0.03381840651902922
0.033108434163983166
0.033130352452831274
0.03263056559016763
0.033714422110125604
0.033714422110125604
0.03381901032078995
0.03419694478490017
0.03482136163188897
0.03451919197205663
0.032955324980113394
0.03306516462507639
0.032947617880572815
0.033932235286979626
0.03330170024834295
0.032410158145265905
0.032601350145850055
0.03291012350534391
0.033628244958634944
0.036452519306660026
0.03757299640997207
0.03547082368880907
0.03701122693512106
0.03618853122692786
0.03588691410624812
0.03529029066912587
0.03522506910151719
0.034147194898358206
0.03675204504553575
0.0358569125688486
0.03568065305702554
0.03555660173299543
0.035269235786952444
0.03458464525812161
0.03454373926235541
0.03210378000939722
0.03217629595772605
0.0327285140901201
0.032702730100363946
0.03271291924260228
0.03274957008922288
0.03285675959147335
0.0326778368238456
0.03253459973212538
0.03258993575328453
0.0324616123814748
0.0327522936004892
0.0325721699610251
0.032869087982597175
0.03188442352837816
0.032468968079642606
0.03167853638031334
0.03173974784175414
0.0315853923922595
0.031104705701061115
0.03082540035090778
0.03096303382591681
0.031072760300754457
0.029944146291445886
0.030061259198298163
0.029810970353614442
0.030335646389759465
0.03125452802263899
0.031194762190635415
0.030224250520263847
0.030204438445491904
0.030422546615645297
0.02995175911197068
0.029871419846061904
0.029596683476899727
0.029318636747272187
0.029728577931015708
0.02972964223568159
0.029629667626581833
0.02946017450879262
0.02901518294201506
0.02891940320460365
0.029193100055277546
0.02971961910547276
0.02928960751948161
0.02935923554422146
0.029339806326285533
0.02940926484316578
0.029934142884017707
0.029699409096014664
0.02966653796632062
0.02966653796632062
0.030481393612100015
0.030266592679764275
0.030184126281397106
0.030158576922338115
0.02961881495054791
0.02961089514045003
0.02961486998007108
0.029443021727910523
0.029428656727790416
0.029645397501145504
0.029325321260304564
0.031414440427169704
0.02969896981686582
0.029624129797106737
0.02960569090075097
0.030080192629715934
0.030323630958491523
0.030532812338240765
0.03044062257270812
0.03120070137100243
0.0311781563834261
0.03185783533743131
0.031696730082310116
0.031647348875195984
0.03129988588218176
0.03123660475323533
0.032948056410018356
0.032197677290499285
0.031831756960150615
0.031641145921860805
0.03144186588974309
0.03221268248554547
0.032034493405222964
0.03211377532230195
0.03207633786732195
0.03205237059396018
0.03147788385017411
0.03147637344841199
0.031524949233089024
0.031057646247754266
0.03093907538606742
0.031239732227462274
0.03061392940088774
0.03058179195817609
0.030546106968651957
0.03168493305083889
0.03162476126008374
0.031129122308000183
0.0310580862911186
0.03132812644275972
0.03048612102488723
0.03048612102488723
0.031071550668098757
0.030975745781342354
0.030730848225920034
0.030516147929365498
0.03033331909076549
0.0298449446104861
0.02984196127831688
0.029863215702560838
0.02967290690022699
0.029440473232320647
0.03064567409432618
0.03054536444399526
0.030530525918820543
0.030563078803003272
0.030419872452421448
0.029736513283389797
0.029633899113422527
0.029653688110433916
0.029468832641448794
0.02930850586205487
0.02915061147612906
0.029028916517566405
0.02885494775296821
0.02851829414368873
0.02847474343727925
0.02864967350635478
0.02864292653482281
0.02863150114585605
0.028773499420893
0.028610334680547824
0.028865297456454005
0.028813179159919638
0.028795125576246004
0.02883179934454882
0.028724672084524873
0.028741028867951365
0.029134370006535598
0.029052347169175947
0.028530980727594777
0.028531489872732203
0.028734331991935487
0.028831209908156293
0.028674832523714156
0.028642732661259242
0.0286336148545946
0.028679208946716515
0.02897393487653962
0.029916943815626696
0.02986828887568493
0.02941017114878306
0.0294186910223455
0.031657422406998675
0.03162967310903297
0.031691138590190536
0.03133382248144879
0.03128783825312886
0.03125516970744427
0.03094181783522849
0.03133982814175703
0.03141357825011521
0.028604394212438107
0.028585913106381304
0.028673620590250026
0.028558367969977905
0.02924618891597759
0.029484935079261004
0.029492631792207902
0.02982913742571676
0.029582857864375697
0.029492261164728258
0.02947787175541364
0.029100049631173686
0.02911930532038223
0.028807581485944016
0.028771313742097963
0.02836880202297691
0.028241460949950836
0.027822199161153634
0.02782429010316255
0.028187409848764316
0.028043362340076042
0.02822451868031405
0.028078488515627404
0.02803218427225848
0.02808871941237084
0.028372315077422043
0.02860760773570433
0.028449046166900367
0.028381519736350676
0.028621997757106343
0.028570377147666602
0.027926824415119834
0.028058558087340504
0.028590096948186816
0.028619922875608696
0.029327318451744813
0.029399426230682656
0.029312708424167586
0.02912559471087449
0.029004073983434922
0.029070413054238128
0.028549010495172295
0.02783442198670981
0.02706057489182197
0.026975123701921493
0.027142699798611808
0.02714544039187143
0.026956277829194915
0.026880241640968472
0.026649047300827428
0.027285633164023312
0.02730262622458646
0.02751616368392501
0.028071255958236025
0.028171173383245034
0.028208340875858634
0.028687929839767118
0.029091066897211918
0.02852010631546934
0.028524026360645358
0.028564354867962133
0.028665339474925614
0.028501180953993226
0.02865977953317755
0.028751147777364323
0.028719839758130986
0.029075036571901844
0.02858945652237754
0.028996098423337422
0.028996098423337422
0.031180068368305978
0.03119409027081174
0.030896015710426925
0.030749943869427355
0.030697223083292206
0.028899588099731477
0.028658768202426462
0.029100173486540596
0.028695916729063874
0.028669631344074607
0.028819578434713927
0.029778387835067057
0.029566571540069905
0.02838327129252865
0.02799707708805265
0.027888286731414795
0.02781479541522329
0.028889687397634107
0.02885259554437526
0.028831720137020116
0.02722326815251334
0.027277776595688884
0.028234238380867128
0.027735593970246417
0.028226837579488274
0.028182113366045963
0.028183047173312836
0.02849611696839352
0.02838155274767413
0.030021631720447348
0.02980167029298979
0.03016940542778274
0.029863811779030264
0.02917535828252124
0.028055933043676984
0.027772734927121658
0.028272415924116917
0.029632421184191526
0.030202333350235786
0.030202333350235786
0.030216962673180532
0.029795487395460552
0.029519937992603763
0.029296757534544957
0.029296757534544957
0.029307087523920028
0.03118061169320356
0.0307447869140667
0.03036532307005265
0.030210027613991938
0.030182082290167424
0.030880931684561037
0.030844165365263566
0.030725900799639248
0.0307101530834477
0.030726302820711336
0.03259571303005144
0.031810280603043396
0.031526338767744445
0.031230870255068145
0.030969970063566096
0.03069713435607906
0.030036251867617325
0.02998587252981977
0.03014180116906514
0.03012918337866143
0.029843053363880143
0.029733356946754927
0.029564284504115277
0.02974130512847286
0.029503943500382185
0.029503943500382185
0.02879511907454907
0.028396952911187802
0.028239047324699916
0.02821447004362485
0.02940038728774497
0.02938477717185024
0.029332706201159207
0.029272104895481522
0.02959413907657192
0.029528494203075156
0.030042718285550524
0.029988577374574343
0.029949031036037067
0.029728151643135033
0.029529110575892602
0.029767852148429853
0.029779454675688797
0.029737871839214013
0.029652500725487543
0.029396795039971044
0.028170715872173128
0.027992145908526427
0.027854380702780315
0.027854380702780315
0.02773335447409718
0.027661125691706732
0.027743422184735963
0.027432676358118784
0.02794953300401805
0.027789223314399772
0.027837574444190438
0.028198012744154215
0.028080778719860047
0.028187527490538978
0.02847635681450049
0.029754505520726015
0.030120758594893125
0.029957919189663614
0.03013519059262612
0.0300703122909091
0.029501316144352835
0.028858876547321482
0.029022316934278515
0.029777645537893693
0.029661447193534758
0.029428984591661492
0.029248233778119373
0.029279636677500172
0.028756640370965886
0.03046563946234252
0.02988927149031016
0.029869268567579432
0.029782553708983896
0.029327992806454314
0.028918758652842547
0.028817239122930247
0.028763291945657153
0.028383420316159737
0.02813031841023978
0.02806829965095379
0.028095076265424315
0.028983318091495652
0.028968502513607646
0.028460003925179556
0.02829102757093117
0.02817989037532031
0.027922522801251168
0.027560366137281418
0.02826534461039818
0.028220903477943697
0.028220821200297078
0.0293617298844579
0.029320576422420405
0.029407279715971867
0.029575938998872734
0.02941544271712274
0.029631941218723933
0.0300895368560392
0.029446075915053372
0.029527563858303848
0.028637618195121523
0.028795796925723365
0.028501854901287507
0.02821429873136251
0.028191084538020345
0.02829969632478538
0.02830018894740875
0.027951044595869053
0.02757425599497828
0.02757108524773913
0.027993164604771574
0.029897397169245443
0.029925618980088966
0.02989896501378758
0.03025645540287124
0.030016387882919635
0.030010028528579157
0.030919855124932588
0.03037309121869387
0.029952608480977284
0.02954199808787637
0.02883568937887262
0.02882548135847381
0.030278949809432194
0.03087214283064281
0.03085776972517651
0.03093588535225789
0.031155403092069496
0.03070101321450352
0.030678459578428116
0.0300552728538727
0.03004142621314521
0.02934257598013928
0.029144831126747567
0.029093344484759486
0.02906131453833505
0.02899343616121013
0.028823647872076634
0.029372627098032424
0.028476483042523225
0.02794722847240609
0.027499805055760308
0.027673178750195333
0.027503437346426827
0.027579706265251747
0.027505852402243642
0.02833045390266023
0.028336088261894543
0.027398579067095436
0.027309156156175483
0.026802251083994963
0.026599343796734506
0.026974106632250007
0.02697115503220124
0.02718119855663375
0.02718355066746006
0.027041596303750658
0.026992362183853147
0.02694062443156087
0.02705948898234086
0.02693254140963783
0.026914057970512568
0.026495500279222435
0.027095049637746508
0.027769904577374643
0.027547808387198846
0.02778879912032501
0.02777185379060338
0.027670639080805626
0.0276443671243679
0.02741084222158339
0.027606084608193547
0.027417732244282428
0.027356185456268896
0.027108497816039898
0.02709335597252118
0.027042381579148518
0.027042381579148518
0.03019158449781042
0.030785543425867333
0.03081160029623992
0.02993498165929038
0.030145135206997298
0.029583480292516083
0.029474385713124697
0.029547212014313498
0.02946052406887997
0.02922961201299529
0.029337100613255247
0.029064366884453935
0.029731880052162533
0.029175218114080095
0.02913929527951804
0.02890800340900734
0.029208860327228015
0.029061239951117365
0.03035593230993573
0.03091732434410169
0.03299391606738112
0.03400908209365702
0.033671891871608246
0.03308354798638415
0.03411540663516516
0.03393158093055446
0.03225598204641625
0.031014646962343587
0.03026056708232258
0.02963198540331846
0.029138457903704732
0.02899851282436494
0.028867666865133434
0.02879556325521686
0.029652319082522312
0.029453073777388386
0.029392854835673225
0.029458307849700195
0.03018225936367155
0.030382851897588697
0.029034729597412462
0.02929119881963453
0.02935772478817149
0.029282520016609814
0.02928775050578408
0.028825842511022937
0.028714773304177533
0.028638845722762044
0.028389323234350165
0.027680236093939773
0.027686887852259014
0.027306261511486223
0.027307781509150395
0.02712869789616608
0.027191285030620422
0.026645365597601098
0.02677690757674826
0.02593156143853419
0.025918693657593337
0.025932220443128665
0.026966560770396945
0.027176273527434867
0.02630187370063563
0.02622909896939951
0.027235141624017405
0.027291612001752678
0.02692495556114007
0.026885879241641528
0.027597085885785896
0.0288193653766188
0.027031370245596816
0.027081099509191305
0.027082930786069916
0.026989382188105576
0.02702386965164738
0.02699491707249382
0.026573213658003268
0.026573213658003268
0.027001144287845016
0.02806551728390025
0.027724873641388828
0.02753531453301192
0.02781124758281375
0.027954570264135347
0.027826612639174304
0.027778943713211563
0.027390953459006367
0.027293217074479965
0.027090423184890182
0.027153859046389693
0.027322640796647042
0.028572576824069672
0.028313090650042793
0.02824514880521567
0.028331560509380956
0.02807104746875661
0.027838876465054674
0.027479507473955427
0.027309812234935664
0.028173740233273774
0.02817403829617909
0.028172752507592776
0.028058963941352436
0.02800249577769458
0.028021944804759516
0.02805514370657417
0.02816452103149617
0.02804349872259552
0.028034890865690176
0.027584610744854993
0.027427875250963664
0.027404208919029026
0.02737243715722492
0.027487076553851165
0.027312920504286485
0.027270208350978417
0.02714227399367422
0.027133382586790173
0.02693233755238862
0.026725989246284294
0.02680828257263679
0.028034885112988288
0.028851933675672476
0.028813047904912258
0.028618665755503703
0.028441609472381724
0.02801384965444359
0.02799601859542043
0.027918210145678975
0.028000320467312725
0.027850288194287084
0.02777465825971139
0.0277910087387744
0.02766307099771321
0.02797975122429621
0.027855619488579973
0.027826096669907176
0.029631602365260187
0.03014831306397697
0.03037712056675635
0.02988230467065656
0.028156312317576933
0.028133397857093553
0.02891811181677338
0.028748947163895516
0.02835028812306198
0.02835563690163501
0.028329899788053767
0.0295129201892224
0.029492366252841712
0.028887449443434327
0.02764613365954605
0.027541893794560013
0.027494058581686347
0.027195009798672964
0.027410139745611732
0.027577550751641196
0.027453355558409855
0.02730645253805304
0.027405610958156072
0.027207500465414033
0.02707343581902599
0.0269821140860201
0.027009877857273563
0.026606246481744936
0.027089932393862915
0.026931052561157704
0.026911759004146142
0.026941965317989265
0.026898095213475123
0.026950967151743447
0.026955077259202886
0.027049434797384673
0.026624660007705997
0.02660337886106045
0.02754115607524337
0.027625122976127972
0.027625122976127972
0.02763154602542295
0.02763082156636414
0.028446196848541116
0.028292234865494988
0.027834968463792832
0.028161598223293394
0.02813187085423683
0.027841788967819255
0.02783142337928196
0.027608328013574497
0.027526586424707882
0.027111409318276842
0.02710360033780109
0.027120647284657465
0.027129980523209304
0.027219604669983206
0.027306253797766925
0.027242415212985833
0.0272316080637506
0.02747207942726948
0.02747021228807142
0.027380855373457684
0.027414520221086328
0.027426952141446737
0.02761489007290369
0.027541295208148204
0.02713726184678997
0.026893085823804407
0.026660037439205312
0.026746841041718813
0.026707363171253082
0.027015142151950246
0.026685813447336126
0.026614510698842
0.027666411602644426
0.02782301038366654
0.027742817575824277
0.027772707879884905
0.02778091908611543
0.027555669875416706
0.027385889132065633
0.02650047473627093
0.02629717752883942
0.025966446664183886
0.02607491508664339
0.026077607539426857
0.0259539923201014
0.025959388593726835
0.02602191086592232
0.02600475293431473
0.02601655621055581
0.026001519213211664
0.026162372117500884
0.026097805168342682
0.026256939242651683
0.026864645222518843
0.02685152883619757
0.02676895766994297
0.02662577716940527
0.02623998483987591
0.026280709117759125
0.02645806449613362
0.02562207538164448
0.02556111165950427
0.026019214154762535
0.025934487705376923
0.02652367149397678
0.02652387940630783
0.02726106668642158
0.02735566941145751
0.027148065481941777
0.027161215689976065
0.02704158264640649
0.02704158264640649
0.02696824659412194
0.026680820441323472
0.026481331604019765
0.026472293389064126
0.026472293389064126
0.026429489259176524
0.025945214038186348
0.02604424216062008
0.027085858825304628
0.026958787397940245
0.026921259396214006
0.027813542798690746
0.027783407280647925
0.02778957168145317
0.02778957168145317
0.027748877035991586
0.02790569921073241
0.027605890210111686
0.02836501864876922
0.028775876810010866
0.02855020532126365
0.02914345093974052
0.02838888322504033
0.02852963832448443
0.029169735597207702
0.029341395195796482
0.02863251667901614
0.028631635276760794
0.027998460821537747
0.027970191134991985
0.027669075256083038
0.02772634716369504
0.027710851540779086
0.027827072207906405
0.02863107389174177
0.02856926903189816
0.028604384354001984
0.029827368474265602
0.030646789995830148
0.030431459572294872
0.03074903867887066
0.03166722447721054
0.031928356785860076
0.03188726832672591
0.031793928700256505
0.03153650712991524
0.031269008612883835
0.0313572029075328
0.0313572029075328
0.03109087691713243
0.030863900309747918
0.029614331622805436
0.02940314971580391
0.029375668416438044
0.03111090979937241
0.030393114604402957
0.030581932415345108
0.031204826935879212
0.030534998880759397
0.030294613417146263
0.02952925000622149
0.029232274002366925
0.029015067657236375
0.02868651623437502
0.02859701901848349
0.030019290879193552
0.029725825703710296
0.02865487196322077
0.028546090293027928
0.027294026650946695
0.027256798536918488
0.027442789359624624
0.027432210002744355
0.02734969402773106
0.027744399595835918
0.02965058300620255
0.02950040495840696
0.029495705300073824
0.02892977225512692
0.028735956264537354
0.02859673348155193
0.028640687218906054
0.028712434888170324
0.029391526612043778
0.028427757366201258
0.02783120433216119
0.027640853927644576
0.027989908471196655
0.027990324827497214
0.027814506864637534
0.02800282962470846
0.027907559426084503
0.028321328371859255
0.028688436214798503
0.028657168769599402
0.029704734373620603
0.029407887073027855
0.029188100828217097
0.02915281107655578
0.028904709005489814
0.02926549265638627
0.029953674679606284
0.02980206240620314
0.02980932109107586
0.029812959340932338
0.029849775539856398
0.029820714806073692
0.02869690637240933
0.028096592123502694
0.02865547266962504
0.027583955008273302
0.027573296764799814
0.027625650729427197
0.02765972413030173
0.02749031901047129
0.027150400018606295
0.027518268658724556
0.02842968666022157
0.02795305539729109
0.027992404746500537
0.027994863157120003
0.028156226737074408
0.028080773658299408
0.028044651635944527
0.028087253469548386
0.02761804706012452
0.028132899286223492
0.028672811895877268
0.03149234592135164
0.030091746969107772
0.02950598178038419
0.028979183412908397
0.028949559689750097
0.028908002761026508
0.02889366686206031
0.030354223796847716
0.02818092375118666
0.028135429242336613
0.028806118167198868
0.02789320457154342
0.028138050972765144
0.028184561330049738
0.0282666361290503
0.028830107198716887
0.02842341788714228
0.028379097706725556
0.028089214885145458
0.027970961873280537
0.027934169760375684
0.02814637514017524
0.02754561843399406
0.02727241060712082
0.02704102600713622
0.027087842119428232
0.026808852322541807
0.026651348238080703
0.026605189579786477
0.026465538615319077
0.026824601156054836
0.026826266292684805
0.026811451839839698
0.026520771783843607
0.02652975533664699
0.026310780301275226
0.02620524061729315
0.026166708059048853
0.026210024640404332
0.026215551741572904
0.026188931548216523
0.026063283214175725
0.026060780481341958
0.02606606206667832
0.02623749428700813
0.025843977720745398
0.026492754441971845
0.026435244173848023
0.026638216689084736
0.0267025373505975
0.026506894148405416
0.02641620096405205
0.02641876288093513
0.026399269861900016
0.02584262135701142
0.025690306039650786
0.02566281117355667
0.025915413583309416
0.025672974193307642
0.025874948531568107
0.02601915647704145
0.025676387528229306
0.025667435322080965
0.025667435322080965
0.02541066441127267
0.026554509101906664
0.026541427193470895
0.02657335081840803
0.026753737522188042
0.026184893166295933
0.02613257281092139
0.025662624869940632
0.025608349351002917
0.025606737758606883
0.02590643834470963
0.02590643834470963
0.02590568210176133
0.02523162609422933
0.025180828651976857
0.025422798841888385
0.025422798841888385
0.02521381701071075
0.02590384560668155
0.025695625217097166
0.025407207384146032
0.026316516698032668
0.02630956693462041
0.02637578063491298
0.02606624035860318
0.026091535742753823
0.02606862360138054
0.02606496819081744
0.025983236190556248
0.026198230205910396
0.027565383926037513
0.025932803780965696
0.026300249470319826
0.02625936553593495
0.026079273078650593
0.02662986697080072
0.026644064258819013
0.026315081081930466
0.026299465577519537
0.025803651568268627
0.025967810539306288
0.026375925397030518
0.026250731385539634
0.02621839655015679
0.026029278211573977
0.02600449384704796
0.026000374307294013
0.025961007254820912
0.026372608296824904
0.0263527323737563
0.025852822714773377
0.025797070824093136
0.02583091500458596
0.02581190216074388
0.02583731249299321
0.025829912607621356
0.02691219371292263
0.02685742659681057
0.026491786551813196
0.026435950457084335
0.026362329776839485
0.026356834329328005
0.02635570383346752
0.0263241223686079
0.02641545462962246
0.02786199578115114
0.0278714513449379
0.027113075173969606
0.027113075173969606
0.027255742501074945
0.027283962370321758
0.0274581400425265
0.02755788810641403
0.027714832814630053
0.027736891842931283
0.027786338185713296
0.02780459968414207
0.027760951689081492
0.02777000847358779
0.02940781012797341
0.027726355479690445
0.02896958628279412
0.029310380391039607
0.02919947016067318
0.02982235163513505
0.029784475688369116
0.028524872196264345
0.029263961827043248
0.02814559299539209
0.02897974043717342
0.02892951691158906
0.02867207108122985
0.029036058342616362
0.02905309735637446
0.029017094334051176
0.028999866792402622
0.02819506858156646
0.028194929980928596
0.028212426364669568
0.02830949416287664
0.027903486793628536
0.027561703003081726
0.027802245819313835
0.027719965642251036
0.027682002713240617
0.02732676068511441
0.0272973227523139
0.027170779914635863
0.026781891770711466
0.026451929730071308
0.026671500813447897
0.02689979474010317
0.028339649149730188
0.028286212934286403
0.028686022189719197
0.028669177604979085
0.029245313272279617
0.028838754037827003
0.02993175460089574
0.02998344206252189
0.029983438867394154
0.029071454562056034
0.029211269396039203
0.029183744196521436
0.028577764714539267
0.027801266098408453
0.027801866433208332
0.027884626069104607
0.027839287639500825
0.02779443737612839
0.027806040312238045
0.0276224418489949
0.02762242115570383
0.02714234270764087
0.027379384281532814
0.027812927076577575
0.02774754742227917
0.02771629824029244
0.02675186059502664
0.026313173157048054
0.026317588500426547
0.026111329399131397
0.028886557471511295
0.028480458226624723
0.02835913325858535
0.029959905238595135
0.031816643771943265
0.029424430298514746
0.029811577743545932
0.02989767236126918
0.02974126194661725
0.028795656459715473
0.028725363467704334
0.027219395718444877
0.02705194757359237
0.027046970581963703
0.026951212634070902
0.027053476451306704
0.026931035947541197
0.026831511018161287
0.02673798373855822
0.026860660453363654
0.028463310839529757
0.028203688002367788
0.027557433001691067
0.02781948293638374
0.027035105649591128
0.02692423439945522
0.026859344303801953
0.026894981218131823
0.027197343357581234
0.02715533863624456
0.027136193503968245
0.026849044075904743
0.026545653577889097
0.02609791268451937
0.025525780688712932
0.02536024941873224
0.02516782729886536
0.02532629694466369
0.02553123465363237
0.02538412379918864
0.025177972770966665
0.025627528874325314
0.026479771098703243
0.026475094781727458
0.02639592625821387
0.027952500815278704
0.027951017559945866
0.02793976898256788
0.027636425551410475
0.027644807851702684
0.026693323827261573
0.026569426807071025
0.026521813201205034
0.026479431637547558
0.02647399646867568
0.025388474400092252
0.023965379391504574
0.023957696102318324
0.023964567121914773
0.023863405335194016
0.023862409114778257
0.023740090835221737
0.023775492387936532
0.023984394992763492
0.023994682954083184
0.02400579565900107
0.02396075758244763
0.023953546991094376
0.024335440522917997
0.024327891075308857
0.024346531227446913
0.024690246907872946
0.02476702545775061
0.0248472982690429
0.0249165002722437
0.024769466563460036
0.024690246818955337
0.02471569927660686
0.025022123922825608
0.024760468404593707
0.0249598531828665
0.02493392037835048
0.024766253127241386
0.024772472196004352
0.02516495658811269
0.025138675665948056
0.02478821487022622
0.025167434369228678
0.02504121173351162
0.025135620194812695
0.02505291774468891
0.025164395108843385
0.02510939667650423
0.025089566903499113
0.025044432986909868
0.025047301775179415
0.024830618100054533
0.024795501670189173
0.024794940415774496
0.024763610170956664
0.0247683035291645
0.02471212152004639
0.02487896896668003
0.024805793718895176
0.024803952122434126
0.02440370400140429
0.023793714606214753
0.024053530747285345
0.023962718764766865
0.023962718764766865
0.024058839587887484
0.024059548125854216
0.0240076020430593
0.024005689473318145
0.023905215054406195
0.02391341176613505
0.02430248285985955
0.024302973101846103
0.02429901002534525
0.024400152384430007
0.02418412245384433
0.024201013121443776
0.02416607448554469
0.02418520631451676
0.024116046287537284
0.02407243941237558
0.024017829561560098
0.02397642980898238
0.023997589654484307
0.024001562429833815
0.024910642779256496
0.024791504923081176
0.02481543826547916
0.02464111015853101
0.024635839654201682
0.024637511687517093
0.02472225072858822
0.024608793097797746
0.023873491897250146
0.02383550566578442
0.023880745419337115
0.024885176788428894
0.024886619675651044
0.02484685794362818
0.024836044761839343
0.024813140440242562
0.024833817202343945
0.024799953935014035
0.02567300829162076
0.02560844706553348
0.025738011775007577
0.025376228005366232
0.02542119438307014
0.024840047950399957
0.024595630884948018
0.024684147098613687
0.02482870658040995
0.024800174944754616
0.024634864657769918
0.02459314134545817
0.02453724794855307
0.02552939592197018
0.025521262840119265
0.025005272390698278
0.024975339042455757
0.02487028870273609
0.024835689126642448
0.024840015509562986
0.02475520659138195
0.02475520659138195
0.025445899172635827
0.025139910741132837
0.025163673420414433
0.025031232761207004
0.024664827040489116
0.024834452238255686
0.02467916208663789
0.024536861025649507
0.02443208519799641
0.025162464561676985
0.025086853749180547
0.025086853749180547
0.02504935918523666
0.025840116865005907
0.02583715598476056
0.025777640132652622
0.025730824898233015
0.025811319658788454
0.025738038581593167
0.026125921987827514
0.02701265356450116
0.02674371370206329
0.026760407513280644
0.025938101491203784
0.02561380419264958
0.02522832054855251
0.025624707187200915
0.026009998988807185
0.02538849824513567
0.025400632275595688
0.025474746361530718
0.02682418283135774
0.026743681409809702
0.026428356922422798
0.027078980614315826
0.026934593401209513
0.026907017696245268
0.0267860083158871
0.0267860083158871
0.0267064180519151
0.026292234161127526
0.026441312698806025
0.026187283291187326
0.02591805242514286
0.025898602125293334
0.02585698094909379
0.0258239667859367
0.02581817182134813
0.026253587685203576
0.02643966506276158
0.026435487967778715
0.025594297463851997
0.025585352873975488
0.025590270526908498
0.02553489371107999
0.02564728818150023
0.02568099756957529
0.02564532725043026
0.025615692557386268
0.025801685736442766
0.025743498022509168
0.025745571905211012
0.02544763656354319
0.025455875351765276
0.02538932373429557
0.02538812039754706
0.024201762087992774
0.02449997521791485
0.024467837954298074
0.024253048597573913
0.024215055690871252
0.024086367059493706
0.023983956480520402
0.024932387950081458
0.02503172896936295
0.025015219110173743
0.02539537266932322
0.025409843547360006
0.025384551618497543
0.02521357113969188
0.025216183567235675
0.02514723556316229
0.02542231232481596
0.02630939666459062
0.02588992950241403
0.025860240978358106
0.02577532500957346
0.025772035468459794
0.025615023830229393
0.025432810151027208
0.025651671188768294
0.0258127668069701
0.02603011446276684
0.026218410399593283
0.026271695101029967
0.026733511487620293
0.0266784425815888
0.026701377240629497
0.026647584850046886
0.026708839598937273
0.027981517404738605
0.027360023168325216
0.027156986228624273
0.02713857896734769
0.028716587634547878
0.02870960300773247
0.028323842641573175
0.026667485829234075
0.02655131750292255
0.02675283219228108
0.02607843073857186
0.02606865662074992
0.026071812606173236
0.025852756351128648
0.02552512678559087
0.025390398978473592
0.025349470935175804
0.025193821577583337
0.024992117494594453
0.024937490304731295
0.024877224940053292
0.024786808441077945
0.0247915938858379
0.02475348441469808
0.025090718705921215
0.024868974749776458
0.024734693228349893
0.02514652991459783
0.025337104236229358
0.024849001472784283
0.02476844721288241
0.024688644586387067
0.024533605656962526
0.024533605656962526
0.024462777191684788
0.024426832449468135
0.0244317466015281
0.024139599870168955
0.023938472515744186
0.02350048448316729
0.023833528008893892
0.02369437286000605
0.025155923351761974
0.025440564706506127
0.02535700281851202
0.02555834830228502
0.025577345248889945
0.02451104867494451
0.02480322590016244
0.025902026199432396
0.02581911110889563
0.025807657721738982
0.026598065619273945
0.026545567663668966
0.02717336060467674
0.0266677801875523
0.026875300608859093
0.026891525373823662
0.026792427096870897
0.027534452996400612
0.02752244998125981
0.02757266650736199
0.027822105676514695
0.027850513225897457
0.02766795320716498
0.026691699422165604
0.026614525817096113
0.02629067152520363
0.02712209739377178
0.026932083933125225
0.026859696407699585
0.02687623603210629
0.02642243064582887
0.026256268451897
0.02597465345887634
0.02568945024594415
0.025487941279819126
0.027134506199004784
0.027103155619368047
0.027018642037790787
0.027186153415246588
0.027144084960177322
0.026599408571311465
0.02675938070687899
0.026861401294805902
0.027622528997903042
0.02721144457855254
0.02720044595874828
0.02718267732409133
0.026666509701422075
0.028598653645592716
0.028568682256329553
0.028632302913047084
0.028596645860869956
0.029000911859402012
0.028633367892540916
0.02861510559965097
0.02856878813970973
0.028520332603286642
0.029073302456207654
0.028291406587807804
0.02833781581492866
0.028091294903829025
0.02807973481000792
0.028148390786531998
0.028149367070609048
0.02815247761182545
0.02808256898799652
0.028047183819883744
0.027932400883423046
0.02793057361858148
0.027948012137343606
0.027932458847663336
0.027915716365868863
0.02779006168219549
0.027788351555022822
0.027652941838331342
0.02574260326757086
0.025738882962733325
0.02564111985703732
0.025966840656872107
0.0264170621897675
0.02636346774673729
0.026284266927637457
0.02547637350757282
0.025285382735694303
0.025284865648495875
0.025023467269862654
0.026517906453316066
0.029364740762947022
0.02734455202451943
0.027268181330197563
0.027215376311714286
0.027240383413100783
0.0272118563395939
0.027273852055921862
0.026956830555007093
0.02661253976719724
0.02661253976719724
0.026626226120057377
0.026635602320032162
0.02666638016850413
0.026675272382465323
0.02668858049670025
0.02752294846686749
0.026126478345660797
0.02669217189631658
0.026735208766272896
0.026044277094410172
0.0264238802212662
0.02564273666857625
0.025629331255416738
0.025697753145295703
0.025665985054787434
0.025589408852828604
0.025587746827347005
0.025187317312992927
0.02518978937507427
0.025117707555295674
0.025095077935513525
0.0252534774924801
0.02514994432436648
0.025150987609569454
0.027089783416688933
0.025644464284535953
0.025351334478965128
0.025596429265464665
0.025622050911357906
0.02530214678162616
0.02563475803869631
0.025634436986625025
0.02565687111534911
0.02554970918404815
0.02554970918404815
0.02559774322491569
0.02545755083955878
0.025092733642434834
0.025116062069373644
0.025145114852357323
0.02606864226175469
0.02599373760281188
0.024877671865825658
0.024898639311684238
0.024900058615776228
0.024905167994714497
0.024805244151335004
0.02476496556441829
0.02482947604285429
0.024796953505890312
0.0247942819176785
0.024819015397801257
0.02457941586406655
0.024578221965691
0.024563664635023012
0.024815415989409364
0.024815316137510233
0.024809396145893135
0.02479859811374938
0.025682869902654403
0.02567420758541154
0.02539858351036265
0.02516079691313398
0.025157801400170408
0.02544415832565507
0.025449102099379485
0.025569013886942132
0.02537726034165641
0.02527811665472271
0.02497990287693552
0.02508139379214608
0.02485436358948848
0.024833324039042353
0.02481910453060979
0.025742201388817523
0.02566388442886519
0.025387221450092333
0.025384817901935086
0.025417781626481558
0.025431779435573103
0.025422798536098953
0.025403305092851707
0.025297419539125777
0.025316771647046016
0.02804194816033708
0.028070156965582842
0.028049254431212745
0.028337379304799994
0.028377721331597258
0.028324870639966773
0.027641446024817676
0.027641446024817676
0.02746011874878046
0.02699486948006248
0.02937327067544905
0.02937350295363324
0.029438428892680325
0.029191110031160934
0.031278035124494896
0.029360535859867715
0.029310286169505175
0.028704141912941943
0.028712139885677123
0.027798447852623854
0.027692849019671294
0.02743545149801475
0.027394612473042687
0.02735780731505972
0.027052026238708282
0.027536148323669
0.027552722733816246
0.027565771964407813
0.027496572419303998
0.02744507047873861
0.027838342295866597
0.027810221501365102
0.02759336662165554
0.02750858820374112
0.02767969901044662
0.02689353090979177
0.02684617071291778
0.02692405811498996
0.02724079924105406
0.027193722898814013
0.027077296552761643
0.026951428565403536
0.026951428565403536
0.026765681911112466
0.025752166979424534
0.02566317028342104
0.024778257253578285
0.02564930235065191
0.02560384342258619
0.025491081001626094
0.02548109588961589
0.025468508755522236
0.025612403231000218
0.025413085694877116
0.02685761732300138
0.026845676919652915
0.026849482398861074
0.026312237490576096
0.025874001085801058
0.02649667367631276
0.026867225740993525
0.026844930810836838
0.026826480084200872
0.02694143687988407
0.02677294914957971
0.026784912018001462
0.026791190096810115
0.026832855340353012
0.027510873696808873
0.027823854160310444
0.02780702730657792
0.027810781618716224
0.027768111601303398
0.02765086231934506
0.027366514300629
0.027033546339777264
0.027031735361508057
0.026871029069710527
0.026879847239123504
0.02763130530428834
0.02782445620262209
0.027813612548358475
0.027966398266947145
0.028271626101428055
0.028324793163842333
0.028042141214158673
0.027598059051833074
0.02733642716125161
0.027258905650022782
0.02679754646065942
0.02673516693940883
0.026298826595485596
0.02771670710047473
0.02760518962194516
0.02725916667214421
0.0271915757075059
0.02730987200598183
0.02692600707036136
0.025964322951247298
0.025821496186848647
0.025843154890152566
0.02622998979606997
0.026204239903275455
0.02566605293889868
0.025598778525632845
0.024447448315067167
0.024448545243009295
0.02426557028797823
0.02405353791813628
0.024075020687092705
0.024047376675411212
0.02404823311355383
0.023850507305525195
0.023871126770468046
0.02373136300983431
0.023888796892828523
0.024291827808480493
0.025280154485165667
0.02510654328039811
0.024953121503319686
0.02498848954919844
0.025048599474996585
0.024561645802921823
0.024572924120436726
0.024572924120436726
0.02456274322671983
0.02462280949964928
0.02440757433680115
0.024735082175198396
0.024985713464443803
0.024964101284117243
0.024964101284117243
0.02499306693519819
0.025038128288278443
0.024800268083010037
0.024722772733877504
0.024672720152156373
0.02459653670462891
0.02431467146562692
0.023915030731682756
0.024128484109361335
0.02385114542701206
0.023569784679633037
0.02466422353087251
0.02461187662531618
0.02461187662531618
0.025124253287654635
0.025009973964949857
0.02494558779895625
0.024810291319213154
0.024701193426742766
0.024703882209379104
0.024734210527787036
0.024617238280141274
0.024680763575544523
0.024527655910658037
0.024324014566053875
0.02417751836306831
0.02384097881441947
0.02417793004756492
0.024175703278676703
0.023990282240548434
0.023975199620289996
0.02409338782748489
0.024057080468129034
0.023562160104800646
0.02317054854781678
0.02336193078378534
0.023209971633636438
0.02328913726682607
0.02328320330993029
0.024474194524121088
0.024444997219797492
0.024411618038658066
0.02440713619080776
0.024046109859813182
0.024039134796388546
0.024851064394549774
0.02480871436275037
0.02479672187956284
0.024707673622730273
0.02470059824434146
0.024625081099440636
0.024362812665966786
0.02429978145705301
0.024492179040925873
0.02446261861825612
0.024419808381757974
0.024139749070917448
0.0241397178127451
0.024071705438284574
0.024086580275388056
0.024068037524469284
0.024095384037207925
0.024087974965032705
0.02410391921609729
0.024287911901892976
0.0244006950308266
0.024654742587467565
0.024581576570235464
0.024589674673761795
0.024740320852218486
0.02509142449001727
0.02465112886920039
0.024653485342498834
0.024652154260971563
0.02456188919517868
0.0245433838000757
0.02454004823307609
0.024348430302513213
0.024317604760712683
0.024308257999652153
0.024268609900211055
0.024290625166986074
0.02424429744436681
0.024259035958316844
0.02425432830105348
0.024245184267370382
0.024242334461231783
0.023973589241462076
0.023945316661677263
0.023913012916964765
0.023920545219226475
0.02480001393936783
0.023513869792804343
0.023213137058230596
0.023209441601799708
0.023196237160886063
0.02325494343966001
0.023241377774749147
0.0235766672672136
0.02387343975009061
0.024542093020478817
0.024609090259213966
0.024688856780941813
0.024666156960317
0.02466173559561991
0.024320257345194204
0.02426441752399311
0.02413956777595963
0.02450931651012243
0.024370818969647583
0.024353489315815012
0.024484451996288775
0.02425470492209425
0.024303365296124355
0.024301288891523096
0.02431541729290805
0.024595908167323436
0.024771095662293182
0.024080314949718726
0.024303129563892217
0.024277996835807048
0.024234347900256414
0.02421467147945239
0.02422177658344759
0.02419610845592036
0.024353869739701856
0.024354838961155097
0.02435384597104808
0.024320113648523555
0.024014445276859274
0.024015553552084977
0.02470510900481697
0.024680189640015577
0.024575486864488953
0.02456965886045154
0.024658554686972707
0.024583570631029106
0.02455736328552034
0.025487220772112983
0.025512216946654395
0.02608711008443255
0.026040067908606225
0.025959438983141552
0.026283173504983364
0.026896234402112962
0.02646918388792996
0.026463075904779473
0.026420578856364358
0.02640988825712338
0.026985493290335408
0.02657450797203394
0.02647104569050355
0.026415012585847268
0.02638894642147062
0.026196159360554357
0.02538280667660693
0.025198157780959345
0.025045876968365036
0.025394439970897974
0.025308599525474595
0.025104344380802966
0.024960173919008382
0.024385985549534618
0.024381788117476516
0.024374055482497742
0.024271170319183848
0.02423725611443027
0.02427635712726545
0.024221010659225217
0.02422149158470104
0.024146664103438662
0.024122564618973982
0.023923900503712472
0.023906224871856233
0.023870131933060274
0.02362496464499891
0.02363124352869313
0.02361832287830949
0.02362993808184376
0.023633337000045905
0.023576132284099063
0.024170830238171664
0.024136707633332245
0.024013144989488585
0.023850333848390765
0.023639532497649607
0.025005614244821207
0.025087888462430794
0.02393959425474036
0.02387979187607946
0.023862808001098197
0.023469597866783112
0.0232130286771063
0.023368195616709143
0.02337995377499151
0.023321632922547127
0.02336630067673313
0.02340078246603167
0.023744286739358494
0.023629430345283815
0.0236412464326202
0.023614569293688336
0.023129724893387566
0.022725690018533456
0.023079046400904198
0.022993019827336855
0.022874760035846136
0.022782840693311365
0.022775777476358287
0.02276834351073691
0.022768390699888664
0.02271809386322263
0.0227165483341179
0.02312557813936989
0.023122708347398237
0.023085532083409195
0.023030528659511704
0.023037517595574843
0.023115793863706394
0.023350355886908748
0.023013364061572
0.02288584129150479
0.02288501620990955
0.02281223533981856
0.022747795520503936
0.022760943567554186
0.022751540243095295
0.02262783160140442
0.022624269091417473
0.022579387257562762
0.02257000585020995
0.022575307933957036
0.02258438040168688
0.022693171425865293
0.02278264603668949
0.022775268476845745
0.022794110633833683
0.022735058385264156
0.022909201156567128
0.022915884348534053
0.023036836192691014
0.02322608210659273
0.023195667003749483
0.023045811434912945
0.023148662225202083
0.023239180362114246
0.023298658067265415
0.023301726219011373
0.023951524126580005
0.024123062330310203
0.024283914956069668
0.024257734174936853
0.023646347197117633
0.023621305414769738
0.02388131815017161
0.023643932311700262
0.023924325186003556
0.02392903934772575
0.023848640820767913
0.02373537945027191
0.023619303134704128
0.023510380900497337
0.023359732507329194
0.02335044729426548
0.023383037799088516
0.023385543585026702
0.023385543585026702
0.023518567286071785
0.023516783110729796
0.02334119809970598
0.0231995316903124
0.02326606583622887
0.023047036866236915
0.023806503484924496
0.02409532767763834
0.02383312335988193
0.023838109444212534
0.023464428438255698
0.02345514661185464
0.023909362936848713
0.023825712317818663
0.02354130810635249
0.023520724222224915
0.023927393705734823
0.02392482972403189
0.023902300550916564
0.02377405462182989
0.02367422226528992
0.02315816033449131
0.02289965971538887
0.023033878828322765
0.022897992072449955
0.02255673861635786
0.022604884395120838
0.02259882909795872
0.022581940564030678
0.022491106445397695
0.022490656658708256
0.022593802222137766
0.022593802222137766
0.022416894836881415
0.02239009340438535
0.02291596857121515
0.022892565052017158
0.022892475702197247
0.02332508376727234
0.023324200690609843
0.023324502656044133
0.023427166865419645
0.02557476277054992
0.025436803759736296
0.02601841173567906
0.025910412423049815
0.02716161491912359
0.027362521336439804
0.027324551700163662
0.027184172776384963
0.02671773891336298
0.026175909832754213
0.026160924117502166
0.025300619330045657
0.025497107649702838
0.025497325128957277
0.025269726512909978
0.025224988908832298
0.02540484232726862
0.025227484837540858
0.025173506338732943
0.0243828725030238
0.024377348731302782
0.023769472297225328
0.024652404043143603
0.02493182929556571
0.02492764146174048
0.02480372031460324
0.024707897981535516
0.026787371993406032
0.026561714535409883
0.026545377539097
0.026545377539097
0.026582225948484927
0.026706218089194496
0.026666115065251305
0.02669205541028619
0.02656700755302409
0.02656805469839812
0.027705285959470204
0.027218939277683894
0.026639971291468455
0.0265868691547753
0.026581751419237142
0.026575129921682587
0.026551428730728004
0.02482057260669843
0.02453024137111684
0.024558533000614995
0.02448980594605821
0.024428372458533174
0.024407463152648905
0.024407786730988673
0.024293373067998954
0.02426990978527877
0.024249542789600183
0.024298989558074063
0.024293283644215187
0.024247213388388606
0.024285668867024626
0.024229181795989964
0.023729677216033414
0.024563065950236253
0.023903009371628658
0.02358773716002624
0.02329735964346468
0.02326826051657048
0.023456288477319516
0.023268778982895647
0.023110618792546774
0.023206546655428293
0.023272713692162928
0.02338731746067604
0.023006264214784092
0.022981923130762635
0.022972813382154015
0.023057716922755905
0.023008998489409398
0.022631846397867368
0.022171560578372062
0.022194797336821115
0.02219338113929022
0.022141044616183953
0.02211691884327345
0.0219957357234058
0.021943498542001137
0.022667354695456582
0.02268222450795433
0.022683126401000814
0.022721471621134814
0.02271538259110592
0.022645381056298774
0.022778878518190528
0.022980004192887128
0.02264833421940715
0.022643354153052242
0.022597689081440213
0.022443826530768932
0.022240858908558696
0.022276984353510887
0.022282317156878156
0.022657226970527255
0.022648875186712592
0.02252395426010478
0.022515337179820013
0.022399572452026215
0.022271044800859903
0.022241545199559377
0.02246297333341437
0.023582600578503473
0.023568089088443007
0.02360150547789889
0.023574926627215255
0.02340795674782103
0.02339874804655592
0.02336215452158841
0.023647397459157265
0.023360514787373474
0.02336651353569877
0.02334130561621299
0.023567506698539603
0.02349578392746409
0.024640332445182923
0.02463350276745391
0.024452558671743892
0.023942839076107336
0.024015898716993524
0.02428547781187626
0.024760671617282355
0.024227752698649126
0.023994879368279
0.023996944342958692
0.024049191264808187
0.024064395402652653
0.024076305176968207
0.024015656803068608
0.023078137487600254
0.02288676572413445
0.0229075510836046
0.02290919487754865
0.022418286732691365
0.023374754285970134
0.022287837293071936
0.02227087490141548
0.02228009548396963
0.022261674568333913
0.022296978196857956
0.022293472568985288
0.02227336455957397
0.022432562265438327
0.02244899630938667
0.022311452444065506
0.02228024716038988
0.022245913270939378
0.022450053765679347
0.02290812477742421
0.022886158900810763
0.022899533009721217
0.022322522720350384
0.022294753302059905
0.022361034973218927
0.0231976649162187
0.022795050815069523
0.022701797031893452
0.022674575834318565
0.02261278144499771
0.02261163246539937
0.022616861059943517
0.022366151652277625
0.022366151652277625
0.022241517685757446
0.022129790695615877
0.022065918993561032
0.02209021174174268
0.02208557906224592
0.022161743868511767
0.02232883018062589
0.021629811410724956
0.02163750656872649
0.02163750656872649
0.021698304515484566
0.021698244844274635
0.021721980179731693
0.021782117566731107
0.021796559424210996
0.02166988252235587
0.021661752678671167
0.02161795832147555
0.021612613014901787
0.021895705919989256
0.021901436572566896
0.022294619980258015
0.022274046087763816
0.022260249060945904
0.022136577161274377
0.02213764280273033
0.02214275796571681
0.02207806334026113
0.021985214549055016
0.02190794340110154
0.0218496032314165
0.02182898122172602
0.021852357906354886
0.022671854862187833
0.022653534090109163
0.023035392467396994
0.02330478284195853
0.023268067937325516
0.02325571716833079
0.023226112149558942
0.02322011793976518
0.02321955675523112
0.02377421980574187
0.02247832733786174
0.02247888866274481
0.022478233668028123
0.022461498408944354
0.02198085378702554
0.02195519477842801
0.021948393355949062
0.021937225010165973
0.021892725228708547
0.021877883068320034
0.021914751437991573
0.022070815704903036
0.022070815704903036
0.022042239186899137
0.02240177960968635
0.022459793647207425
0.022464072191480493
0.02266980318270353
0.0225731489416632
0.02311650236516239
