0.046153846153846156
0.18269230769230768
0.16442307692307692
0.24807692307692308
0.2567307692307692
0.2701923076923077
0.3375
0.3625
0.39134615384615384
0.4096153846153846
0.3875
0.4567307692307692
0.45096153846153847
0.46153846153846156
0.4634615384615385
0.43365384615384617
0.46826923076923077
0.5028846153846154
0.5240384615384616
0.510576923076923
0.5067307692307692
0.5509615384615385
0.5432692307692307
0.5615384615384615
0.5615384615384615
0.5759615384615384
0.5394230769230769
0.5673076923076923
0.5557692307692308
0.5913461538461539
0.5894230769230769
0.5971153846153846
0.5942307692307692
0.6230769230769231
0.6240384615384615
0.6105769230769231
0.5990384615384615
0.6
0.6173076923076923
0.6326923076923077
0.6461538461538462
0.6615384615384615
0.6528846153846154
0.6490384615384616
0.6615384615384615
0.6451923076923077
0.6490384615384616
0.6451923076923077
0.6605769230769231
0.6692307692307692
0.6701923076923076
0.6740384615384616
0.6740384615384616
0.6884615384615385
0.6971153846153846
0.6846153846153846
0.6788461538461539
0.6932692307692307
0.7009615384615384
0.6932692307692307
0.6990384615384615
0.6894230769230769
0.6788461538461539
0.6759615384615385
0.6942307692307692
0.6865384615384615
0.6788461538461539
0.6836538461538462
0.6942307692307692
0.6903846153846154
0.6855769230769231
0.6961538461538461
0.6817307692307693
0.7115384615384616
0.7192307692307692
0.7144230769230769
0.7086538461538462
0.7163461538461539
0.7211538461538461
0.6903846153846154
0.7134615384615385
0.7028846153846153
0.7096153846153846
0.7115384615384616
0.7019230769230769
0.7067307692307693
0.7259615384615384
0.7201923076923077
0.7211538461538461
0.7125
0.698076923076923
0.7298076923076923
0.7288461538461538
0.7336538461538461
0.739423076923077
0.7355769230769231
0.7307692307692307
0.7346153846153847
0.7384615384615385
0.7384615384615385
0.7230769230769231
