0.46772914087870787
0.05433046700217
0.05602289242768338
0.045771597881292904
0.05017818100634728
0.04986018341189741
0.04586932067467648
0.04810658857254827
0.03979030567875899
0.03938607792955387
0.04192102351828736
0.038892891498016606
0.03739439868823694
0.04512104921040479
0.04464828827723048
0.053461714588848706
0.04234602029427007
0.03691527108674472
0.032584071213160495
0.03269109524851548
0.03500099751161969
0.033551839120168264
0.034331438364642156
0.03899103873572022
0.040146065991785204
0.03578834576792303
0.0381512335727172
0.033061806197481905
0.036634610615206606
0.03651766960256418
0.03326359932314257
0.03519240137401932
0.034804970810350645
0.0379336966526422
0.03851032950297303
0.03880840037758552
0.03644543902396056
0.03756239302685978
0.03294113206363816
0.035027040389959435
0.0321483423560167
0.0298144792994865
0.030583998567482732
0.03158391070310299
0.03292008154161115
0.03303521499810033
0.03374782963815997
0.031902391494720614
0.03706903871134891
0.029628563697851756
0.032583760449324754
0.033146032913583943
0.03296446075558566
0.029274881925204225
0.03016321100507218
0.02847121340364154
0.027873428617245607
0.03055673375452304
0.03050075757857667
0.03261623721347947
0.03319449736606086
0.030231185548645092
0.0320806395985639
0.03206933711498824
0.029542945899464407
0.029676413656647055
0.030369304696999833
0.031038716912138855
0.031387474009055526
0.029453641310164765
0.03128618410913994
0.031165091307782403
0.030431811473970637
0.027326474987483834
0.030182368273456727
0.02900714532867077
0.03410030395913335
0.02717291518485689
0.025219993637541155
0.029791887319553907
0.027208841671607416
0.026358410732640045
0.0259155882241782
0.02616371359872415
0.026526841647910894
0.026255095633275067
0.02678233631660101
0.027108071242602692
0.024729931852511593
0.02513039682718554
0.031109281532463014
0.027680581277873158
0.02791660350791098
0.027025783848199716
0.02518010910853674
0.024891376252903434
0.02722221510726727
0.027819565222166907
0.028342702521595178
0.02972980483222495
0.02533561110163285
