0.46245363330838113
0.07803125624815127
0.0760772109186702
0.06716396892458563
0.0642249250576614
0.06464927308726108
0.05424324295259108
0.057803122226576145
0.04853666136245625
0.05025376733837369
0.04762848859474174
0.050406606619272556
0.05057250736058665
0.04860750186054625
0.05206544202803863
0.06621849239727329
0.05100446591512364
0.04509140717738859
0.03924435947970268
0.04123330717344202
0.041746269236898836
0.03965201132374579
0.04374044741715664
0.04213990831658626
0.04649632115516586
0.04268929140014227
0.0488894864413249
0.039861709942859445
0.04066642013809291
0.04772348657536325
0.0441427733032797
0.04112552689833406
0.04077241732175289
0.04229251355764774
0.04388532474423921
0.04441170085401109
0.04389279689994801
0.04883760675002603
0.04171508847992585
0.038084285998698376
0.035172447114264385
0.03479096096841269
0.03805754891014733
0.03626165809569014
0.040324477216952086
0.04376302429978442
0.041230169088770544
0.04474585706411793
0.043724083474029604
0.03682375948541783
0.038175609505615785
0.036933069924817416
0.03509547283825342
0.03256623054609986
0.03554092126694626
0.034157322603594886
0.031707736542223613
0.03599981814704618
0.034431914147446334
0.037115914560352216
0.037728705773947636
0.032832237866136545
0.03593985982236134
0.0335134391632686
0.03156882249880325
0.03214098831027532
0.03404752225778369
0.0341473981480669
0.03377058684125657
0.03373127879409618
0.03778163370472478
0.036904054834192436
0.03987722286048922
0.03115968483751207
0.03385556612829203
0.033334773808958384
0.04231523229595348
0.03262335691033008
0.03374943781970533
0.035009131550577846
0.033184916620003765
0.03316910475597015
0.032597707566435326
0.0320682206943515
0.03521725088674953
0.031277539252175454
0.03464886175346452
0.03319171339140289
0.03248250143515648
0.03123297180809813
0.03528631276702416
0.03430973729798133
0.034292803563463446
0.03290948828833903
0.02985376479905037
0.03026269923797987
0.035400749110621986
0.03448438959892185
0.03487167261732192
0.03586265679186576
0.033759410409310436
