0.4632411346161142
0.053808746045963037
0.04341508449986167
0.04148952581005097
0.05058339079162024
0.04044066870914713
0.040253876908912196
0.037594485468403015
0.03396166790818759
0.03539105690974676
0.031734866788080116
0.03287160184298123
0.03653405546876766
0.03489366345251689
0.03500468560101111
0.03697235596034213
0.035327546759424254
0.03444319383747209
0.03376843103902319
0.033260773465732474
0.03666786853682592
0.03959154130932429
0.03502111212843957
0.036279898907984505
0.031244171386580855
0.032808480105368215
0.03342331222901257
0.03626943590769288
0.02958763802699292
0.02950695336197481
0.031822823712991236
0.02945078808157355
0.03652425916899841
0.032708736971129526
0.02881455939861296
0.030575008360565724
0.028004170619694627
0.02867674207426291
0.02739195972773907
0.031924193214897284
0.027973787925685445
0.026874880099443593
0.02436953199428656
0.025949999934013538
0.024838340902602632
0.028624147125652484
0.0249977342627281
0.026140136990336495
0.028372473897770468
0.02677933976363637
0.028894033758583338
0.02614139876237173
0.02622284246649463
0.02853314522789432
0.026721875136458455
0.027621336460075384
0.02494643011037722
0.023485410568370634
0.022591849783523396
0.024680059963436286
0.023504735192235122
0.02508496018095656
0.024780887699541152
0.026302725093749146
0.025962933915820267
0.026499585945448503
0.025654854358001942
0.026237924786783502
0.02785084943589351
0.027151429682531897
0.026595641812575857
0.025748703844820836
0.027660598415612636
0.025921558836681353
0.023848021002280832
0.02311812538454448
0.021877734481553092
0.024648783717154232
0.02595061292762173
0.024941473100774755
0.023793851556255248
0.02357885907439305
0.022722552687757087
0.023071061078489552
0.023457374645368755
0.0234077749294147
0.023171774448821698
0.022869967274443723
0.02565091331351224
0.02665208833764468
0.0226625088164272
0.02364737618868927
0.02219102511552663
0.021273255353115368
0.023828533895804957
0.022834909304716176
0.023473757194027604
0.02349272226934598
0.025981427135206396
0.024423775713999243
0.02612080663460628
0.02413964905670319
0.022799162987285675
0.021601821109070087
0.023644611906956027
0.023294677470358086
0.02237883233004908
0.02019526538988219
0.0207517536683761
0.020849755073069753
0.01968392824124275
0.022908267644356557
0.02526846032094861
0.02426318498981153
0.02042331303046996
0.023513604955679487
0.02467206584671341
0.022974531569832354
0.022043293353858164
0.02408984495773676
0.025829134740133743
0.027322520829659757
0.02323900310327027
0.021728777655673402
0.021872705731948047
0.022849837013823943
0.02209652901175159
0.020519734325737633
0.021131987062456038
0.01937369342119429
0.02005540920875745
0.02092046437683009
0.02361035908484213
0.02277181304236584
0.021201093456828857
0.02165779052218398
0.02097541777015074
0.020595677031417764
0.020948696115812866
0.02391030071991834
0.020671027131242227
0.020996054534495892
0.020291318196215977
0.019923493768009143
0.020070142508328906
0.020129481148605827
0.020798946455989873
0.022079512322723115
0.02104485778207185
0.02079021632496887
0.02141600436268128
0.02139547350774208
0.023745511028092373
0.022996492831715804
0.021565719381948015
0.0228903464084112
0.023225459165269607
0.021373890897106184
0.021268256813148922
0.022694443666148673
0.021151870309682665
0.0224422369420262
0.022034622326943403
0.02498354680539219
0.027027267669865906
0.023675182654798444
0.02293457409244689
0.02555443726603181
0.0257081137904032
0.02514171719638472
0.02543231687083022
0.02318567256027325
0.023261505187337706
0.02511262792623278
0.022722951775223432
0.023605656869047677
0.02237955681260681
0.024293777450800812
0.022640810158706674
0.022676344157740173
0.021013626495106658
0.02233025388795118
0.0228882003744792
0.021595076342883626
0.020677630768637885
0.0212518911732888
0.021097117292695502
0.020289689713374318
0.021652211386058513
0.024709447799688904
0.02135668029673584
0.022191491996886963
0.020686464848869886
0.020655464034413196
0.020537498610532657
0.020755342699050102
0.021043521426583462
0.022334891333823284
0.02246071451172231
0.02265332042743506
0.02624233392655893
0.022348594810620702
0.021534756115853104
0.020918959515872453
0.022194158625418032
0.020589605395229485
0.019865603653682715
0.019524121589324855
0.019442485966330553
0.020157850061333426
0.0199414575832098
0.020784705005570003
0.022303486109280287
0.02100712290876419
0.019470349506155827
0.021913284197322285
0.024230401469886028
0.021587545045180973
0.020464299532019947
0.020570148484499385
0.0228202788221139
0.024362320700954763
0.020891065501920592
0.021083490094503214
0.020618409776202946
0.021538389111165148
0.02066797656002859
0.019874906274023746
0.01963852546167758
0.019008236373587947
0.019059126353953675
0.019493864748795373
0.02125636521878459
0.02072317073867356
0.020088827091521204
0.020420283697931918
0.020021768459246924
0.020529399182724756
0.020265440487364023
0.021694087443972856
0.020548509291637207
0.019897165806842344
0.020377448626221786
0.019786870365079628
0.01964848255499455
0.019266038399612093
0.019358907602640703
0.021013503492157835
0.021266822196954294
0.020839377316078544
0.021053050925403622
0.02103225482032665
0.02384395109048413
0.022180039182458474
0.02036967839665698
0.02164025991229337
0.02203547654516058
0.021156836800699703
0.02066041095560213
0.020893307444279294
0.020505368190174962
0.0208554646816826
0.020399294921668615
0.020405229640918263
0.02342201153090191
0.022249184818141914
0.021533701282600695
0.021793046874773483
0.023223606988034693
0.0229355837757169
0.02487715612729227
0.021623771707959143
0.02057107319307461
0.022858208142674988
0.022068599229854255
0.02368631421301998
0.02092435496482156
0.023019287842971813
0.02474585689436763
0.022838889435682283
0.020267551240387063
0.021101100622596625
0.021273852903869572
0.02088146784068022
0.020637529383179913
0.020870387180277696
0.020765162157469593
0.02036683438262779
0.02119602440224802
0.02464675115694719
0.02056317056219833
0.021209049398706933
0.020460953020716027
0.019799156965854436
0.01952765106339788
0.019761115829683328
0.02000077685664151
0.020393247109840074
0.02027912345462445
0.02060401479165827
0.022377165846915622
0.02105897891971102
0.021015945754745205
0.020273748896226306
0.021550325015959024
0.01923202597254985
0.019317718594155993
0.019610164508200956
0.01935043396140376
0.019903246962574672
0.019498513821400356
0.020586390521012667
0.023427349491343112
0.021329082545709064
0.019581869311683316
0.021509022543211638
0.023242224280153965
0.021421072648070676
0.01976577230859652
0.020746809821208224
0.021827151856966338
0.024483973337040898
0.020858639015439984
0.02006036022298656
0.02036522617253684
0.020785013176939274
0.02099334102974243
0.01934794401947118
0.019372277672837324
0.019338143933443887
0.01922512513324517
0.020200575710836007
0.02125287458954686
0.019957984113085227
0.01972996082034634
0.020946207932357967
0.02063693666731459
0.020947299080116902
0.020039068647595925
0.021529008048242787
0.02074323071784534
0.020581373540100263
0.019867478599451437
0.019972104467597417
0.019287318455431496
0.0188997244142293
0.019139560748759478
0.019557022233602943
0.020036330155676314
0.020009077744088798
0.019678230090542845
0.02030151031068947
0.022035301160473975
0.021779350679912126
0.02019929154150005
0.02087773883129277
0.0215869996025398
0.020846076257852758
0.020073776084527827
0.01949705229502465
0.019579914868865882
0.01973675030180903
0.01972699079798274
0.019535339721390182
0.020582482417609977
0.02092450857409173
0.021081439348485442
0.022748356565763232
0.02441701647412599
0.022279946321179814
0.024414135952386454
0.021161381914472484
0.020242276725844565
0.021805845007641166
0.020044968325239436
0.02251995670586025
0.02031166627101387
0.021942053167046487
0.021967287068700526
0.021561707285770615
0.01963245339605241
0.019162647140910937
0.01928409976793717
0.019600192495483313
0.019307282995399033
0.019071340048526737
0.019170846530050675
0.019069722294938717
0.019169312642869713
0.02291032059818119
0.019862693992465392
0.02075762548438452
0.020585911355974602
0.02021293080171626
0.01928477224709091
0.019350926972073735
0.019409022033863785
0.020203400475626618
0.019538102459115175
0.01963957459856563
0.02115983248846376
