0.46294655157170483
0.07003875831871212
0.06295264515411923
0.08019214429564994
0.07170983536056609
0.06165951170182785
0.061003743168233295
0.05269683370156825
0.04926101248864801
0.049215250961152014
0.04724578838133518
0.045863049328133565
0.0499245437549818
0.052489417781653114
0.0535455801372904
0.05593638193811468
0.05147338430797088
0.05102152982194969
0.05306838873327638
0.04412527481014506
0.05615074023310789
0.05608012811702322
0.04589730543670091
0.04985240402070108
0.04088882995112121
0.04386916351083803
0.04361705384549641
0.058613225767611146
0.04828474515468598
0.04470246695219928
0.04934082722234438
0.046746153677168716
0.05350857833635723
0.049496882326734694
0.04266214277588648
0.04111034781100335
0.04148613479625739
0.041321807540081766
0.03947261979915692
0.047317883466080374
0.039468125160227734
0.0356837517331376
0.034405694015971856
0.036242670354723165
0.03525269762448624
0.03451217519509737
0.03987179021950228
0.03648741987031127
0.044221770867451285
0.038609059618073975
0.039810787969299724
0.03589188506372477
0.03649083934221451
0.03210781793758324
0.03446358088906539
0.0360830868787882
0.035819283493236535
0.033987077450150456
0.03170407310625066
0.03337164177332769
0.03196511610858285
0.03427945930688325
0.035644187054722526
0.03928041060468942
0.03999233094461358
0.03875897716885917
0.038564372982754586
0.039803980586912174
0.04183715706962516
0.03706120005702595
0.03934447551771774
0.035828300230038336
0.040690218872602074
0.03586010576502846
0.035300783290059236
0.03191986136831217
0.03035589519550035
0.0317239250104976
0.034298399243173884
0.030815164134526122
0.032435377734499685
0.03594663073300183
0.03290583618342108
0.0320369042732187
0.03193516956100976
0.03314970615403105
0.03360222711221484
0.032470765551746085
0.03475252471656481
0.032740227775679864
0.031591499388900844
0.03285448291614517
0.031076851509248576
0.029111361272524464
0.030093592075433353
0.02977527835661553
0.03481961427258086
0.03336086097344615
0.03401019551820278
0.03400369314333096
0.03435504440638623
0.033608230407241986
0.03303619686263942
0.030439528649505068
0.03426782227723621
0.03425121566303611
0.034612378133303465
0.0303823321532258
0.03141795289852208
0.029559815847406756
0.031099545437899424
0.029447388456328705
0.03519482404070859
0.03560763372515534
0.030381067844485757
0.03129269867690729
0.03731279175037725
0.0331342589230938
0.030172281250224992
0.028532210021215698
0.03146521642808063
0.032436835991399
0.030307784431689584
0.02812134873339097
0.029342262808987524
0.028904357273486034
0.030461849409440148
0.027809218855736884
0.025986861760515133
0.026731667439517052
0.027732702211333657
0.027023088660357495
0.03093303744884287
0.03152501703513002
0.030101974146366787
0.028767346111929586
0.02755518505938351
0.026730629031253433
0.02983175729071862
0.03201426331428617
0.0311372352946963
0.02691154149749151
0.02618032348136483
0.026216076347549768
0.026154478192743545
0.02655033698353528
0.027066119524953806
0.02951278076064725
0.02847284705336497
0.028599144157789306
0.02969074032629854
0.02938092860704905
0.03361878231127231
0.02963107471580963
0.028807407975927096
0.029815580346974103
0.029693585004378305
0.027664692764776466
0.0283066062179302
0.02912718657468541
0.027329699801250357
0.0309430564340661
0.028617113299180152
0.033171414012627534
0.03372362881816324
0.02996295379333126
0.02994381194598619
0.0320347039195522
0.03587702498394853
0.030958766362787583
0.03225810530395565
0.028264990857670844
0.031455293721038204
0.0327522794756047
0.03071612004375931
0.029209071413044546
0.028159436590968943
0.030003488576834804
0.029361698154685353
0.03023698619922342
0.02884473372396306
0.02758948320038932
0.02892250705926641
0.02855360717835112
0.027931812162289644
0.02845606145167422
0.027621272469496323
0.027362238384715576
0.02950973234286918
0.030740371792897663
0.028512127911029108
0.030679308822533072
0.02789803980839627
0.026648869527851827
0.026454725322123476
0.027040196149318
0.026991011608564063
0.029242063195565087
0.029034724029484583
0.026489417787330143
0.028272218924171165
0.028278347001238612
0.02540803132400742
0.02521794548497608
0.027752662018702523
0.025757773133752666
0.024706489451625988
0.024691737882468263
0.024873893510831347
0.024519731973050834
0.025675808006975775
0.024809855139112512
0.02862759591562628
0.026996094170722955
0.024785421400262502
0.026362145013116546
0.02885184904019679
0.02673548315119645
0.026821410094308572
0.028168827440859186
0.029561142478225107
0.029533289771326215
0.02682347072017597
0.026587184838686252
0.025911665895466673
0.02607142214796603
0.02593770917533346
0.024494573435332616
0.024383430946907786
0.023838834581220936
0.024492785059915177
0.026247734927163983
0.02745871464790907
0.025231420148141993
0.025161592930507008
0.02609319532192006
0.026278052541341728
0.026370868801190606
0.025659025602738958
0.026220782310653896
0.02475106591354006
0.025271796146264604
0.025354165328634083
0.025648945242338572
0.02466479570899465
0.025343610294434903
0.024467412926080595
0.025141297987427154
0.025817450706726794
0.02774971843862317
0.025944806044869404
0.02606772419425673
0.027758468485512142
0.028914038009205473
0.026464285551282777
0.029337702665138313
0.028668977363853775
0.026967067020997906
0.02692712855943977
0.026727004165369873
0.028476807788401073
0.027578334885664708
0.02836327818052505
0.02689192587600427
0.029572318644558185
0.029652558754625483
0.031401864529439744
0.032761027519620296
0.030259993420209966
0.030659454637958283
0.03131234125902765
0.027132746452456856
0.027809233381674316
0.030687405599491634
0.028435487982270996
0.03283892188419002
0.027893047135783038
0.029102837428075342
0.03070727960740718
0.030729550263142374
0.02766506004388172
0.02874266818062154
0.028174220550588262
0.02799812426717117
0.025942946560165613
0.027040479245205976
0.02623625788282347
0.026032460833200495
0.027635560888344266
0.030553888513632433
0.025964762269994418
0.027775481413450327
0.026385764147129884
0.02521870009439862
0.026141722922652662
0.028391348446383764
0.027954630311041805
0.02892962597807394
0.02860058087821923
0.029257299445930942
0.02974940296268813
0.02819823642231804
0.030057654238828863
0.029091016356085766
0.0290748405969582
0.026616524597365854
0.026662949561070227
0.02614692520412664
0.026688928047025308
0.026048309761993314
0.02559318832839234
0.02702555649888313
0.03266552597331091
0.028772664701007634
0.025198075531214306
0.026333599252186923
0.02735017844974693
0.0266167409829776
0.02637388899013556
0.026934811539754473
0.031636072963190355
0.033541295659557754
0.029653490202942417
0.027252790461845793
0.028080121535415153
0.026904229303220468
0.026829905502281332
0.02524908170209563
0.024759791339420065
0.025726966964219923
0.024713390907028853
0.024971419159767715
0.02695920053188647
0.026317780758897274
0.024481079597229855
0.02534352677243722
0.025089072146395476
0.025873283691060664
0.025011610072678457
0.027406095251478087
0.02693713092973985
0.026647918950433346
0.026826096662100982
0.026650585393837585
0.025526010739801677
0.025463383452638162
0.02532435574856401
0.025433471688728504
0.026260047306078015
0.02576796941421722
0.026604945288434004
0.02780244603170888
0.029400159644319312
0.029283429984120347
0.027288474823933144
0.026557426394139792
0.027711624258398758
0.026276886399807332
0.02562456231830076
0.025543579441689113
0.0251268326406058
0.024788292325603513
0.02674438817320056
0.027606193963838583
0.030141846953851987
0.028410430795160382
0.028286196257063273
0.03237351161148489
0.033924306215448216
0.03048734055778891
0.03359368520386942
0.028359857693756003
0.026557954300010626
0.02854956465624471
0.026239134576243252
0.02905801975382712
0.028350038659509868
0.028848276034290795
0.0293984657133083
0.028058888863939733
0.025599842916556755
0.0249098094420999
0.02483687678512141
0.02404286970689605
0.0245244970388126
0.02430114012163955
0.024747744653596145
0.025646867878565596
0.025907302019373652
0.028753804642780177
0.02629348329979372
0.02774264505062798
0.026921618455837015
0.026068557426015694
0.0258488617283698
0.024634077459402257
0.02644701959292296
0.027914613079675216
0.027275264874195054
0.027283635816074875
0.028707229351414218
