0.035576923076923075
0.1423076923076923
0.23173076923076924
0.2403846153846154
0.19230769230769232
0.3096153846153846
0.30480769230769234
0.3384615384615385
0.38653846153846155
0.4125
0.40576923076923077
0.4076923076923077
0.3951923076923077
0.4461538461538462
0.475
0.44134615384615383
0.4403846153846154
0.4548076923076923
0.4798076923076923
0.4625
0.44134615384615383
0.38076923076923075
0.4596153846153846
0.4394230769230769
0.48846153846153845
0.48846153846153845
0.49423076923076925
0.46153846153846156
0.4980769230769231
0.5326923076923077
0.5144230769230769
0.5211538461538462
0.49038461538461536
0.5307692307692308
0.5365384615384615
0.4913461538461538
0.5509615384615385
0.5403846153846154
0.5721153846153846
0.5221153846153846
0.5375
0.5605769230769231
0.6
0.573076923076923
0.5990384615384615
0.5798076923076924
0.5990384615384615
0.5913461538461539
0.5701923076923077
0.5951923076923077
0.5673076923076923
0.5990384615384615
0.5923076923076923
0.5528846153846154
0.5855769230769231
0.6028846153846154
0.6096153846153847
0.6413461538461539
0.6346153846153846
0.6269230769230769
0.6375
0.6019230769230769
0.6057692307692307
0.6173076923076923
0.6105769230769231
0.6163461538461539
0.6259615384615385
0.625
0.5894230769230769
0.6019230769230769
0.6153846153846154
0.6105769230769231
0.6
0.6221153846153846
0.6413461538461539
0.6605769230769231
0.6480769230769231
0.6365384615384615
0.6307692307692307
0.6134615384615385
0.6182692307692308
0.6471153846153846
0.6615384615384615
0.6394230769230769
0.6471153846153846
0.6403846153846153
0.6317307692307692
0.6451923076923077
0.6317307692307692
0.6423076923076924
0.6634615384615384
0.6701923076923076
0.6692307692307692
0.6644230769230769
0.6365384615384615
0.6528846153846154
0.6548076923076923
0.6625
0.6230769230769231
0.6423076923076924
0.6182692307692308
0.6403846153846153
0.676923076923077
0.698076923076923
0.6653846153846154
0.6778846153846154
0.6971153846153846
0.7067307692307693
0.6990384615384615
0.6846153846153846
0.7038461538461539
0.676923076923077
0.6625
0.6644230769230769
0.6990384615384615
0.6865384615384615
0.6586538461538461
0.6634615384615384
0.6836538461538462
0.6894230769230769
0.6490384615384616
0.614423076923077
0.6875
0.6961538461538461
0.7105769230769231
0.6875
0.6932692307692307
0.6961538461538461
0.6932692307692307
0.7086538461538462
0.7076923076923077
0.7115384615384616
0.6721153846153847
0.6778846153846154
0.6855769230769231
0.6855769230769231
0.6884615384615385
0.6932692307692307
0.6778846153846154
0.6451923076923077
0.6894230769230769
0.6894230769230769
0.7038461538461539
0.6932692307692307
0.7038461538461539
0.7009615384615384
0.6942307692307692
0.6788461538461539
0.698076923076923
0.6990384615384615
0.6846153846153846
0.6942307692307692
0.6711538461538461
0.6596153846153846
0.6817307692307693
0.6644230769230769
0.6807692307692308
0.6932692307692307
0.6817307692307693
0.6875
0.698076923076923
0.6865384615384615
0.6817307692307693
0.6586538461538461
0.6317307692307692
0.6817307692307693
0.6951923076923077
0.6596153846153846
0.6432692307692308
0.676923076923077
0.6586538461538461
0.6836538461538462
0.6826923076923077
0.6826923076923077
0.7
0.676923076923077
0.6682692307692307
0.6557692307692308
0.676923076923077
0.6932692307692307
0.6951923076923077
0.6865384615384615
0.6932692307692307
0.6894230769230769
0.6875
0.6875
0.6855769230769231
0.6990384615384615
0.6884615384615385
0.6576923076923077
0.6865384615384615
0.6942307692307692
0.7086538461538462
0.6942307692307692
0.6875
0.7057692307692308
0.7028846153846153
0.6971153846153846
0.6807692307692308
0.6855769230769231
0.6423076923076924
0.6826923076923077
0.698076923076923
0.6942307692307692
0.6894230769230769
0.7
0.7028846153846153
0.7115384615384616
0.7125
0.7115384615384616
0.7182692307692308
0.7115384615384616
0.6846153846153846
0.6884615384615385
0.7067307692307693
0.6951923076923077
0.6721153846153847
0.6894230769230769
0.7144230769230769
0.7086538461538462
0.6913461538461538
0.6673076923076923
0.7096153846153846
0.6923076923076923
0.7067307692307693
0.7028846153846153
0.7019230769230769
0.7028846153846153
0.7057692307692308
0.7057692307692308
0.7134615384615385
0.7173076923076923
0.7134615384615385
0.7173076923076923
0.7153846153846154
0.7134615384615385
0.7153846153846154
0.7067307692307693
0.6961538461538461
0.6846153846153846
0.7076923076923077
0.7201923076923077
0.7134615384615385
0.7115384615384616
0.7125
0.7211538461538461
0.7153846153846154
0.7048076923076924
0.7038461538461539
0.7115384615384616
0.6903846153846154
0.7038461538461539
0.6903846153846154
0.6923076923076923
0.7115384615384616
0.6932692307692307
0.6961538461538461
0.6951923076923077
0.7
0.6923076923076923
0.7028846153846153
0.7134615384615385
0.7125
0.7076923076923077
0.6759615384615385
0.7038461538461539
0.7163461538461539
0.7028846153846153
0.6817307692307693
0.6923076923076923
0.6653846153846154
0.7163461538461539
0.7182692307692308
0.6932692307692307
0.7028846153846153
0.6951923076923077
0.7144230769230769
0.7
0.6740384615384616
0.7019230769230769
0.7144230769230769
0.7057692307692308
0.7134615384615385
0.7163461538461539
0.7096153846153846
0.7086538461538462
0.7134615384615385
0.7211538461538461
0.7086538461538462
0.6721153846153847
0.7105769230769231
0.7076923076923077
0.7076923076923077
0.7048076923076924
0.7153846153846154
0.7182692307692308
0.7134615384615385
0.7163461538461539
0.7009615384615384
0.725
0.6961538461538461
0.7076923076923077
0.7125
0.7144230769230769
0.7144230769230769
0.7336538461538461
0.7259615384615384
0.7259615384615384
0.7384615384615385
0.7240384615384615
0.7153846153846154
0.7144230769230769
0.6903846153846154
0.7057692307692308
0.7182692307692308
0.7057692307692308
0.6855769230769231
0.7019230769230769
0.7201923076923077
0.7221153846153846
0.7028846153846153
0.6692307692307692
0.7134615384615385
0.7105769230769231
0.7211538461538461
0.7298076923076923
0.7105769230769231
0.7288461538461538
0.725
0.7278846153846154
0.7326923076923076
0.7182692307692308
0.7134615384615385
0.7278846153846154
0.7365384615384616
0.7182692307692308
0.7182692307692308
0.7086538461538462
0.7125
0.6932692307692307
0.7048076923076924
0.7163461538461539
0.7192307692307692
0.7230769230769231
0.7211538461538461
0.7230769230769231
0.7221153846153846
0.7307692307692307
0.725
0.7153846153846154
0.7067307692307693
0.7057692307692308
0.6884615384615385
0.6942307692307692
0.7067307692307693
0.7076923076923077
0.7125
0.7125
0.7240384615384615
0.7240384615384615
0.7269230769230769
0.725
0.7336538461538461
0.7230769230769231
0.7221153846153846
0.7221153846153846
0.7115384615384616
0.6961538461538461
0.6586538461538461
0.7057692307692308
0.6807692307692308
0.7163461538461539
0.7288461538461538
0.7134615384615385
0.7259615384615384
0.7134615384615385
0.7259615384615384
0.7038461538461539
0.7048076923076924
0.7173076923076923
0.7336538461538461
0.7317307692307692
0.7384615384615385
0.7355769230769231
0.7278846153846154
0.7240384615384615
0.7336538461538461
0.7336538461538461
0.7355769230769231
0.6932692307692307
0.7259615384615384
0.7153846153846154
0.7173076923076923
0.7134615384615385
0.7201923076923077
0.7182692307692308
0.7240384615384615
0.7192307692307692
0.725
0.7298076923076923
0.7115384615384616
