0.04423076923076923
0.18173076923076922
0.175
0.2625
0.2923076923076923
0.3038461538461538
0.3125
0.3230769230769231
0.38846153846153847
0.3903846153846154
0.3817307692307692
0.3548076923076923
0.40673076923076923
0.3923076923076923
0.4096153846153846
0.3663461538461538
0.42788461538461536
0.5028846153846154
0.4875
0.5
0.49615384615384617
0.5019230769230769
0.4980769230769231
0.48653846153846153
0.4855769230769231
0.4855769230769231
0.48365384615384616
0.5336538461538461
0.46634615384615385
0.46057692307692305
0.5096153846153846
0.48846153846153845
0.5057692307692307
0.4894230769230769
0.49615384615384617
0.4875
0.5144230769230769
0.5057692307692307
0.5192307692307693
0.5288461538461539
0.5413461538461538
0.5586538461538462
0.5807692307692308
0.5596153846153846
0.5673076923076923
0.5625
0.5403846153846154
0.5471153846153847
0.5211538461538462
0.5384615384615384
0.5211538461538462
0.5451923076923076
0.5384615384615384
0.5913461538461539
0.5817307692307693
0.5836538461538462
0.6
0.6019230769230769
0.5942307692307692
0.5826923076923077
0.575
0.6028846153846154
0.5884615384615385
0.5625
0.6009615384615384
0.5855769230769231
0.6009615384615384
0.5942307692307692
0.6125
0.6153846153846154
0.5903846153846154
0.5932692307692308
0.5855769230769231
0.6163461538461539
0.6096153846153847
0.6230769230769231
0.5884615384615385
0.6528846153846154
0.6596153846153846
0.614423076923077
0.6230769230769231
0.6317307692307692
0.635576923076923
0.6326923076923077
0.6326923076923077
0.6384615384615384
0.6375
0.635576923076923
0.6644230769230769
0.6451923076923077
0.6019230769230769
0.6403846153846153
0.6576923076923077
0.6673076923076923
0.6625
0.6548076923076923
0.6461538461538462
0.6346153846153846
0.6365384615384615
0.6471153846153846
0.6701923076923076
