0.0375
0.14615384615384616
0.14134615384615384
0.19038461538461537
0.22788461538461538
0.23365384615384616
0.27403846153846156
0.25961538461538464
0.31153846153846154
0.32884615384615384
0.33076923076923076
0.3
0.3605769230769231
0.3596153846153846
0.37596153846153846
0.3423076923076923
0.3798076923076923
0.4307692307692308
0.41923076923076924
0.4548076923076923
0.44903846153846155
0.46057692307692305
0.45096153846153847
0.4519230769230769
0.4
0.45096153846153847
0.4182692307692308
0.4951923076923077
0.46153846153846156
0.42115384615384616
0.4230769230769231
0.42788461538461536
0.4875
0.4653846153846154
0.44519230769230766
0.43846153846153846
0.4673076923076923
0.44519230769230766
0.48173076923076924
0.4798076923076923
0.5028846153846154
0.5115384615384615
0.5240384615384616
0.5134615384615384
0.5067307692307692
0.5009615384615385
0.5086538461538461
0.4634615384615385
0.48365384615384616
0.5134615384615384
0.49903846153846154
0.5153846153846153
0.525
0.5769230769230769
0.55
0.5644230769230769
0.5653846153846154
0.5490384615384616
0.5807692307692308
0.5384615384615384
0.5403846153846154
0.5586538461538462
0.5538461538461539
0.5557692307692308
0.573076923076923
0.5615384615384615
0.5692307692307692
0.5788461538461539
0.5865384615384616
0.5451923076923076
0.5490384615384616
0.5557692307692308
0.5586538461538462
0.5971153846153846
0.5692307692307692
0.573076923076923
0.5115384615384615
0.5990384615384615
0.5961538461538461
0.5528846153846154
0.5461538461538461
0.5778846153846153
0.5798076923076924
0.5769230769230769
0.5288461538461539
0.5653846153846154
0.5461538461538461
0.5490384615384616
0.5634615384615385
0.5634615384615385
0.5432692307692307
0.5836538461538462
0.5769230769230769
0.5971153846153846
0.6096153846153847
0.6163461538461539
0.6028846153846154
0.5913461538461539
0.5855769230769231
0.5951923076923077
0.6009615384615384
