0.04038461538461539
0.1605769230769231
0.1625
0.2326923076923077
0.2721153846153846
0.2932692307692308
0.29615384615384616
0.2903846153846154
0.3557692307692308
0.36730769230769234
0.3326923076923077
0.3346153846153846
0.3903846153846154
0.3605769230769231
0.39615384615384613
0.29615384615384616
0.37403846153846154
0.46057692307692305
0.4423076923076923
0.45
0.4653846153846154
0.46442307692307694
0.4567307692307692
0.49230769230769234
0.4519230769230769
0.47692307692307695
0.43653846153846154
0.49423076923076925
0.44903846153846155
0.44711538461538464
0.475
0.4826923076923077
0.4971153846153846
0.46923076923076923
0.5038461538461538
0.4721153846153846
0.4826923076923077
0.4625
0.48365384615384616
0.5057692307692307
0.5317307692307692
0.5384615384615384
0.5384615384615384
0.5509615384615385
0.5490384615384616
0.5480769230769231
0.5461538461538461
0.5375
0.49615384615384617
0.5490384615384616
0.5326923076923077
0.5278846153846154
0.5115384615384615
0.5576923076923077
0.5567307692307693
0.5461538461538461
0.5759615384615384
0.5625
0.5884615384615385
0.5615384615384615
0.573076923076923
0.5634615384615385
0.5759615384615384
0.5269230769230769
0.5605769230769231
0.5423076923076923
0.5721153846153846
0.5471153846153847
0.5692307692307692
0.5798076923076924
0.5615384615384615
0.5605769230769231
0.575
0.5923076923076923
0.5711538461538461
0.6115384615384616
0.5586538461538462
0.6326923076923077
0.6221153846153846
0.5971153846153846
0.5951923076923077
0.6048076923076923
0.5980769230769231
0.5932692307692308
0.5836538461538462
0.6009615384615384
0.6182692307692308
0.6221153846153846
0.6057692307692307
0.6028846153846154
0.5865384615384616
0.6326923076923077
0.6461538461538462
0.6480769230769231
0.6403846153846153
0.6557692307692308
0.6269230769230769
0.6317307692307692
0.6240384615384615
0.6086538461538461
0.6259615384615385
