0.46469356522489735
0.05961936817820549
0.05097104827418269
0.051130542900802836
0.05284451530641976
0.04602222768866554
0.04789879783040523
0.04326505667667747
0.03675812054123859
0.04045417679334504
0.03602258446256597
0.03826683110011827
0.040622688589875465
0.04025873876506979
0.04226818910726341
0.046609142429635396
0.039703837195979495
0.0399437080084867
0.03886826937695154
0.04291314434284771
0.04717812187760765
0.04309986599044253
0.040599399315473204
0.03980207490238493
0.03549270809088702
0.04019442357902103
0.037442314522179075
0.046620600478056676
0.034116685121493295
0.03476724237963521
0.03777756697036006
0.03431293652624645
0.04355142399917642
0.0378362655333179
0.03743923286278464
0.037703176936160675
0.03304301935326719
0.03470324196181284
0.03193439547395605
0.03621560935672018
0.0335575506517797
0.03210400226871037
0.028329516962534745
0.029301456427319163
0.02756643470199235
0.03291771586503619
0.028444064463543542
0.030595923903639997
0.03323900850020874
0.03127743911437799
0.03264791146096025
0.03076491529471528
0.03057501079526257
0.03162391159205627
0.030184489389740048
0.03290758514979071
0.031063174306952455
0.027142606926364183
0.02624595667355608
0.029054845968776017
0.02820562493076406
0.026810752161219524
0.027859419417035798
0.03106460515193417
0.030674023537801912
0.031193807245487173
0.02835465723131549
0.02994393448234678
0.0328010584767141
0.03076701074040287
0.03160331349405811
0.028876644560835607
0.029563612180226424
0.030052258850934606
0.028078118928390405
0.02716486244799965
0.02516008728267876
0.027293241748664095
0.027679166467299846
0.029131142389188888
0.029336867865263103
0.0282216917799924
0.02815163857113921
0.027389655212918074
0.026306927112504104
0.028240844758454578
0.027945820121817712
0.02785328302971927
0.030039131676727143
0.03212493777408581
0.02592425581692727
0.02632001869542211
0.02484252222741496
0.023305296882137536
0.026069277720783057
0.02499956024423357
0.025457303478691892
0.025984660500682304
0.029294119978349204
0.027272224214578554
0.029899516069427354
0.02727717664387965
0.025355076326632392
0.02471385751998018
0.026378708991248365
0.02733404359522359
0.025928759774608224
0.023242309390568004
0.0233087052778638
0.024049308023591738
0.023180815759289194
0.025233459185027958
0.027793456068647898
0.027216261853818525
0.02384119399391939
0.024855988238650983
0.030498160251150763
0.02650865136035024
0.025834474206788624
0.025669023844393547
0.029334493113189797
0.03311406070202854
0.027050470971710292
0.025471349004356082
0.02473623413924008
0.02636552704040064
0.025755002652910957
0.023436549490269968
0.022911781832347176
0.022220773273534774
0.022812993493477096
0.023290041468714672
0.02690718531582856
0.02603837525617616
0.024773602154798353
0.024768835181302462
0.02522438359210786
0.024481661849590875
0.02507304219087127
0.026481354179993498
0.025885652402053337
0.02556802564702554
0.02465809154600647
0.023599855246216436
0.023752125890124685
0.023769283264189412
0.02542641020191633
0.026767094739549354
0.02493431294070496
0.025234730508396384
0.025717852471907613
0.025994245518299954
0.030064619008147834
0.028358834125910618
0.027250755293260147
0.02931121396939526
0.027706983012603922
0.02535688657003106
0.025208754576960507
0.02612314856079135
0.02490779072032046
0.027783233877790914
0.025454318081369307
0.0271606044348755
0.029509364037358887
0.02770727489657971
0.0274252244488462
0.02978132319249844
0.03151768624873941
0.02860125749957035
0.028605579276069774
0.026289514479070072
0.026106955954775076
0.027800070204140732
0.02625805724458805
0.026649457361467104
0.025054332746893018
0.027408484802364706
0.027854112528821636
0.026685063186679618
0.024024171962648774
0.025702770402581156
0.026239188566046328
0.024213355932692644
0.023687417918692666
0.024918120892439943
0.024935409287931136
0.024365890573356763
0.027062712723437066
0.030611992819220602
0.025265943161860482
0.026283359123962916
0.024531434258065216
0.023039535652710108
0.022758010775964475
0.024453887770157168
0.02592500140765586
0.027224418436212802
0.025363010799417097
0.0252961909169314
0.02428829966439683
0.023922934513648558
0.024105303418931197
0.023498087686920112
0.028072787112262607
0.02392101788092878
0.023572797825753954
0.023382760079665558
0.023149294961415934
0.023062581777014275
0.022472661574679045
0.02336539208159978
0.02537486709777208
0.024157433716573463
0.02188812735783885
0.025673416914226928
0.028299184423583142
0.02524214959676845
0.024824948382617174
0.024447811000190063
0.026266031322145264
0.02748011381373971
0.025440727173703073
0.024432227960216144
0.024276125576944686
0.024852100132400256
0.024365552802190105
0.022366253652126345
0.023318095008778537
0.02245615468748414
0.02232467703947656
0.022924550837920804
0.024637305467494063
0.023359778811921264
0.022617880771736473
0.02242991903596751
0.02206841850559428
0.022898535297040088
0.023313375537119232
0.025325651573161682
0.024092745559153358
0.023654243238822325
0.023414134765034917
0.02378526783165886
0.02299674422606248
0.0225008096826619
0.022227471070238324
0.023809564070099286
0.02537525687785827
0.02529192299681531
0.024099933085861745
0.023868658017126374
0.02571094502871442
0.02393533697921168
0.022139506360940323
0.024129599217467965
0.023740532493178812
0.023215096518282283
0.023399583123917326
0.02250523495949823
0.022954785382405463
0.023634486966186207
0.023725806372261307
0.022962432121429677
0.02512959492452372
0.02444218653632673
0.023714056265279566
0.02380787432543867
0.025589301772795208
0.026311844256028356
0.027739101284342583
0.024348303287347065
0.023184599799434547
0.026774241143265095
0.024991424232790046
0.025943189316564814
0.023743537843341614
0.02538006350469387
0.025540130863365963
0.024814438359195976
0.02256003693685321
0.022940223127464916
0.022772365615447494
0.02297491757080962
0.023180127906309536
0.02389046416949229
0.023448671951443033
0.022698578481117657
0.02312089459978488
0.025282662703136647
0.022285905778186742
0.02396033756063202
0.022933855083852935
0.021986346908383213
0.02222026863277831
0.02184433693299667
0.022503820225312297
0.024277538362158
0.024122893336612418
0.023360571692540535
0.025093399609362306
0.025229725987394983
0.02398196135737113
0.023672894729909022
0.0241585450958781
0.022618657702038733
0.022270169179825734
0.022077659926065304
0.021838444799505988
0.021858869635898854
0.0215643316680251
0.023904021127992784
0.026463626287594934
0.02381585025670573
0.0229701388980471
0.025436499098534317
0.027586871118957235
0.023896353000070408
0.021584041608191558
0.023239473645222056
0.023677511751005253
0.025696251813773607
0.022423890538813156
0.022297122461072627
0.022743535786366335
0.022479262310236916
0.02156082002580684
0.020796751121842066
0.020966175458244706
0.021137093508298066
0.021185786963994698
0.022227806051061054
0.025000307332732726
0.022358334935962912
0.021723525830579925
0.022227215826991373
0.02214325344730143
0.022533358075308742
0.02159346981014299
0.022550138126572358
0.02189468142968938
0.02255276982920982
0.02229108316219068
0.022564642340919646
0.021416608711694582
0.020864327703085203
0.020940469560518527
0.021718768398173466
0.022735180585275027
0.0228454858848927
0.02229571531177506
0.02268981563690858
0.02382703494623302
0.023675902499585445
0.022207397154646306
0.02373742772651283
0.024676259253410868
0.024121944933227488
0.02322218107296812
0.022220618562056565
0.022073492335873312
0.022198854388340766
0.02199502499343552
0.02294899118892526
0.02391254709757272
0.023581147193148078
0.02292495232878432
0.024839338709999385
0.026506976163872983
0.02559348816562695
0.026862740345719945
0.022654446455315586
0.021375185304706314
0.022679122176661043
0.02184011336697017
0.024384803704544294
0.02200695304476741
0.025038661910447603
0.026224280941313297
0.02513157750648208
0.022580681102025713
0.02224909089954006
0.022566118584401516
0.021550989951364383
0.02154032748856339
0.021819828161729067
0.022028162786471267
0.02135151464721084
0.02173662917018117
0.025501534919513777
0.021983779140791762
0.02274443886633125
0.022374287894984028
0.022427875415297435
0.02142763661003268
0.02118221390183035
0.021384721883634127
0.021861414803507822
0.021730186777269917
0.021802325043309364
0.022879984565705447
