0.06538461538461539
0.15
0.21634615384615385
0.2221153846153846
0.1971153846153846
0.2923076923076923
0.28365384615384615
0.3230769230769231
0.3596153846153846
0.38076923076923075
0.3817307692307692
0.3721153846153846
0.38846153846153847
0.41346153846153844
0.43846153846153846
0.3971153846153846
0.41346153846153844
0.41923076923076924
0.4442307692307692
0.39326923076923076
0.3855769230769231
0.3798076923076923
0.4076923076923077
0.41057692307692306
0.4480769230769231
0.45
0.475
0.39807692307692305
0.47884615384615387
0.49615384615384617
0.47307692307692306
0.4855769230769231
0.4480769230769231
0.4826923076923077
0.49423076923076925
0.45
0.5125
0.5125
0.5471153846153847
0.5298076923076923
0.5057692307692307
0.5288461538461539
0.5807692307692308
0.5403846153846154
0.5759615384615384
0.5625
0.5865384615384616
0.5807692307692308
0.5509615384615385
0.5576923076923077
0.5432692307692307
0.5653846153846154
0.575
0.5567307692307693
0.5576923076923077
0.5769230769230769
0.5759615384615384
0.6096153846153847
0.5980769230769231
0.5932692307692308
0.6019230769230769
0.5932692307692308
0.5817307692307693
0.6028846153846154
0.6009615384615384
0.6153846153846154
0.6201923076923077
0.5903846153846154
0.5663461538461538
0.5740384615384615
0.5913461538461539
0.6038461538461538
0.5923076923076923
0.5980769230769231
0.6432692307692308
0.6432692307692308
0.6173076923076923
0.6153846153846154
0.6163461538461539
0.5942307692307692
0.5875
0.6105769230769231
0.6240384615384615
0.6298076923076923
0.6413461538461539
0.6173076923076923
0.614423076923077
0.6298076923076923
0.6211538461538462
0.6125
0.6442307692307693
0.6403846153846153
0.6375
0.6461538461538462
0.6259615384615385
0.635576923076923
0.6307692307692307
0.6384615384615384
0.5846153846153846
0.6240384615384615
0.6067307692307692
0.6278846153846154
0.6653846153846154
0.6567307692307692
0.6538461538461539
0.6384615384615384
0.6576923076923077
0.6855769230769231
0.6759615384615385
0.6557692307692308
0.6721153846153847
0.6586538461538461
0.6365384615384615
0.6336538461538461
0.6701923076923076
0.6586538461538461
0.6163461538461539
0.6336538461538461
0.6413461538461539
0.6778846153846154
0.6221153846153846
0.5932692307692308
0.6461538461538462
0.6615384615384615
0.6721153846153847
0.6519230769230769
0.6490384615384616
0.6673076923076923
0.6721153846153847
0.6798076923076923
0.676923076923077
0.6855769230769231
0.6538461538461539
0.6519230769230769
0.6663461538461538
0.6682692307692307
0.6625
0.6615384615384615
0.6567307692307692
0.6182692307692308
0.635576923076923
0.6509615384615385
0.6682692307692307
0.6740384615384616
0.6759615384615385
0.6807692307692308
0.6625
0.6451923076923077
0.6519230769230769
0.6644230769230769
0.6461538461538462
0.6413461538461539
0.6240384615384615
0.6259615384615385
0.6230769230769231
0.5971153846153846
0.6269230769230769
0.6548076923076923
0.6567307692307692
0.6576923076923077
0.6778846153846154
0.6509615384615385
0.6557692307692308
0.65
0.6403846153846153
0.6538461538461539
0.6596153846153846
0.6317307692307692
0.6048076923076923
0.6490384615384616
0.6384615384615384
0.6663461538461538
0.6663461538461538
0.6615384615384615
0.6701923076923076
0.6653846153846154
0.6692307692307692
0.6490384615384616
0.6432692307692308
0.6567307692307692
0.6711538461538461
0.65
0.6480769230769231
0.6663461538461538
0.6605769230769231
0.6586538461538461
0.6644230769230769
0.6721153846153847
0.6576923076923077
0.625
0.6644230769230769
0.6548076923076923
0.675
0.6903846153846154
0.6634615384615384
0.6711538461538461
0.6596153846153846
0.6490384615384616
0.65
0.6701923076923076
0.6644230769230769
0.6673076923076923
0.6807692307692308
0.6884615384615385
0.6567307692307692
0.6663461538461538
0.6740384615384616
0.6788461538461539
0.6701923076923076
0.6740384615384616
0.6721153846153847
0.675
0.6567307692307692
0.6826923076923077
0.6951923076923077
0.6692307692307692
0.6615384615384615
0.6682692307692307
0.6798076923076923
0.6884615384615385
0.6673076923076923
0.6317307692307692
0.6625
0.6615384615384615
0.6663461538461538
0.6615384615384615
0.6788461538461539
0.6836538461538462
0.6673076923076923
0.6807692307692308
0.6846153846153846
0.6875
0.6807692307692308
0.6836538461538462
0.6865384615384615
0.6798076923076923
0.6759615384615385
0.6759615384615385
0.6721153846153847
0.6548076923076923
0.6682692307692307
0.6778846153846154
0.6836538461538462
0.6673076923076923
0.6730769230769231
0.6894230769230769
0.6894230769230769
0.6730769230769231
0.6701923076923076
0.6721153846153847
0.676923076923077
0.6807692307692308
0.6721153846153847
0.6788461538461539
0.6826923076923077
0.6923076923076923
0.6961538461538461
0.6923076923076923
0.6836538461538462
0.6817307692307693
0.698076923076923
0.6913461538461538
0.6846153846153846
0.6855769230769231
0.6730769230769231
0.6971153846153846
0.6894230769230769
0.6894230769230769
0.6682692307692307
0.675
0.6528846153846154
0.698076923076923
0.7057692307692308
0.6596153846153846
0.6740384615384616
0.6673076923076923
0.6826923076923077
0.6740384615384616
0.6740384615384616
0.6932692307692307
0.6932692307692307
0.676923076923077
0.6875
0.6807692307692308
0.6865384615384615
0.6855769230769231
0.6903846153846154
0.6932692307692307
0.6961538461538461
0.6759615384615385
0.6903846153846154
0.6798076923076923
0.7
0.6913461538461538
0.676923076923077
0.6788461538461539
0.6884615384615385
0.6855769230769231
0.6846153846153846
0.6961538461538461
0.6682692307692307
0.6663461538461538
0.6817307692307693
0.6817307692307693
0.6817307692307693
0.7028846153846153
0.6961538461538461
0.6971153846153846
0.7048076923076924
0.7028846153846153
0.6913461538461538
0.6817307692307693
0.6663461538461538
0.6817307692307693
0.6884615384615385
0.6798076923076923
0.6509615384615385
0.6875
0.7067307692307693
0.7038461538461539
0.698076923076923
0.6730769230769231
0.6894230769230769
0.6961538461538461
0.6961538461538461
0.7105769230769231
0.7009615384615384
0.7038461538461539
0.7038461538461539
0.6932692307692307
0.7125
0.7028846153846153
0.6711538461538461
0.7086538461538462
0.7134615384615385
0.698076923076923
0.6884615384615385
0.6807692307692308
0.675
0.6682692307692307
0.6884615384615385
0.698076923076923
0.6942307692307692
0.6923076923076923
0.7076923076923077
0.7211538461538461
0.7144230769230769
0.7067307692307693
0.7019230769230769
0.6884615384615385
0.6884615384615385
0.6884615384615385
0.6951923076923077
0.6971153846153846
0.7028846153846153
0.6942307692307692
0.6826923076923077
0.6951923076923077
0.6971153846153846
0.6971153846153846
0.7048076923076924
0.7038461538461539
0.7086538461538462
0.7134615384615385
0.7038461538461539
0.6990384615384615
0.7048076923076924
0.6855769230769231
0.6576923076923077
0.6730769230769231
0.6548076923076923
0.7
0.7163461538461539
0.7
0.7173076923076923
0.6971153846153846
0.7173076923076923
0.6894230769230769
0.676923076923077
0.7028846153846153
0.7230769230769231
0.7211538461538461
0.7201923076923077
0.7230769230769231
0.7269230769230769
0.7173076923076923
0.7153846153846154
0.7259615384615384
0.7230769230769231
0.6836538461538462
0.7115384615384616
0.7182692307692308
0.7201923076923077
0.7192307692307692
0.7096153846153846
0.7153846153846154
0.7115384615384616
0.7259615384615384
0.7259615384615384
0.7201923076923077
0.7115384615384616
