0.032692307692307694
0.1528846153846154
0.15673076923076923
0.2048076923076923
0.18365384615384617
0.2221153846153846
0.26826923076923076
0.3403846153846154
0.3375
0.3730769230769231
0.39615384615384613
0.35673076923076924
0.3894230769230769
0.3903846153846154
0.42403846153846153
0.40865384615384615
0.4269230769230769
0.4423076923076923
0.4567307692307692
0.5048076923076923
0.48846153846153845
0.4894230769230769
0.5038461538461538
0.47692307692307695
0.5211538461538462
0.5076923076923077
0.5269230769230769
0.5701923076923077
0.5663461538461538
0.5711538461538461
0.5826923076923077
0.5807692307692308
0.5721153846153846
0.573076923076923
0.5990384615384615
0.5826923076923077
0.5605769230769231
0.5923076923076923
0.6134615384615385
0.6134615384615385
0.6182692307692308
0.614423076923077
0.6307692307692307
0.6432692307692308
0.6701923076923076
0.6528846153846154
0.6432692307692308
0.6528846153846154
0.6548076923076923
0.6567307692307692
0.6461538461538462
0.6528846153846154
0.6423076923076924
0.6365384615384615
0.65
0.6480769230769231
0.6586538461538461
0.6903846153846154
0.7009615384615384
0.6942307692307692
0.7009615384615384
0.6807692307692308
0.6913461538461538
0.6826923076923077
0.6836538461538462
0.6740384615384616
0.6634615384615384
0.6692307692307692
0.6528846153846154
0.6788461538461539
0.6759615384615385
0.6990384615384615
0.6971153846153846
0.6961538461538461
0.6865384615384615
0.7028846153846153
0.7019230769230769
0.7134615384615385
0.7076923076923077
0.7096153846153846
0.7201923076923077
0.7115384615384616
0.7105769230769231
0.7086538461538462
0.6951923076923077
0.7028846153846153
0.7105769230769231
0.7201923076923077
0.7
0.6884615384615385
0.6990384615384615
0.6875
0.7028846153846153
0.6932692307692307
0.6961538461538461
0.7009615384615384
0.7144230769230769
0.7105769230769231
0.6951923076923077
0.7221153846153846
0.7009615384615384
0.7028846153846153
0.7009615384615384
0.6951923076923077
0.7019230769230769
0.7048076923076924
0.7115384615384616
0.7163461538461539
0.7144230769230769
0.7240384615384615
0.7153846153846154
0.7163461538461539
0.7221153846153846
0.7192307692307692
0.7365384615384616
0.7278846153846154
0.7375
0.7269230769230769
0.7317307692307692
0.7326923076923076
0.7278846153846154
0.7278846153846154
0.7288461538461538
0.7278846153846154
0.7432692307692308
0.7298076923076923
0.7384615384615385
0.7480769230769231
0.7519230769230769
0.7384615384615385
0.7480769230769231
0.7461538461538462
0.7413461538461539
0.7326923076923076
0.7355769230769231
0.725
0.7173076923076923
0.7326923076923076
0.7336538461538461
0.7278846153846154
0.7317307692307692
0.7375
0.7403846153846154
0.7413461538461539
0.7480769230769231
0.7548076923076923
0.7471153846153846
0.7471153846153846
0.7461538461538462
0.7423076923076923
0.7384615384615385
0.7471153846153846
0.7365384615384616
0.7230769230769231
0.7355769230769231
0.7278846153846154
0.7317307692307692
0.7480769230769231
0.7528846153846154
0.7538461538461538
0.7615384615384615
0.7567307692307692
0.7586538461538461
0.7576923076923077
0.7509615384615385
0.7557692307692307
0.7519230769230769
0.7480769230769231
0.7413461538461539
0.7528846153846154
0.7576923076923077
0.7634615384615384
0.7634615384615384
0.7634615384615384
0.7567307692307692
0.7653846153846153
0.7586538461538461
0.760576923076923
0.7644230769230769
0.7673076923076924
0.7740384615384616
0.7586538461538461
0.7634615384615384
0.7586538461538461
0.7509615384615385
0.7596153846153846
0.7596153846153846
0.7567307692307692
0.7509615384615385
0.739423076923077
0.7442307692307693
0.7490384615384615
0.75
0.7471153846153846
0.7451923076923077
0.7451923076923077
0.7576923076923077
0.7557692307692307
0.7461538461538462
0.7586538461538461
0.7490384615384615
0.7548076923076923
0.7442307692307693
0.7423076923076923
0.7471153846153846
0.7548076923076923
0.7634615384615384
0.7528846153846154
0.7519230769230769
0.7538461538461538
0.7576923076923077
0.75
0.7490384615384615
0.7538461538461538
0.7644230769230769
0.7682692307692308
0.7634615384615384
0.7596153846153846
0.7673076923076924
0.7653846153846153
0.7548076923076923
0.7596153846153846
0.7596153846153846
0.7586538461538461
0.7701923076923077
0.7653846153846153
0.7711538461538462
0.7730769230769231
0.7721153846153846
0.7711538461538462
0.7721153846153846
0.7701923076923077
0.7730769230769231
0.7682692307692308
0.7711538461538462
0.7538461538461538
0.7451923076923077
0.7596153846153846
0.7682692307692308
0.7634615384615384
0.7596153846153846
0.7673076923076924
0.7663461538461539
0.7653846153846153
0.7663461538461539
0.775
0.7740384615384616
0.7682692307692308
0.7682692307692308
0.7711538461538462
0.7663461538461539
0.7682692307692308
0.7644230769230769
0.7548076923076923
0.7519230769230769
0.7548076923076923
0.7615384615384615
0.7711538461538462
0.7701923076923077
0.7740384615384616
0.7788461538461539
0.7711538461538462
0.7778846153846154
0.7740384615384616
0.7682692307692308
0.7778846153846154
0.7730769230769231
0.7682692307692308
0.7663461538461539
0.7711538461538462
0.7634615384615384
0.7788461538461539
0.7798076923076923
0.7817307692307692
0.7778846153846154
0.7769230769230769
0.7769230769230769
0.7807692307692308
0.7778846153846154
0.7836538461538461
0.7865384615384615
0.7807692307692308
0.7817307692307692
0.7817307692307692
0.7817307692307692
0.7798076923076923
0.7817307692307692
0.7836538461538461
0.7798076923076923
0.7721153846153846
0.7730769230769231
0.7653846153846153
0.7711538461538462
0.7644230769230769
0.7586538461538461
0.7653846153846153
0.7701923076923077
0.7740384615384616
0.7701923076923077
0.7788461538461539
0.7615384615384615
0.7673076923076924
0.7634615384615384
0.7653846153846153
0.7663461538461539
0.7711538461538462
0.7711538461538462
0.7701923076923077
0.7682692307692308
0.7701923076923077
0.775
0.7682692307692308
0.760576923076923
0.7634615384615384
0.7701923076923077
0.7759615384615385
0.7759615384615385
0.7721153846153846
0.7721153846153846
0.7692307692307693
0.7682692307692308
0.7682692307692308
0.7740384615384616
0.7692307692307693
0.7759615384615385
0.7798076923076923
0.7798076923076923
0.7875
0.7865384615384615
0.7875
0.7903846153846154
0.7865384615384615
0.7807692307692308
0.775
0.7826923076923077
0.7740384615384616
0.7701923076923077
0.7788461538461539
0.7817307692307692
0.7788461538461539
0.7759615384615385
0.7778846153846154
0.775
0.7730769230769231
0.7788461538461539
0.7807692307692308
0.7865384615384615
0.7836538461538461
0.7798076923076923
0.7875
0.7817307692307692
0.7807692307692308
0.7807692307692308
0.7759615384615385
0.7701923076923077
0.7692307692307693
0.7826923076923077
0.7875
0.7826923076923077
0.7846153846153846
0.7855769230769231
0.7855769230769231
0.7865384615384615
0.7836538461538461
0.7740384615384616
0.7846153846153846
0.7788461538461539
0.7740384615384616
0.7711538461538462
0.7759615384615385
0.7711538461538462
0.7826923076923077
0.7798076923076923
0.7855769230769231
0.7884615384615384
0.7836538461538461
0.7817307692307692
0.7846153846153846
0.7884615384615384
0.7932692307692307
0.7932692307692307
0.7932692307692307
0.7932692307692307
0.7894230769230769
0.7875
0.7903846153846154
0.7875
0.7903846153846154
0.7855769230769231
0.7846153846153846
0.7855769230769231
0.7788461538461539
0.7826923076923077
0.7759615384615385
0.7759615384615385
0.7798076923076923
0.7855769230769231
0.7836538461538461
0.7798076923076923
0.7846153846153846
0.7692307692307693
