0.46356866135056596
0.06183507309410256
0.05858751454210077
0.06551646342072627
0.06113631539342477
0.057383226843827795
0.0573109303406136
0.04594459438943357
0.043711103699439195
0.047868780306010446
0.040463528779087515
0.044892728950639796
0.0481023674118304
0.04155510079594826
0.048808112950953005
0.05527056747166472
0.05199280420278321
0.046937314399541186
0.04903146250159083
0.04344415106103163
0.05056705469614389
0.04679743901655645
0.04572185186006192
0.043978029487413785
0.04055411398110321
0.04072716137938411
0.03937679782581034
0.04639409933489609
0.03774209397431784
0.039873279958911066
0.03752827436773403
0.03755724375476893
0.047944258742210824
0.04153238453107891
0.03839442873073818
0.041996404057047236
0.03770825258732116
0.038306805438980615
0.03586627613489365
0.04122282924011693
0.035128565225823895
0.03316884772873561
0.02941206528895178
0.03171774137482484
0.031628914852760356
0.03508338659310387
0.03055169221584168
0.03210416040628959
0.035602397942315234
0.0341111486536331
0.03836226364484548
0.03349489624760955
0.03532984632272269
0.03258466145283927
0.033269756777447035
0.03637374093431902
0.03153205063688813
0.03294115130955542
0.033313293387102524
0.031142690937422998
0.031188733439487335
0.03417716510250267
0.03432790214627703
0.03863728708629991
0.03729481169310153
0.033060480796003884
0.03400515597217078
0.03246400623898355
0.04008242593854329
0.0351457082160333
0.03658297630345727
0.032158540316679696
0.03188264424103439
0.03525256904598858
0.03351172907701644
0.031712061298866966
0.029709447767123347
0.031542844675462436
0.03357670694377691
0.03327676558164038
0.03132961981093693
0.03088827871647191
0.03203117494026309
0.03342451832035416
0.034965111152225996
0.02845523742539599
0.029497304302541397
0.029939326955929036
0.034578287201502286
0.037270266009431736
0.028468499614437624
0.029855791412899114
0.028444421295153274
0.026909823742721772
0.034533174172156116
0.03300938132273095
0.032596669387899006
0.03160616086527983
0.03234747453713902
0.03166978170657352
0.032627078505452725
0.03139410701924429
0.032978535651400805
0.029021195080494132
0.031066333656475088
0.03077353237738468
0.02703375571677881
0.026313075588056845
0.02620549148401732
0.026401178364535014
0.02499557511746725
0.02738687720835563
0.030546469098277185
0.029564641222435014
0.02494326510307613
0.029637855199830494
0.030979516341404216
0.027982837101693792
0.027397313323913874
0.029266798048816156
0.03307628108991362
0.03646878526268493
0.030585527269361517
0.028052258585104642
0.025592004605989656
0.027677405209137217
0.02574158238881224
0.026530725843788513
0.02591733970046909
0.025994020583591515
0.026337920837285703
0.027356353822054143
0.031648279674622054
0.028137326429758473
0.027837838861852923
0.028856928341246594
0.028184267704425572
0.027769024694677718
0.029080783636666215
0.03246100413094893
0.02821529249872912
0.026743916301706607
0.025006138365212312
0.026490438348396327
0.02594848385340071
0.026620582714411607
0.02955620904633474
0.030322362737723093
0.030091569164021163
0.03098575287527843
0.028395020675941567
0.027224832697267123
0.030885450217179828
0.030257310600789976
0.027264672059586267
0.028062022410763388
0.02941753208225856
0.027531490642436013
0.028265717805858633
0.028869089625953286
0.02755311053498699
0.027791603343940853
0.026582977062213402
0.02785123863725448
0.03138322424541023
0.03058905337340667
0.028001649189385646
0.03123746453450113
0.031032044755982223
0.02923030008559459
0.0314818565101026
0.029996768844580565
0.029006717633341665
0.03141541546867405
0.03277959709926638
0.03293334914562701
0.028332543691941544
0.03217902639698766
0.031793639740924536
0.029541849801519283
0.025725269839507178
0.02573014935993232
0.027605090815658026
0.02615344582404642
0.026080425239756764
0.02563491121849923
0.024849605543367757
0.02523799969244059
0.027981877939483778
0.030903098222882952
0.024973157241394237
0.027809433056448295
0.025625636119883947
0.02451855788069509
0.024689742895517397
0.0244347412337855
0.02514345398209884
0.026732682623749063
0.027054415919983248
0.0259268913065683
0.027769317811317366
0.02727313884346041
0.027433528797549928
0.027064687384208558
0.026996428866206155
0.025040545428698158
0.024199990295729303
0.02411608703386055
0.025488121305486788
0.026201759714659593
0.02510481917847026
0.027088373774389874
0.025761096856849998
0.02532863335452661
0.024058890676695612
0.02723142966105058
0.031231307106808506
0.02934154338218615
0.0250154236161459
0.025880132102612207
0.027784523759320764
0.030607501977775838
0.025868151107849152
0.02522426111937975
0.02581523622204691
0.025840251113732525
0.025012146405001788
0.023571207240023904
0.02414517502820335
0.024399307591362298
0.023168699590278945
0.02377626448993429
0.026532232527542603
0.023885692420835165
0.023780272399353153
0.023888083020824798
0.02368483483931261
0.0237046345743513
0.024693538263255974
0.02414320896891804
0.02407358323312797
0.024522607653305314
0.025028730789341164
0.02460256640640735
0.024516541507560878
0.024579830899538083
0.026234130661314532
0.026623848754415744
0.027517161586472556
0.026091536239621512
0.02637321468537115
0.02668423809866364
0.027311474777635788
0.028372277126960978
0.02587928985077164
0.02532689042637205
0.026810102917150407
0.02622974074285232
0.026186752726884897
0.02509371231044315
0.025039737636882806
0.025984376236461586
0.024786055090582234
0.030349324564845237
0.03150576761600727
0.026661624051617615
0.026571462090807196
0.028631883509102823
0.029575393248665843
0.029905393160297132
0.029882515746824476
0.02735609363596214
0.02658954713024036
0.027750738167977438
0.025549275653341984
0.026948262974013645
0.025699387936669513
0.025682382081101938
0.027007464825781508
0.02675650769293405
0.024884002281550244
0.0250884225436727
0.025183100493194683
0.024387083530628767
0.02514123858773378
0.025362888952879727
0.02525002577168247
0.024531773101831748
0.02575150158250161
0.028294013658018875
0.024600565069593624
0.025000061913583234
0.024644355872764458
0.024003956337557832
0.02348897182432308
0.023627869897114743
0.024247402755922354
0.02700846906983806
0.0264125847945818
0.025745787631706575
0.029121449535820847
0.030096299483104418
0.026254747891540538
0.025666926833310476
0.027258610919182708
0.02387609852213148
0.023682660389663608
0.023260596918846344
0.023332162324663668
0.024263426464018027
0.023894241346648897
0.0251514906241347
0.029293993886997438
0.02615967068639931
0.023211492451234692
0.02486191344443221
0.0271428439395332
0.026374366048588106
0.024919676416250463
0.02656060734243176
0.027396077172120167
0.033053424110230524
0.02557558983880235
0.025651831773202557
0.025219728953814226
0.02625703453339512
0.02491773854473961
0.023949645285874004
0.023786306433771238
0.02263514119611671
0.022877050978805644
0.02403338918465727
0.02406905890329975
0.024209442181891364
0.023852946729154684
0.02471317734195068
0.023796173817896504
0.024246974594478155
0.023324166088512694
0.02541965477368475
0.025067472045287517
0.025410686439925126
0.02397597388666553
0.023771618732030757
0.023056004414874477
0.022648375327546558
0.02352010460074227
0.02473275280566764
0.024957712424741173
0.0249592849250638
0.024798172979619663
0.026017173009805612
0.029175159548379584
0.026738193389053873
0.024181474222855243
0.026003397497854436
0.02522580091384115
0.024545201688052996
0.024472258717304657
0.023625292373150353
0.024474744360986945
0.02478371259090708
0.025853660429900713
0.024039709902100723
0.02630436095657729
0.025463362916197683
0.02415305923619642
0.025297046186896738
0.027310137979151043
0.02869767967495182
0.031521122197689835
0.02688395080333203
0.025505662399204508
0.0259843813861103
0.025618304398507208
0.029401727275069477
0.027193638913740648
0.027002499242862278
0.026896556042567996
0.02577768243850775
0.024550996670339796
0.02414608598621567
0.023858719118596314
0.023749825902285877
0.023582557352435217
0.02326810241647112
0.022920617202884814
0.022823581814649288
0.02422027563478679
0.029620011954209203
0.02420237033360626
0.024860134021440605
0.023752495860698483
0.02377904928173762
0.023280952671864374
0.023681887183308943
0.02269822157605419
0.023679163563111682
0.023904973585801507
0.023573336056714262
0.025103877962276883
