0.0375
0.18653846153846154
0.18461538461538463
0.26346153846153847
0.31826923076923075
0.3346153846153846
0.3548076923076923
0.36923076923076925
0.42115384615384616
0.42596153846153845
0.3951923076923077
0.4173076923076923
0.46442307692307694
0.44711538461538464
0.4625
0.3778846153846154
0.4740384615384615
0.5288461538461539
0.5288461538461539
0.5490384615384616
0.5509615384615385
0.5528846153846154
0.5615384615384615
0.5461538461538461
0.5317307692307692
0.5326923076923077
0.5269230769230769
0.5778846153846153
0.5394230769230769
0.5413461538461538
0.5663461538461538
0.5615384615384615
0.5653846153846154
0.573076923076923
0.5596153846153846
0.5634615384615385
0.5663461538461538
0.5682692307692307
0.575
0.5788461538461539
0.6211538461538462
0.6182692307692308
0.6182692307692308
0.6125
0.6201923076923077
0.6115384615384616
0.6182692307692308
0.5961538461538461
0.5798076923076924
0.6153846153846154
0.5961538461538461
0.6057692307692307
0.6125
0.6423076923076924
0.6634615384615384
0.6528846153846154
0.6548076923076923
0.6528846153846154
0.6471153846153846
0.6490384615384616
0.6528846153846154
0.6653846153846154
0.6596153846153846
0.6134615384615385
0.6461538461538462
0.6480769230769231
0.6605769230769231
0.6471153846153846
0.6701923076923076
0.6692307692307692
0.6615384615384615
0.6490384615384616
0.6432692307692308
0.6682692307692307
0.6586538461538461
0.6942307692307692
0.6365384615384615
0.6865384615384615
0.7
0.6567307692307692
0.6576923076923077
0.6730769230769231
0.6817307692307693
0.6894230769230769
0.6596153846153846
0.6701923076923076
0.6826923076923077
0.6817307692307693
0.6846153846153846
0.6673076923076923
0.6326923076923077
0.6826923076923077
0.6875
0.7201923076923077
0.7
0.676923076923077
0.6846153846153846
0.6788461538461539
0.6778846153846154
0.6932692307692307
0.7067307692307693
