0.03173076923076923
0.1798076923076923
0.1778846153846154
0.24807692307692308
0.2826923076923077
0.2971153846153846
0.30480769230769234
0.30673076923076925
0.3730769230769231
0.3875
0.35865384615384616
0.3471153846153846
0.3971153846153846
0.3817307692307692
0.4009615384615385
0.3576923076923077
0.4048076923076923
0.4826923076923077
0.46057692307692305
0.4798076923076923
0.4798076923076923
0.4798076923076923
0.48846153846153845
0.4778846153846154
0.4596153846153846
0.4721153846153846
0.4519230769230769
0.5192307692307693
0.44326923076923075
0.46634615384615385
0.4875
0.4740384615384615
0.4875
0.4807692307692308
0.47884615384615387
0.47596153846153844
0.48846153846153845
0.49903846153846154
0.510576923076923
0.5230769230769231
0.5384615384615384
0.5461538461538461
0.5673076923076923
0.5403846153846154
0.5538461538461539
0.55
0.5375
0.5288461538461539
0.5269230769230769
0.5413461538461538
0.5192307692307693
0.5211538461538462
0.5269230769230769
0.5721153846153846
0.5576923076923077
0.5846153846153846
0.5740384615384615
0.5682692307692307
0.5682692307692307
0.5701923076923077
0.5557692307692308
0.6028846153846154
0.5605769230769231
0.5605769230769231
0.5817307692307693
0.5682692307692307
0.5798076923076924
0.5778846153846153
0.5788461538461539
0.5980769230769231
0.5826923076923077
0.5778846153846153
0.5769230769230769
0.5932692307692308
0.5836538461538462
0.5990384615384615
0.573076923076923
0.6230769230769231
0.6384615384615384
0.5836538461538462
0.5875
0.6192307692307693
0.6423076923076924
0.6442307692307693
0.6134615384615385
0.6221153846153846
0.6201923076923077
0.6153846153846154
0.6365384615384615
0.6173076923076923
0.5826923076923077
0.6317307692307692
0.6221153846153846
0.6576923076923077
0.65
0.6442307692307693
0.6307692307692307
0.6298076923076923
0.6480769230769231
0.6519230769230769
0.6701923076923076
