0.46441659870465946
0.059681889212007476
0.05444603216761123
0.05534707531730025
0.05432564312279277
0.04873504752717053
0.0509717332090058
0.04440981385136079
0.03752057758917677
0.041306825600938436
0.03722458283795177
0.04027021897375469
0.041376501066232356
0.04202195704353855
0.043775756756278296
0.05008000748585989
0.04317436953500901
0.04250117912980419
0.03809011704503823
0.04452025015304917
0.05081808267182808
0.044591030636022905
0.04118703487876285
0.03977147315919445
0.036808459027081776
0.042332518782303645
0.03840171254307718
0.049200371546880776
0.0389847601943922
0.037639327066788644
0.03905835104432668
0.03612984917052736
0.04842363130179296
0.04138741055972067
0.03829902239451585
0.0384321428913352
0.034499786603382036
0.03708890049934331
0.03232245471422281
0.03747027180677525
0.035894903455620325
0.032637627510010175
0.02997501922275791
0.031482035542181964
0.029214631369944552
0.033721045198657484
0.02985801566317857
0.03183334198216836
0.03374286567793647
0.032271186463078
0.03352814804622495
0.034418733890987784
0.03614301832162392
0.03473625968509001
0.03131731577535036
0.03400966837268059
0.030627112933298048
0.027633075049207624
0.02763197519548275
0.029482128585900547
0.02929248045687419
0.028771487412223313
0.02781527725085272
0.03403167941760876
0.032071136023073994
0.031519867943482535
0.029057720720872277
0.030544552880460048
0.034188060591580964
0.031637818946873945
0.03300949395111021
0.030289371282583976
0.03345157543877152
0.03044441894591515
0.030779139070980892
0.028134585324128138
0.02686879264538472
0.029672710279393683
0.029585596868539628
0.02945253814325519
0.028539208743218157
0.02870084557516064
0.03033993554378693
0.027962135189143537
0.029009419383859744
0.028620613698886337
0.0297675438660157
0.028091142592201003
0.03266182486954987
0.03280814750695565
0.028588704961951643
0.027958949804783893
0.027323579448701108
0.025310493601507722
0.028252566003866098
0.026161624211139843
0.026568110989964186
0.028593844499130487
0.027976696479063624
0.030060699895689488
0.02985595499695127
0.028440927494401212
0.028223092048814413
0.025939071093627752
0.028541423221127026
0.026167158228068144
0.025043792559981976
0.023821547234851494
0.02409903605192806
0.023808526610398215
0.02290580020473656
0.026218189015666738
0.028023060368278348
0.025471423660770733
0.025490534530087833
0.029274590638303313
0.029479053050057574
0.02727342964344155
0.026377138883943742
0.027936136655150396
0.030063366585040233
0.03326712725061568
0.028248459608749273
0.026732948965127564
0.025639416379165284
0.026838012049734145
0.025254353521664913
0.024202064109562747
0.023084488361189794
0.022718041551426236
0.023080264342053625
0.024370914375537935
0.02689327360341158
0.025349968349387235
0.02409258674622035
0.024672733095911767
0.024790160073494858
0.02567297652792766
0.024952703261539484
0.027753297025881665
0.025457846407734085
0.025153044340697175
0.025199884946565533
0.025458250647171374
0.02420851367772071
0.024835357885572364
0.024562898578019528
0.026500340888658883
0.02552526060993236
0.02530985800379076
0.026544091705572242
0.02609329362021178
0.03190252870017697
0.02789025111260022
0.02686046654445126
0.029195057383784154
0.02742397275677642
0.028122312935220453
0.02520690344469877
0.026843695680686
0.02584588793674349
0.025821443365451183
0.025951133201331782
0.02530545675298008
0.028817542448524525
0.027758309788595982
0.029045762198864653
0.030043160556745538
0.030379153722136593
0.029838553332483538
0.030676637115865116
0.027679197953120988
0.026575750047149488
0.029718516532780483
0.026773247335315112
0.026101781501235512
0.024801162556825174
0.025556585323406572
0.028476631065053187
0.02985053028152486
0.025794850462620648
0.025987431432549727
0.026418162679972042
0.024883345567161565
0.026012708113494192
0.0261747813746812
0.026225553012002287
0.024320652001387787
0.025145673138049596
0.027684972809465132
0.023381413896564018
0.025787819868560744
0.024298015005211865
0.024077569136043853
0.023582316111821346
0.024508735843823515
0.025695811419443396
0.026402921769235865
0.025549749853237515
0.025215560777164775
0.026169572345840494
0.024572926095428254
0.026011366739746047
0.02460616064420596
0.025932903477652876
0.02376429011762696
0.025110527587296885
0.022623495565646957
0.022893350331603234
0.023429195967165677
0.023725756202673753
0.0255516148393846
0.026895348103127752
0.024058842322790437
0.022447058709420327
0.025631127552595532
0.02799239669487116
0.02595076879641278
0.024097858352830993
0.023449949259876722
0.02388455265806027
0.027845737214984415
0.02374927040981052
0.024217913233522872
0.024182157029772736
0.025856053462748902
0.024454540188375937
0.022433338024507896
0.022254412421385837
0.021857907465949764
0.02145806514667458
0.02209264015934153
0.023592647792448834
0.023827346139992166
0.02333370367870569
0.0226301092149825
0.022478309290174345
0.02239445931836951
0.025018333335046078
0.02615397725253958
0.023650675508463826
0.024330091165432496
0.023530924923994688
0.0232613038549703
0.022640384397299148
0.02268664627299251
0.023527673223214574
0.023974292144009923
0.025117897037188624
0.02399339506291788
0.023832067360586278
0.024237279753374606
0.026971882880745358
0.025970433997877063
0.024635710777532866
0.025450308261200847
0.02522565633383776
0.02449748487480211
0.02410000885488351
0.024048979994879285
0.02339358195132031
0.022733364288238384
0.023267533486900655
0.025456827814113774
0.028578066844081096
0.02598915036321257
0.026785575918938143
0.027587017237872383
0.027711571617914262
0.02533224121897008
0.027297655797868643
0.024966286063171805
0.024308345842998194
0.026977902947188177
0.0265498887842378
0.02808934971828884
0.02619675760782644
0.02634171926830123
0.025790922219659923
0.02565516466833343
0.02528492556748139
0.024618457629310003
0.02420748576959626
0.023826388472523927
0.023650111855780236
0.02507862075347203
0.024044120936006625
0.02486902307568982
0.02527012037489737
0.027154410692656648
0.023205938786263265
0.02545050056585372
0.024054346055372284
0.02384248360194187
0.0231824932889718
0.023303034661499876
0.024491328809312072
0.02516711554566914
0.023377414823208334
0.024455459388814178
0.027258678498961162
0.025442270509150964
0.02336085414409531
0.02299018998958355
0.02475306361211054
0.023759916580189628
0.022822857797970723
0.02343599112639411
0.023174032186929424
0.02258119159960705
0.02258068164352717
0.022013984635710634
0.02555987559319889
0.02343188837872884
0.02177462199500619
0.02476450794118714
0.026450591544664153
0.02304334358576506
0.022237923176200363
0.022776374222496867
0.02433011772240773
0.025196580205867278
0.022811980395705745
0.022662136930053138
0.023380431420393477
0.023092053961476063
0.02280404803074609
0.022010157536034507
0.02202037027784865
0.02195983107140618
0.023696513786257492
0.02289905695174319
0.02272757066925761
0.022881807853204195
0.022455133102580294
0.023726216909988277
0.023691180616008427
0.024004514278141535
0.022426060905199805
0.024352305624732496
0.022994464907536403
0.022334875290719994
0.02091654870814699
0.021517264026177083
0.021574672416164984
0.021018431618158955
0.021564713803032237
0.022079753806207705
0.022218102684973134
0.02266737310011882
0.02249641217703146
0.022894081081161918
0.02398191761314911
0.02615786028275172
0.023945751150681913
0.024750007348330976
0.02465478391153714
0.023875443688760833
0.02289180239744528
0.02310884590029837
0.02274905114066032
0.023639607287890337
0.023255296411681052
0.023921656035208627
0.02634587746518607
0.026230659273154915
0.024553225986585107
0.02617668752230608
0.028166418760024625
0.024529457312247167
0.02552521933946565
0.02313961582369984
0.023052958781124736
0.025740882610403047
0.024389188754827935
0.027122502742560506
0.023933963651339357
0.02555806415542327
0.026304271397411656
0.027418714307511378
0.02341548643516161
0.023280380266311528
0.022617777878114757
0.02267856782110132
0.021877601886558424
0.023901103399623917
0.02409530544278963
0.022208193621402767
0.022745341064342672
0.025746250099421414
0.023140015718169274
0.023914132042165158
0.02332630514578527
0.022581462383713155
0.021807220785772536
0.021931117781523714
0.021979205455993953
0.0224338957884056
0.02264711040115283
0.023404209581627346
0.026080880613461397
