0.03173076923076923
0.14326923076923076
0.19038461538461537
0.24423076923076922
0.18365384615384617
0.33076923076923076
0.34807692307692306
0.3576923076923077
0.38269230769230766
0.4201923076923077
0.44519230769230766
0.42788461538461536
0.46057692307692305
0.45576923076923076
0.4875
0.5028846153846154
0.5
0.5211538461538462
0.5336538461538461
0.5346153846153846
0.48846153846153845
0.4721153846153846
0.5432692307692307
0.5048076923076923
0.5461538461538461
0.5682692307692307
0.5663461538461538
0.5721153846153846
0.5682692307692307
0.5980769230769231
0.5836538461538462
0.6028846153846154
0.573076923076923
0.5846153846153846
0.6346153846153846
0.5942307692307692
0.5971153846153846
0.6230769230769231
0.6365384615384615
0.6
0.6365384615384615
0.6480769230769231
0.6711538461538461
0.6605769230769231
0.6894230769230769
0.6634615384615384
0.6653846153846154
0.6721153846153847
0.6576923076923077
0.6663461538461538
0.6288461538461538
0.6596153846153846
0.6605769230769231
0.6221153846153846
0.6432692307692308
0.6576923076923077
0.6807692307692308
0.7086538461538462
0.6923076923076923
0.6932692307692307
0.7125
0.6875
0.6836538461538462
0.6807692307692308
0.6519230769230769
0.6798076923076923
0.676923076923077
0.6740384615384616
0.6432692307692308
0.676923076923077
0.6836538461538462
0.6875
0.6788461538461539
0.7028846153846153
0.7173076923076923
0.7211538461538461
0.7057692307692308
0.7076923076923077
0.7019230769230769
0.7173076923076923
0.7163461538461539
0.7173076923076923
0.7173076923076923
0.7125
0.7009615384615384
0.7134615384615385
0.7115384615384616
0.7240384615384615
0.6961538461538461
0.6903846153846154
0.7048076923076924
0.6942307692307692
0.7153846153846154
0.7096153846153846
0.6961538461538461
0.7105769230769231
0.7326923076923076
0.7269230769230769
0.7019230769230769
0.7298076923076923
0.6855769230769231
0.7115384615384616
0.7298076923076923
0.7346153846153847
0.7096153846153846
0.7240384615384615
0.7317307692307692
0.7480769230769231
0.7451923076923077
0.7326923076923076
0.7346153846153847
0.7240384615384615
0.7096153846153846
0.7125
0.7461538461538462
0.75
0.739423076923077
0.7259615384615384
0.7355769230769231
0.7413461538461539
0.7230769230769231
0.7192307692307692
0.7317307692307692
0.7326923076923076
0.7519230769230769
0.7432692307692308
0.7509615384615385
0.7480769230769231
0.7480769230769231
0.7413461538461539
0.7548076923076923
0.7586538461538461
0.7326923076923076
0.7384615384615385
0.7528846153846154
0.7365384615384616
0.7355769230769231
0.7528846153846154
0.7490384615384615
0.7288461538461538
0.7461538461538462
0.7471153846153846
0.7528846153846154
0.7509615384615385
0.7576923076923077
0.7634615384615384
0.7586538461538461
0.7567307692307692
0.7490384615384615
0.7557692307692307
0.7413461538461539
0.7567307692307692
0.7375
0.7182692307692308
0.7480769230769231
0.7384615384615385
0.7423076923076923
0.7538461538461538
0.7480769230769231
0.7375
0.7615384615384615
0.7548076923076923
0.7480769230769231
0.7490384615384615
0.725
0.7528846153846154
0.75
0.7365384615384616
0.7192307692307692
0.7403846153846154
0.7307692307692307
0.7471153846153846
0.75
0.7634615384615384
0.7625
0.7673076923076924
0.7519230769230769
0.7644230769230769
0.7538461538461538
0.7625
0.7567307692307692
0.7528846153846154
0.7653846153846153
0.7490384615384615
0.7442307692307693
0.7586538461538461
0.7596153846153846
0.760576923076923
0.7519230769230769
0.7384615384615385
0.75
0.7278846153846154
0.7548076923076923
0.7461538461538462
0.7384615384615385
0.7548076923076923
0.7634615384615384
0.760576923076923
0.75
0.7567307692307692
0.7365384615384616
0.7384615384615385
0.7557692307692307
0.7557692307692307
0.7509615384615385
0.7634615384615384
0.7673076923076924
0.7673076923076924
0.7692307692307693
0.7625
0.7567307692307692
0.7480769230769231
0.7384615384615385
0.7384615384615385
0.7586538461538461
0.7682692307692308
0.75
0.7461538461538462
0.7538461538461538
0.7576923076923077
0.7480769230769231
0.7240384615384615
0.7442307692307693
0.7615384615384615
0.7701923076923077
0.7663461538461539
0.7644230769230769
0.7673076923076924
0.7682692307692308
0.7653846153846153
0.7673076923076924
0.7730769230769231
0.7490384615384615
0.7557692307692307
0.7557692307692307
0.7615384615384615
0.7548076923076923
0.7653846153846153
0.7586538461538461
0.7480769230769231
0.7567307692307692
0.7625
0.7596153846153846
0.7586538461538461
0.7596153846153846
0.7730769230769231
0.7692307692307693
0.7692307692307693
0.7634615384615384
0.775
0.7682692307692308
0.7721153846153846
0.7653846153846153
0.7557692307692307
0.7701923076923077
0.75
0.7586538461538461
0.7682692307692308
0.7625
0.7548076923076923
0.7682692307692308
0.7711538461538462
0.7644230769230769
0.7576923076923077
0.7471153846153846
0.7692307692307693
0.7730769230769231
0.7538461538461538
0.739423076923077
0.7596153846153846
0.7461538461538462
0.7596153846153846
0.7663461538461539
0.7769230769230769
0.775
0.7769230769230769
0.7711538461538462
0.7778846153846154
0.7663461538461539
0.7740384615384616
0.7701923076923077
0.7682692307692308
0.775
0.7711538461538462
0.7625
0.7682692307692308
0.7692307692307693
0.7673076923076924
0.7721153846153846
0.7471153846153846
0.760576923076923
0.7509615384615385
0.7701923076923077
0.7644230769230769
0.760576923076923
0.7711538461538462
0.7692307692307693
0.7759615384615385
0.7644230769230769
0.7663461538461539
0.7509615384615385
0.7644230769230769
0.7576923076923077
0.7596153846153846
0.7528846153846154
0.7673076923076924
0.7692307692307693
0.7759615384615385
0.7711538461538462
0.7673076923076924
0.7711538461538462
0.7615384615384615
0.75
0.7432692307692308
0.7557692307692307
0.7682692307692308
0.7557692307692307
0.7567307692307692
0.7557692307692307
0.7663461538461539
0.7586538461538461
0.7355769230769231
0.75
0.7692307692307693
0.7778846153846154
0.7759615384615385
0.7682692307692308
0.775
0.7740384615384616
0.775
0.7740384615384616
0.7826923076923077
0.7538461538461538
0.760576923076923
0.7663461538461539
0.7663461538461539
0.7663461538461539
0.7740384615384616
0.7701923076923077
0.7596153846153846
0.7615384615384615
0.7634615384615384
0.7692307692307693
0.7625
0.7634615384615384
0.7769230769230769
0.7730769230769231
0.7778846153846154
0.775
0.7730769230769231
0.7740384615384616
0.7778846153846154
0.7682692307692308
0.7615384615384615
0.7788461538461539
0.7653846153846153
0.7711538461538462
0.7769230769230769
0.7692307692307693
0.7673076923076924
0.7721153846153846
0.7730769230769231
0.7644230769230769
0.7634615384615384
0.7480769230769231
0.7730769230769231
0.7663461538461539
0.760576923076923
0.7509615384615385
0.760576923076923
0.7442307692307693
0.7644230769230769
0.7711538461538462
0.7807692307692308
0.7769230769230769
0.7759615384615385
0.7730769230769231
0.7788461538461539
0.7692307692307693
0.7759615384615385
0.7721153846153846
0.7692307692307693
0.7711538461538462
0.7730769230769231
0.7701923076923077
0.7673076923076924
0.7682692307692308
0.7682692307692308
0.7721153846153846
0.7557692307692307
0.7615384615384615
0.7576923076923077
0.7730769230769231
0.7740384615384616
0.7673076923076924
0.7740384615384616
0.7759615384615385
0.7673076923076924
0.7682692307692308
0.7701923076923077
0.7596153846153846
