0.05096153846153846
0.15384615384615385
0.2076923076923077
0.20576923076923076
0.17403846153846153
0.26634615384615384
0.2701923076923077
0.33653846153846156
0.3298076923076923
0.3451923076923077
0.3625
0.3384615384615385
0.3596153846153846
0.40384615384615385
0.39807692307692305
0.37115384615384617
0.38653846153846155
0.4076923076923077
0.40673076923076923
0.40384615384615385
0.375
0.35865384615384616
0.3894230769230769
0.41634615384615387
0.44134615384615383
0.4461538461538462
0.4528846153846154
0.37596153846153846
0.4576923076923077
0.4875
0.46826923076923077
0.47596153846153844
0.46923076923076923
0.46057692307692305
0.4875
0.42403846153846153
0.4798076923076923
0.510576923076923
0.5451923076923076
0.5048076923076923
0.5057692307692307
0.5115384615384615
0.5644230769230769
0.5442307692307692
0.5817307692307693
0.5615384615384615
0.5644230769230769
0.5576923076923077
0.5403846153846154
0.5384615384615384
0.5144230769230769
0.5663461538461538
0.5586538461538462
0.5528846153846154
0.5326923076923077
0.5490384615384616
0.5701923076923077
0.5778846153846153
0.5673076923076923
0.5807692307692308
0.5951923076923077
0.5788461538461539
0.5740384615384615
0.5548076923076923
0.5365384615384615
0.5769230769230769
0.575
0.5894230769230769
0.5076923076923077
0.575
0.5490384615384616
0.5596153846153846
0.573076923076923
0.5663461538461538
0.5951923076923077
0.5855769230769231
0.5913461538461539
0.5932692307692308
0.5875
0.5807692307692308
0.6
0.6211538461538462
0.6086538461538461
0.5903846153846154
0.5788461538461539
0.6153846153846154
0.5846153846153846
0.6019230769230769
0.5759615384615384
0.5634615384615385
0.6173076923076923
0.6298076923076923
0.635576923076923
0.6326923076923077
0.5865384615384616
0.5875
0.614423076923077
0.6076923076923076
0.5778846153846153
0.6076923076923076
0.6096153846153847
0.6413461538461539
0.5894230769230769
0.6278846153846154
0.6240384615384615
0.6048076923076923
0.6557692307692308
0.6663461538461538
0.6625
0.6259615384615385
0.6451923076923077
0.6326923076923077
0.6307692307692307
0.6278846153846154
0.6778846153846154
0.6384615384615384
0.6288461538461538
0.6336538461538461
0.6634615384615384
0.6519230769230769
0.6019230769230769
0.5682692307692307
0.6384615384615384
0.6432692307692308
0.6625
0.6528846153846154
0.6846153846153846
0.6663461538461538
0.6692307692307692
0.6817307692307693
0.6605769230769231
0.6576923076923077
0.6173076923076923
0.6365384615384615
0.6461538461538462
0.6298076923076923
0.6230769230769231
0.6480769230769231
0.6528846153846154
0.6038461538461538
0.6586538461538461
0.6596153846153846
0.6817307692307693
0.6692307692307692
0.6817307692307693
0.6711538461538461
0.6528846153846154
0.6576923076923077
0.6567307692307692
0.6413461538461539
0.6461538461538462
0.6548076923076923
0.6432692307692308
0.6326923076923077
0.6423076923076924
0.65
0.6375
0.6548076923076923
0.6625
0.6490384615384616
0.6711538461538461
0.6432692307692308
0.6759615384615385
0.6875
0.6451923076923077
0.6625
0.6836538461538462
0.6596153846153846
0.6365384615384615
0.6548076923076923
0.6298076923076923
0.6451923076923077
0.6451923076923077
0.6740384615384616
0.6701923076923076
0.6730769230769231
0.6644230769230769
0.6288461538461538
0.6413461538461539
0.6461538461538462
0.6692307692307692
0.6836538461538462
0.6759615384615385
0.6730769230769231
0.6634615384615384
0.6817307692307693
0.6894230769230769
0.6836538461538462
0.6576923076923077
0.6278846153846154
0.6653846153846154
0.6384615384615384
0.6682692307692307
0.6721153846153847
0.6538461538461539
0.6692307692307692
0.6923076923076923
0.6759615384615385
0.6701923076923076
0.6807692307692308
0.6423076923076924
0.6528846153846154
0.6644230769230769
0.6730769230769231
0.6673076923076923
0.6875
0.6951923076923077
0.7
0.6961538461538461
0.6730769230769231
0.6711538461538461
0.6471153846153846
0.6538461538461539
0.6653846153846154
0.6884615384615385
0.6778846153846154
0.6451923076923077
0.6538461538461539
0.6865384615384615
0.6961538461538461
0.6721153846153847
0.6403846153846153
0.6836538461538462
0.6682692307692307
0.6951923076923077
0.7019230769230769
0.7067307692307693
0.7038461538461539
0.6942307692307692
0.6932692307692307
0.6971153846153846
0.6913461538461538
0.6663461538461538
0.6884615384615385
0.6951923076923077
0.6923076923076923
0.6923076923076923
0.6884615384615385
0.6653846153846154
0.6692307692307692
0.6721153846153847
0.6692307692307692
0.675
0.6692307692307692
0.6721153846153847
0.6778846153846154
0.675
0.6778846153846154
0.6625
0.6634615384615384
0.6625
0.6692307692307692
0.6605769230769231
0.6451923076923077
0.675
0.6971153846153846
0.6807692307692308
0.6798076923076923
0.6653846153846154
0.6923076923076923
0.6836538461538462
0.6788461538461539
0.6836538461538462
0.6432692307692308
0.6288461538461538
0.6673076923076923
0.6701923076923076
0.6596153846153846
0.6317307692307692
0.6461538461538462
0.6490384615384616
0.6682692307692307
0.6894230769230769
0.6701923076923076
0.6894230769230769
0.6605769230769231
0.675
0.6798076923076923
0.6663461538461538
0.6730769230769231
0.6903846153846154
0.6894230769230769
0.7019230769230769
0.7096153846153846
0.6923076923076923
0.698076923076923
0.6923076923076923
0.6846153846153846
0.6846153846153846
0.6586538461538461
0.7028846153846153
0.6875
0.6913461538461538
0.6951923076923077
0.698076923076923
0.6942307692307692
0.6903846153846154
0.6961538461538461
0.6711538461538461
0.6855769230769231
0.6528846153846154
0.6644230769230769
0.6855769230769231
0.6990384615384615
0.6788461538461539
0.698076923076923
0.7
0.7048076923076924
0.7028846153846153
0.6836538461538462
0.6884615384615385
0.6759615384615385
0.6605769230769231
0.6625
0.7048076923076924
0.6903846153846154
0.6836538461538462
0.6798076923076923
0.6807692307692308
0.6817307692307693
0.6634615384615384
0.5913461538461539
0.675
0.6759615384615385
0.6884615384615385
0.6865384615384615
0.6894230769230769
0.6894230769230769
0.6894230769230769
0.6990384615384615
0.7
0.698076923076923
0.6903846153846154
0.6913461538461538
0.6875
0.6846153846153846
0.6846153846153846
0.6826923076923077
0.6923076923076923
0.6778846153846154
0.6855769230769231
0.6903846153846154
0.6894230769230769
0.6836538461538462
0.698076923076923
0.7028846153846153
0.698076923076923
0.7048076923076924
0.7028846153846153
0.698076923076923
0.7009615384615384
0.7048076923076924
0.6932692307692307
0.6846153846153846
0.6942307692307692
0.6855769230769231
0.6971153846153846
0.6971153846153846
0.698076923076923
0.7038461538461539
0.7067307692307693
0.6961538461538461
0.6846153846153846
0.7096153846153846
0.6807692307692308
0.698076923076923
0.6951923076923077
0.6759615384615385
0.6634615384615384
0.676923076923077
0.6336538461538461
0.6846153846153846
0.7028846153846153
0.7038461538461539
0.6990384615384615
0.6798076923076923
0.6913461538461538
0.6951923076923077
0.6990384615384615
0.7009615384615384
0.6990384615384615
0.7048076923076924
0.7048076923076924
0.7105769230769231
0.7067307692307693
0.7163461538461539
0.7115384615384616
0.7096153846153846
0.7057692307692308
0.6663461538461538
0.7009615384615384
0.6971153846153846
0.7134615384615385
0.7076923076923077
0.7028846153846153
0.7028846153846153
0.7096153846153846
0.7076923076923077
0.7038461538461539
0.7105769230769231
0.7038461538461539
