0.041346153846153845
0.08557692307692308
0.12788461538461537
0.14615384615384616
0.17115384615384616
0.19326923076923078
0.19807692307692307
0.2048076923076923
0.22788461538461538
0.2644230769230769
0.2980769230769231
0.35
0.3721153846153846
0.38653846153846155
0.39615384615384613
0.40673076923076923
0.4
0.40576923076923077
0.40865384615384615
0.4153846153846154
0.4201923076923077
0.44326923076923075
0.45
0.45096153846153847
0.44134615384615383
0.4403846153846154
0.4528846153846154
0.45384615384615384
0.4519230769230769
0.46153846153846156
0.46634615384615385
0.47596153846153844
0.4846153846153846
0.4980769230769231
0.5134615384615384
0.5221153846153846
0.5384615384615384
0.5490384615384616
0.5490384615384616
0.5528846153846154
0.5567307692307693
0.5615384615384615
0.5615384615384615
0.5567307692307693
0.5586538461538462
0.5586538461538462
0.5538461538461539
0.5567307692307693
0.5673076923076923
0.573076923076923
0.573076923076923
0.575
0.5769230769230769
0.5798076923076924
0.5836538461538462
0.5903846153846154
0.5884615384615385
0.5913461538461539
0.5932692307692308
0.5942307692307692
0.5942307692307692
0.5923076923076923
0.5951923076923077
0.5942307692307692
0.5894230769230769
0.5894230769230769
0.5903846153846154
0.5894230769230769
0.5894230769230769
0.5894230769230769
0.5913461538461539
0.5932692307692308
0.5961538461538461
0.5942307692307692
0.6
0.5990384615384615
0.5980769230769231
0.5990384615384615
0.6028846153846154
0.6028846153846154
0.5980769230769231
0.5971153846153846
0.5980769230769231
0.5980769230769231
0.6
0.6009615384615384
0.6038461538461538
0.6038461538461538
0.6038461538461538
0.6048076923076923
0.6057692307692307
0.6067307692307692
0.6086538461538461
0.6086538461538461
0.6125
0.6173076923076923
0.6240384615384615
0.6288461538461538
0.6298076923076923
0.6336538461538461
0.6384615384615384
