0.03653846153846154
0.14423076923076922
0.1701923076923077
0.2201923076923077
0.19230769230769232
0.27403846153846156
0.2971153846153846
0.35865384615384616
0.34326923076923077
0.38846153846153847
0.4153846153846154
0.40865384615384615
0.4355769230769231
0.4125
0.4653846153846154
0.46634615384615385
0.48365384615384616
0.5057692307692307
0.5125
0.5269230769230769
0.5067307692307692
0.5
0.5326923076923077
0.5067307692307692
0.551923076923077
0.5586538461538462
0.5644230769230769
0.5826923076923077
0.5826923076923077
0.6028846153846154
0.6067307692307692
0.6038461538461538
0.5942307692307692
0.6009615384615384
0.6230769230769231
0.5951923076923077
0.5807692307692308
0.6307692307692307
0.6519230769230769
0.6163461538461539
0.6423076923076924
0.6442307692307693
0.6586538461538461
0.6625
0.6884615384615385
0.6721153846153847
0.6682692307692307
0.6778846153846154
0.6673076923076923
0.6788461538461539
0.6586538461538461
0.6798076923076923
0.6692307692307692
0.6519230769230769
0.6692307692307692
0.6740384615384616
0.6759615384615385
0.7115384615384616
0.7144230769230769
0.7048076923076924
0.7086538461538462
0.7067307692307693
0.6932692307692307
0.6846153846153846
0.6740384615384616
0.6932692307692307
0.6903846153846154
0.6855769230769231
0.6634615384615384
0.6961538461538461
0.7009615384615384
0.7086538461538462
0.6932692307692307
0.7173076923076923
0.7153846153846154
0.7336538461538461
0.7221153846153846
0.725
0.7125
0.725
0.7307692307692307
0.725
0.7326923076923076
0.7221153846153846
0.7096153846153846
0.7201923076923077
0.7144230769230769
0.7346153846153847
0.7144230769230769
0.7028846153846153
0.7173076923076923
0.7038461538461539
0.7144230769230769
0.7163461538461539
0.7096153846153846
0.7163461538461539
0.7355769230769231
0.7298076923076923
0.7134615384615385
0.7355769230769231
0.7038461538461539
0.7105769230769231
0.7144230769230769
0.7221153846153846
0.7105769230769231
0.7259615384615384
0.7269230769230769
0.7423076923076923
0.7355769230769231
0.7355769230769231
0.7317307692307692
0.7298076923076923
0.7230769230769231
0.7201923076923077
0.7471153846153846
0.7480769230769231
0.7423076923076923
0.7509615384615385
0.7471153846153846
0.7528846153846154
0.7307692307692307
0.7336538461538461
0.7346153846153847
0.7384615384615385
0.7509615384615385
0.7471153846153846
0.7519230769230769
0.7567307692307692
0.7576923076923077
0.7461538461538462
0.7538461538461538
0.7509615384615385
0.7538461538461538
0.7471153846153846
0.7519230769230769
0.7298076923076923
0.7288461538461538
0.7480769230769231
0.7519230769230769
0.7461538461538462
0.7432692307692308
0.7471153846153846
0.7586538461538461
0.7567307692307692
0.7615384615384615
0.7663461538461539
0.7634615384615384
0.7644230769230769
0.7567307692307692
0.7596153846153846
0.7432692307692308
0.7596153846153846
0.7509615384615385
0.7317307692307692
0.7490384615384615
0.7403846153846154
0.7528846153846154
0.7663461538461539
0.7634615384615384
0.7692307692307693
0.7721153846153846
0.7701923076923077
0.7586538461538461
0.7557692307692307
0.7442307692307693
0.7682692307692308
0.760576923076923
0.7490384615384615
0.7538461538461538
0.760576923076923
0.7548076923076923
0.7615384615384615
0.7615384615384615
0.7721153846153846
0.7663461538461539
0.7673076923076924
0.7596153846153846
0.7721153846153846
0.7711538461538462
0.7730769230769231
0.7740384615384616
0.775
0.7740384615384616
0.7673076923076924
0.7673076923076924
0.775
0.7721153846153846
0.7740384615384616
0.7538461538461538
0.7548076923076923
0.7576923076923077
0.7490384615384615
0.760576923076923
0.7519230769230769
0.7557692307692307
0.760576923076923
0.7692307692307693
0.7615384615384615
0.7576923076923077
0.7740384615384616
0.7471153846153846
0.7519230769230769
0.7548076923076923
0.7567307692307692
0.7567307692307692
0.7682692307692308
0.7730769230769231
0.7740384615384616
0.7711538461538462
0.7701923076923077
0.7692307692307693
0.7596153846153846
0.7490384615384615
0.7528846153846154
0.7673076923076924
0.7682692307692308
0.7721153846153846
0.7615384615384615
0.7634615384615384
0.7673076923076924
0.760576923076923
0.7567307692307692
0.7596153846153846
0.7644230769230769
0.7759615384615385
0.7807692307692308
0.7701923076923077
0.7875
0.7798076923076923
0.7759615384615385
0.7788461538461539
0.7817307692307692
0.7692307692307693
0.7701923076923077
0.7730769230769231
0.7673076923076924
0.7634615384615384
0.775
0.7769230769230769
0.7673076923076924
0.7673076923076924
0.7711538461538462
0.7692307692307693
0.7682692307692308
0.7759615384615385
0.7836538461538461
0.7807692307692308
0.7798076923076923
0.7778846153846154
0.7817307692307692
0.7701923076923077
0.7855769230769231
0.7788461538461539
0.7625
0.7711538461538462
0.7634615384615384
0.7769230769230769
0.7759615384615385
0.775
0.7798076923076923
0.7846153846153846
0.7855769230769231
0.7826923076923077
0.7769230769230769
0.760576923076923
0.7798076923076923
0.7692307692307693
0.7682692307692308
0.7634615384615384
0.7701923076923077
0.7682692307692308
0.775
0.775
0.7846153846153846
0.7730769230769231
0.7807692307692308
0.7798076923076923
0.7894230769230769
0.7875
0.7980769230769231
0.7942307692307692
0.7865384615384615
0.7846153846153846
0.7846153846153846
0.7817307692307692
0.7817307692307692
0.7836538461538461
0.7836538461538461
0.7759615384615385
0.7740384615384616
0.7730769230769231
0.760576923076923
0.7711538461538462
0.7663461538461539
0.7653846153846153
0.775
0.7817307692307692
0.775
0.7721153846153846
0.7836538461538461
0.7634615384615384
0.7692307692307693
0.7663461538461539
0.7701923076923077
0.7692307692307693
0.7817307692307692
0.7807692307692308
0.7778846153846154
0.7788461538461539
0.7759615384615385
0.775
0.7673076923076924
0.7653846153846153
0.760576923076923
0.7721153846153846
0.7692307692307693
0.7769230769230769
0.7740384615384616
0.7730769230769231
0.7759615384615385
0.7673076923076924
0.7701923076923077
0.7701923076923077
0.7769230769230769
0.7798076923076923
0.7826923076923077
0.7836538461538461
0.7903846153846154
0.7884615384615384
0.7913461538461538
0.7875
0.7884615384615384
0.7778846153846154
0.7836538461538461
0.7846153846153846
0.7807692307692308
0.7807692307692308
0.7865384615384615
0.7826923076923077
0.7682692307692308
0.7701923076923077
0.7778846153846154
0.7769230769230769
0.7788461538461539
0.7778846153846154
0.7903846153846154
0.7884615384615384
0.7884615384615384
0.7903846153846154
0.7884615384615384
0.7846153846153846
0.7951923076923076
0.7913461538461538
0.7778846153846154
0.7836538461538461
0.7759615384615385
0.7884615384615384
0.7855769230769231
0.7826923076923077
0.7826923076923077
0.7865384615384615
0.7894230769230769
0.7846153846153846
0.7759615384615385
0.7701923076923077
0.7846153846153846
0.7798076923076923
0.7730769230769231
0.7730769230769231
0.7701923076923077
0.7721153846153846
0.7846153846153846
0.7778846153846154
0.7884615384615384
0.7884615384615384
0.7826923076923077
0.7817307692307692
0.7913461538461538
0.7942307692307692
0.8
0.7990384615384616
0.7971153846153847
0.7932692307692307
0.7923076923076923
0.7865384615384615
0.7894230769230769
0.7875
0.7894230769230769
0.7817307692307692
0.7778846153846154
0.7759615384615385
0.7634615384615384
0.7807692307692308
0.7740384615384616
0.7701923076923077
0.7798076923076923
0.7855769230769231
0.7807692307692308
0.7788461538461539
0.7913461538461538
0.7740384615384616
