0.46544479170851966
0.08869326296200798
0.05349557598582331
0.04425565538712757
0.04100601946663442
0.03937058158459446
0.03808058817108871
0.036947157616639296
0.036454823020855544
0.03589524435072011
0.03521810230454955
0.03465705211720221
0.03435025098434887
0.0341918207091637
0.0336405795467675
0.033486441558055156
0.03307062498831624
0.03263351892199849
0.032066903948533676
0.031892329789622004
0.03195419753989434
0.03191242865673138
0.03147942124154114
0.031228123278375618
0.030882733233735957
0.03057289641370532
0.029967462241068284
0.02964862168273967
0.029197653574612757
0.028945186085525737
0.028556543441115263
0.028400965981602282
0.028498775846102494
0.02822730476280372
0.027778380092834627
0.02780131993021081
0.027577187682262087
0.027270043364243844
0.026791237903446383
0.02667896666694581
0.02649680520253785
0.026175742189777154
0.02584938879964621
0.02567435359378398
0.02534039636528294
0.025131494103479934
0.025068768861596098
0.02483873984982178
0.024838845669924493
0.024720187125259974
0.02464229427826117
0.02458618738307823
0.024703971710199033
0.024750572407753885
0.024756648319551697
0.024454757427938057
0.02422284764472107
0.023644779156169814
0.023395918441098756
0.023296976544242794
0.023346802196054024
0.023523601113608773
0.023235703481162134
0.023194423701592647
0.02333322158318819
0.023200808841182904
0.023440449790852705
0.023474738328360407
0.023745086959576236
0.0232268427523029
0.023226748952258274
0.022843528889114742
0.02302430852824797
0.022700627947445765
0.022371531558100986
0.02220237098432798
0.022127196920949485
0.022121192895583196
0.022173612096169918
0.021854308207330666
0.021611425908753895
0.021540337026753707
0.021557204005626104
0.02143522568013798
0.021524573223541087
0.021351489301630288
0.021305327022009324
0.021196549618222562
0.02132691826833492
0.021411595630162077
0.021054245773400933
0.021105482905663844
0.021016070753089446
0.020828030792661132
0.020682131313412098
0.02056443021326269
0.02054810408065136
0.02054456994965164
0.020413056233168587
0.020240164988478367
0.020399571466861905
0.020248061874608175
0.02056938911341098
0.02066938295540425
0.0209135331172498
0.020566138044093494
0.02044075008220172
0.020177841992836603
0.020237989622237555
0.020210571553195857
0.020107515934559846
0.02011565383734024
0.020176996774439713
0.020145227331720774
0.01973232795136029
0.019966395190686322
0.01966697859069971
0.019675086263531583
0.019462765860061914
0.019582259724424043
0.01990078677073874
0.02001429282262348
0.019913701323043476
0.01991009301122862
0.01976571207791103
0.019749906515224604
0.019668938131341997
0.019596643508582406
0.019387413991564118
0.01934730187535857
0.01930803558221475
0.019432240891024834
0.019672969886984405
0.019595243421351133
0.019424746878657438
0.019591047557405494
0.01972808885398935
0.019500629611228577
0.019251765180443955
0.01919395615075951
0.01905002469434223
0.01898528802011194
0.018788678355064953
0.018786682414451233
0.018729316320856337
0.018592520898944226
0.018619594491185856
0.018637639647510796
0.018751958736047805
0.01864109580928483
0.018633621191818144
0.018636498842328778
0.018808891034694887
0.018905384829587427
0.018911611061851467
0.01881651091651589
0.018629594270337314
0.018261907992766464
0.018195304166386487
0.018207118509225052
0.018246843729754693
0.01841078174047708
0.01832116215315373
0.01831688267574371
0.018508711105838994
0.018422114957552572
0.018691363066913984
0.018790565735391316
0.018953410470041072
0.01867421207694224
0.018813154221745745
0.018446213968156207
0.01860628758968576
0.018468222178667264
0.018300030179485303
0.018215496767875827
0.018166603133022846
0.018171847332730393
0.01824463691788912
0.01807142216578458
0.01792928606219174
0.017938376642121955
0.018001882645193323
0.017932230930072714
0.01798992531717233
0.01787010066044769
0.017838353788673558
0.017795480371598917
0.01797417006566582
0.018126802872219936
0.01793213346989639
0.01794796737208974
0.017886358367530913
0.017774507445142706
0.017713361500655837
0.017649656290710462
0.017633833814295525
0.017621311012642586
0.017560186546514457
0.017468823986514233
0.01760351552606287
0.017524248247801223
0.017773717773354993
0.017809067270756807
0.017948017215420303
0.017690874225575734
0.01757660369414739
0.017498561451422225
0.017522272736028372
0.01752179412515595
0.017489094973299334
0.017521036970032107
0.017593853782204735
0.017598495769932845
0.017257895297117295
0.017472035153151412
0.017282274801269194
0.017324331263650693
0.017195827911977626
0.017337357649431017
0.0175908099084044
0.017732423729718578
0.01766431997601559
0.017578121425811388
0.017468504283910412
0.017479867165691606
0.01743265383229768
0.01736455655607459
0.017196925678878767
0.017160938774638392
0.01716728008615942
0.01730979438507785
0.01751482443500197
0.017482067929941253
0.017365881307862145
0.01749876571684191
0.017657652211758273
0.017465183358954396
0.017285069273668293
0.01723700545460377
0.01711749827315846
0.017097096457774155
0.016976054945255666
0.016986581954161153
0.016972273307875478
0.016852854388789987
0.016877918764473632
0.01689935571787063
0.0169795966095137
0.016881854387759177
0.016861302145082736
0.016866062294455444
0.017000419892722538
0.017098373151406148
0.017101644872772
0.017049163049167045
0.016891889917845532
0.01668040585140011
0.016642716816633183
0.016659957835912242
0.016677390823118744
0.016801226013556155
0.016766673227272624
0.01676443287409573
0.01695100378627757
0.016863635216688308
0.017107686379335543
0.01722888077955212
0.017359516979804004
0.01714256046674028
0.017299888382712264
0.016954368791309
0.017063873398447504
0.016977316733832643
0.016859747076814396
0.016823628861996016
0.01676777433399073
0.01677265604968045
0.01680583590517504
0.01668956469866037
0.01660049208247199
0.01661284593003707
0.016669498643303932
0.01660746456193244
0.016636543657864922
0.01653818592935141
0.01651172677152617
0.016470317686955234
0.016625333850548072
0.01676551136778912
0.016667119189128294
0.01667395110056537
0.01662143551838044
0.0165343002145805
0.01649200221988503
0.01646987520740703
0.016463779393585877
0.016449790627412572
0.01641316595035023
0.016359551236398682
0.016478551655293244
0.016423007824916146
0.016624652563752042
0.016626093626021132
0.016717756901820265
0.0165195310040124
0.016414700026230838
0.016398465798423772
0.01639915258650493
0.016392932944400435
0.01638380248979794
0.01641928107253891
0.01648994841482878
0.016522996268651096
0.016223798079864148
0.01642034067969677
0.016291550535558686
0.016338718744212662
0.016246064774984952
0.01637962102333216
0.016592341970626798
0.0167582414572944
0.016697321466076723
0.01657073059583859
0.016479014688993772
0.016495361525539952
0.01645308032404063
0.016381040922484852
0.016220551487121072
0.016190863908098155
0.01620765102121445
0.016345375780380863
0.01652123172165285
0.016495141467303485
0.016404796251018487
0.016507614999716907
0.016653494997771554
0.016493537382473764
0.01634752706882715
0.01631896945814741
0.01622535423136232
0.016221271031547618
0.016137580757837885
0.01614818611495718
0.016144851013172503
0.01603827695195373
0.01606377644069239
0.01607741371655783
0.01613626107412304
0.01604945846826241
0.016023849792925437
0.01602746061639815
0.016135547897713348
0.016223808942941252
0.016224181362947142
0.01619430151970442
0.016057669867074867
0.015927128764532034
0.015904266753573232
0.015918893938033744
0.015926430197400563
0.016023148147242712
0.016006318387361423
0.01599900742948132
0.016179729746521297
0.016100540094368187
0.016311009838764306
0.016439166485492367
0.016571542475009412
0.016390353363555422
0.016557330503595306
0.016233062052969923
0.016306392714647733
0.016236315450446126
0.01614093858503333
0.016143093594585517
0.016077713953056492
0.0160867816742486
0.01608461326869926
0.01599747607554456
0.01593447200943902
0.01594284551154148
0.015988606822166143
0.015928766841982467
0.015943963459276837
0.015859952566466533
0.015834901999182874
0.015789668407596855
0.015922830138174176
0.016044421090396728
0.015991696295326298
0.015998504173468004
0.01595266830055634
0.01588007299154837
0.015844924484518713
0.015845875276780424
0.015848140242532567
0.01583801179339449
0.01581039119078013
0.015777860297295276
0.01589032312021031
