0.4638087115996425
0.04795472502081586
0.040178154599672444
0.03729835009070369
0.04745073600970816
0.03680382213875651
0.03603692089005887
0.034456693701170917
0.03203918384148857
0.0318643410178671
0.029350889123776907
0.03054043596836473
0.03233937312226393
0.03184587956561914
0.03165681672419872
0.031945250887070634
0.03119269404451809
0.030076720538315043
0.029366265733002758
0.03005037811168033
0.03242589424556837
0.034422325385698505
0.03005660810635953
0.03220673848673444
0.02790596493102815
0.027445893754859126
0.028798257960213115
0.03040955256112779
0.026823565360782384
0.02578012313540361
0.026792540162416827
0.025665310524285306
0.03137556347062426
0.02758701182249509
0.024353807068979345
0.026580664955833316
0.02517556084416048
0.025109712279755475
0.023730764495433387
0.027284137723924084
0.024247747405424198
0.023330312674070108
0.021643643174044467
0.022916599362247953
0.021633958499161898
0.024259847721821142
0.022171938510751353
0.02263966731563915
0.023971425972462077
0.02336431280831677
0.025073752391754307
0.023071318322329133
0.023347209610207434
0.025219031360716165
0.024282331534872425
0.023515962892710837
0.02275170576027012
0.02136044284144929
0.020607184811137907
0.022160764031644707
0.021163891195237906
0.02228906380358237
0.022237830083427505
0.023627945707008335
0.023901201042923533
0.023330796954623156
0.023333471189823318
0.02419067502435461
0.025569237813620263
0.023674504349500747
0.022838967336753672
0.022441930804369355
0.023597742291359115
0.02292912312249035
0.02176148976974897
0.020256338567828377
0.019424685774515085
0.02106229137371417
0.02218994067811976
0.021439711013106308
0.020624773183804193
0.020602769994101083
0.020039492431735265
0.019935292579747656
0.020477670116520304
0.020354628099526758
0.020593359380000984
0.019889707600613562
0.02243984089794027
0.02364641493100699
0.02039968747708762
0.02137684257668241
0.019820702373526847
0.01931889533566933
0.020395879321804155
0.019911406684997815
0.020686625013741237
0.020911969107565983
0.023010779873109257
0.021404707577283816
0.023419268127945748
0.021515021662773415
0.020866170479564936
0.019611658381569776
0.02157521819474517
0.020613326920587552
0.019832491891117764
0.018146725209765943
0.01832426981444183
0.018797902864069013
0.018279960907511147
0.02016493658031083
0.02166536271768655
0.020819796060261436
0.018282146747859107
0.020298510278345866
0.021150294115636653
0.019831525706186886
0.0193713072792806
0.020323095441907454
0.02231122203693401
0.023854286942815956
0.020545242132566408
0.019384433631241527
0.019104346527718943
0.01952848421057701
0.019376664963386896
0.018659153280436776
0.018483866189904084
0.01787105999985368
0.01813235287472701
0.018832060729088
0.021228441580719345
0.020220527221835462
0.019087985858378655
0.019479086406217008
0.019305105640888075
0.018637723540378234
0.01880062513837953
0.02076368142467543
0.018804248609305307
0.018972147983146056
0.01830216989924531
0.018291625614820818
0.01797715364069465
0.018070163469146968
0.018475970501697116
0.01926138363587398
0.01864954457323332
0.01853136800953714
0.019133746633108035
0.019146698572566654
0.02074990630785033
0.02038529918058049
0.018821587058349153
0.019639633524044835
0.020033131186096568
0.01890388350229734
0.018947836613851583
0.019999980922375864
0.01864872005240421
0.01956712257708316
0.01915307048060207
0.020654206738047694
0.022988290725369637
0.020614916717121037
0.02013716318540857
0.022446212107701636
0.02285852675763037
0.021722426224335033
0.021930000175527067
0.02021235398227346
0.020078620212433645
0.02138298290707925
0.01993014491364082
0.020145146110702037
0.019192692493768506
0.020299502016360008
0.02060915094542574
0.01994788500117703
0.018725761162004834
0.019130185855410996
0.01934702314075458
0.018715319537361434
0.0186069719905033
0.018785078056328005
0.018742118797418272
0.018088848477587734
0.0189172139227099
0.021201368206745078
0.0187553669647478
0.019389839526112423
0.018286116947621205
0.01821222300948548
0.018271429351110514
0.018296008058071394
0.01851913943940738
0.019497523244959458
0.019398769059677304
0.019530447751304657
0.02204052065416241
0.01990915025228687
0.019028820972675095
0.018521391386113258
0.019450370645278433
0.0183902997798922
0.017962922661173428
0.01782917783410868
0.01770320387520753
0.018230174287375285
0.017885699372803408
0.018316657284165757
0.019883382502501674
0.01903454514810271
0.017339236568818094
0.018567262640909247
0.02000790608753676
0.018989288613141107
0.01823346361349788
0.01859667487230939
0.02035889805423603
0.021839302653995456
0.019144612688114744
0.01872388070657275
0.01853960149224015
0.018655950439258863
0.018422269301718218
0.01789711073756241
0.01786077305308426
0.017491059043983664
0.017524436152323474
0.018132525330314647
0.01932691530670849
0.018418402416333125
0.017916733383578708
0.01840047697057045
0.0181715415695523
0.018272609156773003
0.01815452009267164
0.019565900133572355
0.018560653413767086
0.018343622238769265
0.018461931789533894
0.018173163961841377
0.017766380339992484
0.017235127126622816
0.017599629115824383
0.018400616074629336
0.018629514654513405
0.018231426164015734
0.018429337691793814
0.018334384401918088
0.020112898251970653
0.019673856636961952
0.018442478815896668
0.01921594349942301
0.0193148393992345
0.01862854221535557
0.018344931073461718
0.01852142256287474
0.01824672659702898
0.01856412463023512
0.018186776098425866
0.01816115582323292
0.020989797618787307
0.01955404174307128
0.018992698017335278
0.02000269592134199
0.021027840583538893
0.020735295796845226
0.022112737652290847
0.019368499328500925
0.018660536288062694
0.020048229631457453
0.019317037659282183
0.020569153748076417
0.018787000227778225
0.019840724527079676
0.020129410961019143
0.01936702438830067
0.018161051571672072
0.018601676276291446
0.018713176642594347
0.01834520133241225
0.01826710987607606
0.018324172323054597
0.0182572852276522
0.01788995090336231
0.01828243409241092
0.02066135680869096
0.018226978781083775
0.018947853785801428
0.01806188106940895
0.01779393884947636
0.017526987419330696
0.01761744465094103
0.017753199785700082
0.018218329803296976
0.018018630131724566
0.018229191901969678
0.020070258839940073
0.01940879084970399
0.019102166386532816
0.01844854405917724
0.019242233561609767
0.01762499284780007
0.017573821278557934
0.01763109990956694
0.01753486738169381
0.017739648933772237
0.017594028283808297
0.018274178007219616
0.020068743056954386
0.018878282664093256
0.017395974037813698
0.018515832841335105
0.019673898508391574
0.018876921832939746
0.018171470544295958
0.018826996551139917
0.019478838303966288
0.022106918547626947
0.019132846209342462
0.01813362674082956
0.018345972856589676
0.018551142635331013
0.018279344599891747
0.017515987938461878
0.0173688324311341
0.01731984178865111
0.01731258310893428
0.017907793472510224
0.019031358616253987
0.018285809320553348
0.017823046311601032
0.018162521614350995
0.017946050533142008
0.017983796161327326
0.017684784756842372
0.018968527139804518
0.018372216674450825
0.01827141567970902
0.017832853454210734
0.017966526588429038
0.017553958086378937
0.017062059140804154
0.01737424099802237
0.017819350485094716
0.018314898331443973
0.018003528146509417
0.017757832603522806
0.018054911270247373
0.01951411386365093
0.019253594383151613
0.01808267484568368
0.018868988010180963
0.019038754464905584
0.01868463947686583
0.018006755800189487
0.017838211663883524
0.017858854836809927
0.018159331149441158
0.01816929169032792
0.01820929479167062
0.020158142122201714
0.019404493903922498
0.01935005625210948
0.020413568279968642
0.02153536526548424
0.020130970559948884
0.0220864771608574
0.019191083605098132
0.018625703290863924
0.019553170055088276
0.01861608774870678
0.020227541937716125
0.018476750110027203
0.01961374974585864
0.01981434832551073
0.018914582328637276
0.01785471101550446
0.0179057446400224
0.017731036451189293
0.017677298451843213
0.01761054202459615
0.017414598469238273
0.017452444386741477
0.017176133902788965
0.017498046010763046
0.019658256870907217
0.01776701131000104
0.01821572262046557
0.017908882904579773
0.017584298284774293
0.017127699195721796
0.017164307590475034
0.017327725517804905
0.01777396890709444
0.017504855114801317
0.017725927062517792
0.019041129467664206
