0.46415302475668196
0.5436736588677699
0.6212117412789893
0.6678358989309806
0.7097730991523626
0.7315646790152183
0.794685867209277
0.7988273157663066
0.836789992855664
0.8524445748047699
0.8728278580435931
0.8744720096644537
0.9066580670377253
0.9163859329849628
0.9204956828642864
0.9253156414585921
0.9309956010745222
0.9309860981475507
0.9420304565264247
0.9421978020443944
0.9428885984291687
0.9485839896806347
0.9474643157875539
0.9523688214193851
0.9550203598386678
0.9550648411907682
0.9549952084374737
0.9557993962654591
0.9565676213255447
0.9567812814382327
0.9573277357882233
0.957381840487499
0.9581763257185152
0.9589028809631823
0.9589727151244192
0.9596178625734006
0.9597294013436932
0.9597192825920774
0.9598562426742077
0.959740148721597
0.960458796142742
0.9603085021038659
0.9605362586289857
0.9606628796314801
0.9608185418406869
0.9608412331944148
0.9609627786066886
0.961040635993432
0.9609935460562774
0.9609636814072007
0.9610786378021281
0.9611385913158187
0.9610268334709493
0.9611275968676427
0.9611367641639628
0.9611921927638347
0.9612070570741073
0.9611943074727268
0.9611595097170161
0.9611971844440507
0.9612899571987071
0.9612702472818048
0.9612522181713249
0.9613571656913712
0.9613444334162913
0.9613204154832545
0.9613543203213926
0.9613928898789735
0.9613638549181139
0.9613654510976046
0.9613925234174509
0.9613789480049268
0.961409388774951
0.9614061486468948
0.9613963578107252
0.9614312377634726
0.9614305939299399
0.9614272875478901
0.9614414944055105
0.9614160988447968
0.9614401728108027
0.9614403285885433
0.9614513619530914
0.9614466515487348
0.9614819908690196
0.9614517858885654
0.9614669820129805
0.9614785401081548
0.9614597389527043
0.9614819471035697
0.961458220029965
0.9614676656148169
0.961481554561319
0.9614814896643618
0.9614854131599908
0.9614824469845453
0.9614860320359233
0.9614995667583144
0.9614892825232303
0.9614914376581875
0.9614999627421819
0.9614983890417466
0.9614899616327263
0.9615044895359415
0.9614965304103136
0.9614943027470105
0.9615091565176848
0.9615088669505493
0.9615047932176302
0.9615074398952258
0.9614978985436692
0.9615058727851526
0.961515127503803
0.9615166049786795
0.9615090336470029
0.9615059665328689
0.9615053800394299
0.9615122603810449
0.9615183437351997
0.9615195356726952
0.9615108306727913
0.9615121767451603
0.9615163832906992
0.9615143901085128
0.9615143894827414
0.9615151030173231
0.961517673509089
0.9615242918255923
0.9615202366368619
0.961505735531006
0.9615250341195758
0.9615216721250264
0.9615199186483049
0.9615250893236369
0.961522670378636
0.96152536280933
0.9615194382969838
0.9615235303117922
0.9615253618882503
0.9615249082421399
0.9615257095503398
0.9615174981300953
0.9615254576642984
0.9615258228046653
0.9615198743618513
0.9615276022126122
0.9615232660899059
0.9615275562683984
0.9615248805841953
0.9615272463326868
0.9615272463326868
0.9615272463326868
0.7985332042682859
0.10482808049756477
0.05243901118364562
0.04336499118471049
0.04012654666926682
0.03904805284072657
0.03856200223410751
0.038402458979779244
0.03838586182112455
0.03839952840504133
0.03840871324674864
0.038415560702452944
0.038430366260063076
0.038446368515246125
0.03845771776191043
0.03846302307322134
0.03846308967486447
0.038459984700070206
0.038455467331237086
0.03844934593274977
0.038441525154028724
0.0384323396956449
0.03842227098469894
0.03841135098118118
0.038400304800940074
0.03839014934315906
0.03838081244502406
0.038371306099642614
0.038360193345472776
0.038345573225624596
0.03832793370617294
0.03830831664877122
0.038278889678173195
0.038232455420289475
0.03816981432701165
0.03810324216239752
0.03805366328861839
0.03801733790127393
0.0379744971259594
0.03791557233630865
0.03785155936061518
0.03779284523407696
0.037732963186285155
0.03766951353393002
0.03758522536956874
0.03748243030518842
0.03738477774140968
0.03730947906237576
0.03725272598112469
0.03720173137652696
0.03714588540336508
0.03708717514775061
0.037015091463794746
0.036919985347522534
0.03681162590570864
0.0367140249578294
0.03663540533902613
0.03656259553748661
0.036490496722667895
0.03641890417329999
0.036355217925306826
0.036299504242372785
0.036234401192801226
0.03615630885711195
0.03607454712962771
0.03597222891733922
0.035858235782198156
0.03577046525570427
0.035682037490556234
0.03555876727491065
0.035435594054923795
0.035347735117496885
0.035252313949351896
0.03511379962599033
0.0349361518606859
0.03474387656428988
0.03456655523339988
0.03446590827479147
0.034459464216850116
0.03452122562389026
0.03461508669786122
0.03471777846623786
0.03485959952813361
0.03504198379494911
0.03523985187055372
0.035447906870397936
0.035699225427865036
0.0359992810002377
0.03630549588286138
0.03661874721034631
0.03698385465817951
0.037419068695865865
0.03789699889291504
0.0383660139453689
0.03878640714836959
0.03914217228109667
0.039493944750006636
0.039910888426656535
0.04037793775681796
0.040870396778626625
0.04140020587559798
0.04197735720338808
0.042590559733579836
0.043217075652127894
0.04386410262523579
0.04453973914243947
0.04522850987126242
0.045939371939679924
0.046674843751367656
0.0474357777121324
0.048178234185417605
0.048885568601987596
0.0495646739470859
0.05021845020300423
0.050860956432943825
0.05152102489636748
0.05221719367119671
0.05291140592716116
0.05360480439605529
0.05430197045438317
0.05497963450603249
0.05563131764389867
0.05626172931937265
0.056890281301341133
0.05752637705878105
0.05816343830009388
0.05878706606963877
0.05938611829956664
0.05998458142588745
0.06058687176089828
0.06119307247514509
0.06178379172706
0.062359193123820426
0.0629250135251877
0.06347879492490027
0.06399300683055673
0.06443810779592368
0.0648628404698237
0.06529075526720524
0.06571716370929341
0.06612348831986607
0.06650414869396351
0.06686632032770336
0.0672123243351229
0.06753984254104924
0.06784243271089961
0.06812798325884475
0.06838180221636238
0.06859814407369876
0.06877767688295501