0.03653846153846154
0.12403846153846154
0.1326923076923077
0.1451923076923077
0.1798076923076923
0.2048076923076923
0.20961538461538462
0.22115384615384615
0.2221153846153846
0.2144230769230769
0.23846153846153847
0.2923076923076923
0.27307692307692305
0.29903846153846153
0.3192307692307692
0.3317307692307692
0.3317307692307692
0.3192307692307692
0.29134615384615387
0.35
0.3019230769230769
0.3596153846153846
0.3769230769230769
0.3971153846153846
0.39903846153846156
0.3923076923076923
0.425
0.44519230769230766
0.44326923076923075
0.4355769230769231
0.4403846153846154
0.45576923076923076
0.45576923076923076
0.44519230769230766
0.48173076923076924
0.5
0.47115384615384615
0.5096153846153846
0.49615384615384617
0.5
0.5076923076923077
0.5019230769230769
0.5355769230769231
0.5451923076923076
0.5538461538461539
0.5201923076923077
0.5288461538461539
0.5586538461538462
0.5586538461538462
0.5625
0.5846153846153846
0.5673076923076923
0.5826923076923077
0.5942307692307692
0.5740384615384615
0.5692307692307692
0.5923076923076923
0.5875
0.5980769230769231
0.614423076923077
0.6153846153846154
0.6115384615384616
0.6192307692307693
0.625
0.6394230769230769
0.6375
0.6115384615384616
0.6298076923076923
0.6519230769230769
0.6375
0.6586538461538461
0.6182692307692308
0.6403846153846153
0.6365384615384615
0.6528846153846154
0.6605769230769231
0.6365384615384615
0.6346153846153846
0.6403846153846153
0.6605769230769231
0.6326923076923077
0.6375
0.6375
0.6413461538461539
0.6653846153846154
0.6480769230769231
0.6298076923076923
0.6163461538461539
0.635576923076923
0.6375
0.6451923076923077
0.6394230769230769
0.6480769230769231
0.6201923076923077
0.6326923076923077
0.6490384615384616
0.6461538461538462
0.6394230769230769
0.6336538461538461
0.6403846153846153
0.6509615384615385
0.6403846153846153
0.6605769230769231
0.6490384615384616
0.6557692307692308
0.6605769230769231
0.6346153846153846
0.6307692307692307
0.6538461538461539
0.6576923076923077
0.6394230769230769
0.6461538461538462
0.6423076923076924
0.65
0.6278846153846154
0.635576923076923
0.6538461538461539
0.6326923076923077
0.6692307692307692
0.6519230769230769
0.65
0.6596153846153846
0.6567307692307692
0.6625
0.6259615384615385
0.6221153846153846
0.6346153846153846
0.6384615384615384
0.6480769230769231
0.6326923076923077
0.6394230769230769
0.6221153846153846
0.6326923076923077
0.6278846153846154
0.6230769230769231
0.614423076923077
0.6326923076923077
0.6096153846153847
0.6269230769230769
0.6278846153846154
0.625
0.6153846153846154
0.6182692307692308
0.6163461538461539
0.6317307692307692
0.6201923076923077
0.6153846153846154
0.5980769230769231
0.6096153846153847
0.6
0.6
0.6
0.475
0.4855769230769231
0.5298076923076923
0.5259615384615385
0.5057692307692307
0.48846153846153845
0.47115384615384615
0.4480769230769231
0.43846153846153846
0.43846153846153846
0.4346153846153846
0.4269230769230769
0.42596153846153845
0.42596153846153845
0.4153846153846154
0.4096153846153846
0.40384615384615385
0.4048076923076923
0.4009615384615385
0.3971153846153846
0.3971153846153846
0.3942307692307692
0.39326923076923076
0.3894230769230769
0.3894230769230769
0.38846153846153847
0.3923076923076923
0.39326923076923076
0.3971153846153846
0.39903846153846156
0.4028846153846154
0.40192307692307694
0.4028846153846154
0.39903846153846156
0.40192307692307694
0.40576923076923077
0.41057692307692306
0.41057692307692306
0.4153846153846154
0.4182692307692308
0.4201923076923077
0.4230769230769231
0.42403846153846153
0.4230769230769231
0.425
0.4326923076923077
0.43173076923076925
0.43365384615384617
0.4355769230769231
0.4375
0.4375
0.4394230769230769
0.44134615384615383
0.44134615384615383
0.44134615384615383
0.4442307692307692
0.4442307692307692
0.44519230769230766
0.4442307692307692
0.4480769230769231
0.4480769230769231
0.45
0.45
0.4519230769230769
0.4528846153846154
0.4548076923076923
0.4576923076923077
0.4567307692307692
0.4567307692307692
0.4576923076923077
0.4567307692307692
0.45576923076923076
0.45576923076923076
0.4576923076923077
0.4576923076923077
0.45865384615384613
0.4596153846153846
0.4576923076923077
0.45865384615384613
0.4596153846153846
0.45865384615384613
0.4576923076923077
0.45865384615384613
0.45865384615384613
0.45865384615384613
0.46153846153846156
0.46442307692307694
0.46442307692307694
0.4721153846153846
0.4740384615384615
0.47596153846153844
0.475
0.47596153846153844
0.4778846153846154
0.48173076923076924
0.4846153846153846
0.49038461538461536
0.4951923076923077
0.49903846153846154
0.4980769230769231
0.5028846153846154
0.5076923076923077
0.5096153846153846
0.5125
0.5144230769230769
0.5201923076923077
0.5240384615384616
0.5259615384615385
0.5307692307692308
0.5346153846153846
0.5384615384615384
0.5442307692307692
0.5471153846153847
0.55
0.5528846153846154
0.5557692307692308
0.5625
0.5663461538461538
0.5663461538461538
0.5692307692307692
0.5721153846153846
0.5759615384615384
0.5798076923076924
0.5836538461538462
0.5913461538461539
0.5932692307692308
0.6
0.6048076923076923
0.6067307692307692
0.6086538461538461
0.6125
0.6192307692307693
0.6201923076923077
0.6221153846153846
0.6221153846153846
0.6230769230769231
0.6259615384615385
0.6326923076923077
0.6298076923076923
0.6288461538461538
0.6298076923076923
0.6269230769230769
0.6269230769230769
0.6230769230769231
0.625
0.625
0.6240384615384615
0.6211538461538462
0.6182692307692308
0.6153846153846154