0.46652040446064524
0.5774635416286544
0.6232768914964728
0.65747954115949
0.7399939633691739
0.7766454849419628
0.7962083730115977
0.8257371935237298
0.8576873238883985
0.8599489118282447
0.8804288639372824
0.896067908355548
0.903924288317943
0.9161595150511845
0.9217500010330193
0.9275469335630298
0.9374948207654973
0.941069979485678
0.9424594972168693
0.9469872720750079
0.9501601680130417
0.9484874856935938
0.9507188827561817
0.9526459642952464
0.95317073711745
0.9541682403980978
0.9552102962201158
0.9568001266208228
0.9568854248354882
0.957807013021639
0.9581813910778388
0.9584738393994875
0.9591276113968306
0.959197623250521
0.9597779125578295
0.9593767757982038
0.9596351284564355
0.9598634860013081
0.9602242960045833
0.9601078156590717
0.9603528350691402
0.9606468333522661
0.9603407694967464
0.9608525136978674
0.9605788127937895
0.960713681769456
0.9607342322058975
0.9607024156387851
0.9607592352320482
0.9609695567885991
0.9610493675365976
0.9610512028325572
0.9609550341489891
0.9610952863622271
0.9611565422442198
0.9610857680343999
0.9611158088529163
0.9611862607972055
0.9610965328508323
0.9612317713957516
0.9612634219524375
0.9612841801640507
0.9612836753398435
0.9612008641790301
0.9613278922238078
0.9612773240025102
0.9613190020550674
0.9612666899382838
0.9613791838597653
0.9613587893684769
0.961325970682433
0.9613301577615246
0.961392159498302
0.9613381488554602
0.9613818405068979
0.9614297277461643
0.9613903739492214
0.961415309869719
0.9613971088285462
0.9613710676417709
0.9613661989518272
0.9614254011165745
0.9614308369648684
0.9614231729456328
0.961453536727467
0.9614590735718607
0.9614503913080681
0.9614625897033852
0.961450556867779
0.961467385358664
0.9614536874961644
0.9614716806224424
0.961467170779501
0.9614487224726275
0.961457641763428
0.9614552662640241
0.9614729781141378
0.9614708727314399
0.961480126480588
0.9614819707400942
0.9614938969935061
0.9614709134863078
0.961492201553745
0.9614846287489948
0.9614958751396712
0.9614839388379955
0.9614946649680511
0.9614890315758732
0.9615015014847782
0.9614946223039252
0.9615080775246362
0.9614951073230057
0.9615033664047864
0.96150642491571
0.9614899845595027
0.9614959129516774
0.9615014063738255
0.9615064190070062
0.9614873493560387
0.9615024635926905
0.9614987944330705
0.9615134801804361
0.9615153341823539
0.9615159819563411
0.9615080616802737
0.9615072184019677
0.9615134346174093
0.9615137875849866
0.9615165736088153
0.9615135495314536
0.961512867850711
0.9615070499073943
0.9615123291018327
0.9615201204255514
0.961514522774719
0.9615145878160802
0.9615211934227531
0.9615130890495317
0.9615182917995931
0.9615144540870595
0.9615174095464815
0.9615193016783097
0.961518932686621
0.9615213754711706
0.961522537470079
0.9615196769631347
0.9615180160649656
0.9615206410498798
0.9615206009970407
0.9615177058903421
0.9615209594456049
0.961521384702734
0.9615144132815142
0.9615182635271685
0.9615219608816494
0.9615228305560198
0.9615229882872222
0.9615250773335541
0.9615243867735498
0.9615184924237873
0.9615249178238265
0.96152430545208
0.9615293904969611
0.9615237243785915
0.9615208492326065
0.9615257829615396
0.961526564700946
0.9615218554934238
0.9615221113787411
0.9615257151930128
0.9615303188500945
0.9615302693230625
0.9615280405728039
0.9615232367407385
0.9615242095147826
0.9615305243014689
0.9615297089221393
0.9615313960431005
0.9615309991343275
0.9615304240209044
0.9615299232920439
0.9615291910028978
0.961529249773271
0.9615285789251523
0.9615285353381885
0.9615275838307457
0.9615271017155239
0.9615285475755369
0.9615285854043469
0.9615309607498198
0.9615302546456249
0.9615272091634605
0.9615256030849596
0.9615300307463577
0.96152780393247
0.9615308807894588
0.961530657170427
0.9615291779421395
0.9615280963308128
0.9615292134767773
0.9615293448919159
0.9615272561056476
0.9615275564103316
0.961529118480778
0.9615281652254501
0.9615293938640294
0.9615313989555281
0.9615321873921625
0.9615318492946398
0.9615323104465622
0.961532900275818
0.961532138510253
0.9615303653421134
0.9615317878459627
0.9615318435259833
0.9615349131868222
0.9615321503768116
0.9615338461763475
0.961533086017956
0.9615338806122039
0.9615336463237943
0.9615333029418658
0.9615327125454285
0.9615333288085254
0.9615332488186648
0.9615333443535491
0.9615335401623903
0.9615341586987666
0.9615319828232439
0.9615319233103402
0.961532147236335
0.9615329619424257
0.9615324663507663
0.9615336577498615
0.9615338046186143
0.961533715992124
0.9615339116188254
0.9615338977251526
0.9615332113326953
0.96153386164767
0.9615325994559891
0.9615329967793739
0.9615339075436744
0.961533725043882
0.9615333385882324
0.9615331206950727
0.9615337933302269
0.9615334942557273
0.9615352261039717
0.9615335476947529
0.9615343487813275
0.9615332632057667
0.9615347311160748
0.9615356606905147
0.9615346750204075
0.9615341810184587
0.9615334918156142
0.9615336568501073
0.9615330598812866
0.9615330234627872
0.9615343654245673
0.9615346579859759
0.9615343263523112
0.9615339829472198
0.9615345510067287
0.9615339640674416
0.9615349969067788
0.9615349560433509
0.9615333149228101
0.9615335865241621
0.9615344507491551
0.9615348337767796
0.9615352825034161
0.961535016444626
0.9615351739466249
0.9615343886642177
0.9615347456316939
0.9615341738111328
0.9615340408296837
0.9615354561246832
0.9615348111804032
0.9615342494750124
0.9615351401470703
0.9615350641268596
0.9615351137511541
0.961534508732985
0.9615356847397937
0.9615345357888079
0.9615350055480825
0.961534949992382
0.9615344733686954
0.9615330576543917
0.9615339389542369
0.9615356251163371
0.9615347364704447
0.9615348553505548
0.9615347178842786
0.9615346329473732
0.9615341207166811
0.961534903358204
0.961534903358204
0.961534903358204
0.9058405527173818
0.24513577120833396
0.2016844548111298
0.1478244980176745
0.1296555093517528
0.10397989390310827
0.10146096058796068
0.08510510533058566
0.07943296840437063
0.07094916870642101
0.05896384811657414
0.05222280366302317
0.04825485455587885
0.04855208844079477
0.049301263781039446
0.041477028293432854
0.04085944050840356
0.04149620132509494
0.04493413165074818
0.04527135111159357
0.04232911776838482
0.04332990521978083
0.04376783836846341
0.04298438796315009
0.04105227510604417
0.03871646018828281
0.03842557701069735
0.03636017702968391
0.03816640156092576
0.03600511284720315
0.03541929055159007
0.035827495688690474
0.0344558503687739
0.03709597353520969
0.03612748469095853
0.03563209248501541
0.03515001456538987
0.03610251152299805
0.034205346536161224
0.03456588057229248
0.03474239786704272
0.03446366352176273
0.03485947837303288
0.034356870950960634
0.029078771446254086
0.028312119279548725
0.02779281782223609
0.02858893374935813
0.02722035248024997
0.0276155786364846
0.027940907268268304
0.026669808438154523
0.025937071494857106
0.026398968070340523
0.02598726451487749
0.025188844036249602
0.026503126127119497
0.024569205104872087
0.02795760361410661
0.024827544091583588
0.02515084244595792
0.025254460629524956
0.02521264226624885
0.025596113528850595
0.024665696953420965
0.023725766286033706
0.023186760493243527
0.02243192335402783
0.02398879518640779
0.02327597600158845
0.02318826836646234
0.023624523458905287
0.023448971043977244
0.02316127783704172
0.022631334082560798
0.022984631431483767
0.023689232759492123
0.023453345210049284
0.022764739859430175
0.0229616797847293
0.022923090743061512
0.022159243014231927
0.02128264543276881
0.021269951071897265
0.021442704138999572
0.021317787336630447
0.02150388857846364
0.020575486271914082
0.020857808116462248
0.020333399484159635
0.019423825083875513
0.019317557409272806
0.01901397954285754
0.019903436509329717
0.020277603286458716
0.02034286926479667
0.02002897703687801
0.019398164508491633
0.01942448407528592
0.019374914611545026
0.019932308953894227
0.01932152150922767
0.019637801888454914
0.019329242826205725
0.019491443085418926
0.019069453158838002
0.018767441637629813
0.018456915556493977
0.01837788465751978
0.018701605265034615
0.018330633124851795
0.01926057321494452
0.019088627013467446
0.019813874786812045
0.018888987217072942
0.0188429979536496
0.01861572900686861
0.01930107842294426
0.020086248548503327
0.020415367022951113
0.020232238483074802
0.01927159457978499
0.019954687766638862
0.020533420202712635
0.018886856147860467
0.01883920317724819
0.01856994803513702
0.01895616974452928
0.019899040220214815
0.019551995633737614
0.018999384525978835
0.019390599924834474
0.018994943338122787
0.018865670094163015
0.01953193811711212
0.020246789722343776
0.018773928027241652
0.019195615614177028
0.01898385967112652
0.019239754783427283
0.01929211679317888
0.019797174364344413
0.01912500657764692
0.019208295186218114
0.018625084976962
0.018625206797637347
0.018355521617094712
0.018543394519206724
0.01869965629743663
0.018689509735883025
0.018790289222627116
0.019285516688770786
0.018585066829282296
0.018562827891568986
0.018488027177830626
0.01878947827092161
0.019773663489536415
0.01883785832577543
0.021466076117386837
0.018871964316517137
0.01940317319134144
0.01918363163975556
0.018572619048480832
0.0185411972285313
0.018180023483044674
0.017924670156358343
0.01772749466909679
0.017444282971509066
0.018203542544088718
0.018031691737977383
0.018425462521588453
0.018324277795405162
0.018506498713459982
0.01829766948965726
0.018232658046549027
0.018410522202901534
0.018405377799606333
0.018588888079862056
0.0183512661041382
0.01855657318322835
0.018560305511931892
0.01829440699501263
0.01793376225833935
0.018064754834458525
0.018243779156563673
0.018542212786726717
0.018300866469743503
0.017965698093231463
0.017892845163947502
0.017560263085453012
0.016937597313892196
0.016764704267518398
0.01674385776462586
0.017194560093881043
0.017248874634137157
0.01765629411144683
0.017410808289219513
0.017187870859391007
0.016916424740947768
0.017001236517174407
0.017552619304362457
0.017306745487154856
0.017433275210915904
0.01733244275296151
0.017218120400839518
0.016751045345792925
0.016769390762425247
0.016530005697933198
0.016454822145512856
0.016683568448975603
0.016322294488262036
0.01727528891993206
0.01703630626332767
0.017410640829164905
0.016912510268830335
0.016789007052313037
0.01668057621431518
0.01735857876269229
0.017731124827569566
0.01795570486537316
0.01828072807127909
0.01734868909790873
0.0181012976202872
0.018434952740009204
0.01714611071522353
0.017332842686582115
0.016949736723022482
0.01702054358299468
0.0180536479977192
0.017931473867751884
0.01734423194242039
0.017374860793775523
0.01734328298166132
0.017252083633697582
0.01804179350343983
0.01871269211880962
0.01713097755391516
0.017291371484573565
0.017156578252228705
0.017271867830013762
0.01773583276962695
0.018016568853314603
0.017229889264429723
0.017549108749535212
0.017090395288369586
0.01701649632943405
0.016895139619553363
0.01692551714430169
0.017025173502663155
0.017027471906163705
0.017217363335925308
0.017912861833633987
0.017444640510754398
0.01722795704154253
0.01711103095879875
0.017229388839360763
0.01804745141333403
0.017417497655977495
0.019816702334836983
0.017536040353289147
0.018114460996906848
0.01781048254656643
0.0173549581851426
0.017311105710255868
0.017047955600942827
0.016719122040716784
0.016589950051067708
0.01638363310818144
0.016890405420725355
0.016800482126832827
0.01724616599441454
0.017235730632275348
0.017314192767635378
0.01714196445148734
0.01714332442635339
0.01727973746704938
0.017169691918074655
0.01736341993662034
0.017404682518110136
0.01750181519800922
0.017408777825368954
0.01739003016996139
0.01710792413723407
0.017284409247414204
0.017355883497394687
0.017673881746388953
0.01749768297147578
0.01731102024613422
0.017217071655975115
0.01699936352396421
0.01648977311995407
0.016280355974096338
0.016305352000868502
0.01656537985223235
0.01663384401697891
0.017057483848291047
0.01683098879250227
0.016635733456338397
0.016388969436462654
0.0164083211513948
0.0164083211513948
0.016933557906747443
0.016869375478707416
0.016996778318397684
0.016691043637222937
0.016618393225601377
0.016220605010753376
0.016332431151829665
0.016182109879364276
0.016125361597365277
0.01622077892687448
0.015822769314344863
0.016654550147202254
0.016529805933196907
0.016805022197435272
0.016358931596708915
0.01624932858597826
0.016175093230457693
0.016649909156741863
0.017059066865158685
0.01734569983353266
0.017648379612346186
0.016836517581439024
0.01755040208618184
0.017892888819118304
0.01663688867221626
0.017013231473782937
0.016614065935031515
0.016642851620562005
0.0176061907148444
0.017455260503083138
0.016881309618288827
0.01672436183888974
0.01673993018125166
0.016843230678729063
0.01767462096745679
0.01827633638335312
0.016643893964419454
0.016715897822228945
0.016606502857676068
0.016711580697273964
0.017190836106967162
0.01744129693351355
0.01673845234311671
0.017176667964064314
0.016714745470599434
0.016542296446209238
0.016456877203253055
0.016432967041192126
0.0165550435906906
0.016533142690174814
0.016745877887429105
0.0174449028729544
0.0171321381443423
0.01691764137528606
0.016770418256817778
0.01681388953927626
0.017405523512196576
0.016956510459196387
0.01911590597597479
0.017185241219666962
0.017722085851751404
0.017287497939282553
0.016939566073804858
0.016976753040526076
0.016741615224742355
0.016400114348946133
0.01629352644302477
0.016109581452072804
0.01649624438044873
0.016394753338885404
0.016869350968002343
0.016899164204344605
0.016946351428483962
0.016766930260667046
0.016738039064999398
0.016843267197670098
0.01673972234593575
0.016914213170917493
0.017094858482647052
0.01711602795489991
0.01701067754650748
0.017050925096930482
0.016787310998132784
0.0170941045981682
0.016960460217777713
0.017334516294504033
0.017161880407366895
0.01701254357082075
0.01696660468858234
0.01676081917902153
0.016362273458086843
0.01618777500484253
0.016213104446525586
0.016331080885346794
0.016407271794811117
0.016808264553286857
0.016600012996028313
0.01639573886001629
0.016196382179670243
0.0162552160267165
0.01659868656473973
0.016635826547822082
0.01677409753103314
0.016485699792822106
0.01645511039259602
0.016098245490304735
0.016183562519039536
0.016066529163839133
0.016021554762766132
0.016101534645384438
0.015682196355608496
0.016384646852973583
0.016356990561218625
0.016594189403661305
0.01619000199559779
0.016071385570091377
0.016005443568555332
0.016392808439891774
0.01672351290968814
0.017095248103641873
0.01734621177423884
0.016605297937355424
0.017287589900336863
0.017731614814588785
0.016458667608789414
0.016850866908261992
0.01646330025374229
0.016535098460490498
0.01740834873194164
0.01722459146285022
0.01667479224414208
0.016437779798496303
0.016459475389504787
0.016640322579460572
0.01749800988191817
0.018111790766139776
0.016445672696630602
0.016492776769112392
0.016382197396272603
0.016499508636572163
0.01694076047273239
0.017187748065046513
0.016585162102427834
0.01706653805965291
0.01663239256896907
0.01637171428837921
0.016273617995087256
0.016242044023022546
0.01635834353651741
0.01632976130469634
0.01653594002427045
0.01716845771585465
0.01697519761564773
0.016797033260009843
0.01664490594745051
0.01667013215814376
0.01711480178362227
0.016793320691883325
0.018664854161441462
0.017040100951035395
0.017564210110545885
0.017029775227289278
0.016744560195537495
0.01682923814274129
0.016624089622579358
0.01629662771040306
0.016200950175710823
0.016026272237925677
0.016335445051505543
0.01622519999590194
0.01668993883657821
0.01675789350507287
0.016808259543214864
0.016565828838532266
0.016502163113499946
0.01659042537113696
0.01651033686234675
0.016625533803248178
0.016913393010217506
0.016875341368826548
0.016776676839466764
0.01680017611655212
0.016607661262035445
0.016986174368764647
0.016731755322772678
0.0171292290207547
0.01695460908797444
0.016783932235059987
0.01682550793406372
0.016623474437543577
0.016301813040258947
0.01616014822049255
0.01617338017970854
0.01622417000137153
0.016260313526102365
0.016575239915625456
0.01640138272475618
0.016235178900312106
0.016084877852964436
0.016153731757397215
0.01640891378050296
0.016474796875194486
0.01660815547969732
0.0163783216540888
0.01636695846630406
0.016065851685230188
0.016124098969687514
0.016008788418592386
0.015956496556638947
0.01608250908116033
0.01567543482436601
0.01627953412525634
0.016288590754051417
0.016500003787983893
0.016134636512698055
0.016023743141141703
0.015976424637753846
0.0163210116389969
0.016534061470840144
0.016939353683676717
0.01720132180582791
0.016519767253445457
0.01719272764057105
0.01766728245101269
0.016424109733728615
0.016821660233230378
0.016430662734734532
0.01655047938411108
0.017334900894760065
0.017130832516167906
0.01660308299735165
0.016325032119642837
0.01634474552690055
0.016572850744988595
0.017459372724463226
0.01805480630802147
0.016392381592866958
0.016424980684685554
0.016319781172951214
0.01643184232644404
0.01680491541221813
0.017074093043877588
0.016532361910740267
0.017030816064160445
0.01663361708304461
0.01629541972991198
0.016174736732044902
0.016137791003070293
0.01623302202417382
0.016214768447744107
0.01640602038108608
0.0169545397978564
0.016847879675101242
0.016702338093432103
0.016564893491655967
0.01657631731562291
0.016932358935541868
0.0167209722387697
0.01827311925933983
0.016937524432084936
0.01747298372073993
0.016898994473552257
0.016671394883508963
0.016770527634563628
0.016583453806416813
0.016265242455805875
0.016171021281927798
0.016002825802444866
0.016238003109742147
0.01613544806712084
0.01655864507975571
0.016648154367621185
0.016715890005734514
0.016431601311960736
0.016347494795109527
0.01643872883332259
0.016378629529682637
0.01643748869246111
0.01679717648958725
0.016712051925336667
0.016624135551905516
0.016618027153224604
0.016502954944709724
0.016903283915709433
0.01660958093423214
0.016984941310943046
0.01680095310628873
0.016616874134195957
0.016728325476752518
0.01653711699215551
0.01626343860400553
0.016139048033626768
0.016142947681353003
0.016174716790972953
0.016169834632007996
0.016419874664341028
0.016271117639489466
0.016141801828155423
0.016027369821863827
0.01608811144470764