0.4638290619939118
0.03890729918529525
0.03827747934452869
0.038406346193212836
0.038447189711098714
0.038171299508829186
0.038263630880027495
0.0390225374266867
0.040028729878597354
0.04070837133521658
0.04117926961401947
0.042101184333208024
0.043933579633360836
0.04599096066413121
0.047162104952008004
0.0480520380220009
0.04832068267715165
0.04781833425991644
0.04666354140262065
0.04488159800264137
0.042971140068121624
0.041246176845607524
0.03972614677187151
0.03835794188164473
0.037073646434239195
0.03599462961073136
0.03501459943466734
0.03399332364656929
0.03320861367407702
0.03251588192625477
0.031849543925871186
0.031212012003904464
0.0306375967911232
0.030036369965894972
0.02946152802167907
0.028931935031770856
0.028442611342274618
0.02801271949756052
0.027636554560129874
0.027296743099063377
0.026981981906758212
0.02667525271107843
0.02643093521250487
0.026254467718495572
0.026123853402772693
0.02601193791180401
0.025903923543934164
0.025823254611326785
0.025758694292530037
0.025683642840809585
0.025606378637631048
0.02553323552764664
0.025479491795487138
0.025435089951645066
0.025400549693463954
0.025361330254565155
0.02533444405222629
0.025322672233493274
0.025319607825392786
0.025320508791967934
0.025331190927715894
0.02535829194784493
0.02539784043295748
0.025450934391236805
0.02550446587030528
0.025536308278858257
0.025550385033535603
0.025558105955701776
0.025561294002306424
0.025572377126358195
0.025590366533648434
0.02563122434228093
0.025688608744060284
0.0257545634885826
0.025808956194539916
0.025857758203174895
0.025896227482463945
0.025912115773332054
0.025897092494027524
0.025821431055239284
0.02572146401695629
0.025642224209398216
0.025573339481056324
0.025484893093684968
0.025359903639036913
0.025220859781549865
0.025077679282508918
0.02493329178065872
0.024763030309240222
0.024570272111978594
0.024378180048921897
0.024191485307684505
0.02401288822054968
0.023832492706832843
0.023653472409208075
0.02349941188296092
0.02336936980759689
0.02326320203735943
0.023177628341768407
0.02311112044502114
0.023070265508571403
0.023047344355060548
0.023035968189302074
0.023034098214691316
0.023047733216574565
0.02306978163791818
0.02309361497881833
0.023120045336141745
0.023150467935262684
0.023182302759922904
0.023212920343463093
0.023245649272891626
0.023274222933006433
0.023299012573818244
0.02332481089581113
0.02335126167030037
0.023375004182126367
0.023395204845847846
0.02340248434308686
0.02339647969596561
0.02338770845011877
0.02337391348327613
0.02335988655233602
0.02334446064152222
0.023322580028969944
0.023296108946653352
0.02326471315453022
0.023226320377390718
0.023179389103522356
0.023127245744591126
0.023064236605970272
0.02299828374858025
0.022925887028174403
0.022844209461345553
0.022754083255747334
0.02265795289518617
0.02255309930156187
0.02243990204447481
0.022329484491119458
0.0222251046162244
0.022120614636844196
0.02201349778372198
0.021906771072326678
0.021802145061721418
0.021701352484251663
0.021600970734395347
0.021501188026793117
0.021402227194676694
0.021304429855516064
0.021206620971455373
0.021114901024340563
0.021114901024340563
0.0207043379819907
0.02048143270352199
0.020412976538945006
0.020498194108681835
0.020145503256426785
0.01976786089934919
0.019795854990853824
0.01956311628924359
0.01912939673775244
0.01914057632906159
0.01961148107551256
0.01961745564616844
0.019388297278781597
0.020043368556080875
0.020190591098057323
0.019838212335246165
0.01955261692796006
0.020154117909026634
0.019626060681688547
0.019216475226522728
0.01899179604725123
0.019283340673080816
0.019538305370538273
0.01941252417899938
0.0193919142272812
0.01893972800191698
0.01893399349732651
0.018716058997006305
0.018718288787663986
0.01887290504815134
0.018953227599073044
0.018625930803853875
0.018498838199543156
0.01866675462678705
0.018581379948782124
0.018400144054007892
0.01818748636946187
0.018554851169396883
0.01882705846608999
0.018810959284455954
0.018814758480094
0.018540628989639336
0.01872480459341931
0.01875686297507693
0.018606384704601832
0.018809536536909907
0.018406343564849985
0.018127544877887956
0.01835796286008849
0.01823836380923493
0.018164621323186355
0.018231461980072944
0.018220806912299617
0.018209108611422446
0.01832215411877921
0.018922518954239246
0.018568238826495196
0.0188265862792482
0.018413662243724916
0.01838690084684012
0.01836455220697592
0.01927456953302398
0.02008074653913921
0.018655975963952298
0.018709080879285734
0.018312392569650986
0.018130583082746572
0.018660574460346722
0.018953903679472788
0.01889974777183129
0.019025189557896192
0.018556554182433776
0.019043130620122327
0.019677364032662993
0.019029142316458008
0.01819087333255189
0.017721247438191326
0.017541743524436573
0.01772586851421412
0.017862288150966844
0.01906503041066381
0.01882617536825083
0.01875556206418716
0.017995540590734195
0.01761442965757387
0.017503995548880335
0.017659672260342617
0.01762264965299931
0.01721361185616106
0.017134856036639216
0.016983953233766752
0.017855935181006186
0.01722711189118603
0.017395649768695582
0.017842451259142827
0.01768085620935916
0.018025122272647555
0.018125191067393052
0.018765711335020634
0.017827082444562627
0.01745005733491879
0.0174842973697234
0.017430215369772538
0.01728409972409734
0.017158588536445075
0.01696284852466587
0.01710026746201876
0.017081866223981543
0.016996571264910613
0.016954310525022782
0.01767071693292242
0.017839793555735693
0.017558039452561486
0.01853475299810497
0.018993435784689726
0.018493821756158386
0.0179410449961398
0.017980297272953853
0.01780158854961225
0.017575091435253362
0.017216754001395763
0.017462983566771274
0.01770682053704543
0.01773617078398207
0.01742749216488726
0.01699354858167302
0.01696359262096885
0.016905298803276493
0.016937434427111413
0.016902163762575945
0.017163256680393164
0.017065946353937288
0.01719225660796388
0.017312164883457288
0.017120308202534587
0.01707547224991151
0.016862727422351082
0.017293259836612413
0.01736467785274649
0.01725125485697554
0.017202392398304567
0.017109552964472655
0.017034423047522115
0.017002822094777496
0.017091508897862547
0.017177296933607766
0.016759320235246
0.016661703684657827
0.016886690094584256
0.01673958091272958