0.04807692307692308
0.13173076923076923
0.14038461538461539
0.14711538461538462
0.18173076923076922
0.21153846153846154
0.23365384615384616
0.2548076923076923
0.27403846153846156
0.3019230769230769
0.3211538461538462
0.34807692307692306
0.3605769230769231
0.375
0.39134615384615384
0.39134615384615384
0.4096153846153846
0.4221153846153846
0.44326923076923075
0.4519230769230769
0.46826923076923077
0.47596153846153844
0.48653846153846153
0.5009615384615385
0.5048076923076923
0.510576923076923
0.5115384615384615
0.5096153846153846
0.5067307692307692
0.510576923076923
0.5163461538461539
0.5182692307692308
0.5211538461538462
0.5259615384615385
0.5221153846153846
0.5326923076923077
0.5394230769230769
0.5461538461538461
0.55
0.5538461538461539
0.5596153846153846
0.5634615384615385
0.5682692307692307
0.5711538461538461
0.5721153846153846
0.575
0.5711538461538461
0.575
0.5817307692307693
0.5817307692307693
0.5836538461538462
0.5778846153846153
0.5788461538461539
0.5769230769230769
0.5788461538461539
0.5817307692307693
0.5855769230769231
0.5826923076923077
0.5875
0.5932692307692308
0.5932692307692308
0.5951923076923077
0.5980769230769231
0.5990384615384615
0.6028846153846154
0.6038461538461538
0.6057692307692307
0.6115384615384616
0.6125
0.614423076923077
0.6134615384615385
0.6134615384615385
0.6182692307692308
0.6201923076923077
0.6240384615384615
0.6201923076923077
0.6230769230769231
0.6269230769230769
0.6317307692307692
0.6307692307692307
0.6375
0.6403846153846153
0.6403846153846153
0.6403846153846153
0.6394230769230769
0.6490384615384616
0.6461538461538462
0.6471153846153846
0.6480769230769231
0.6538461538461539
0.6548076923076923
0.6586538461538461
0.6692307692307692
0.6730769230769231
0.6778846153846154
0.6807692307692308
0.6865384615384615
0.6903846153846154
0.6894230769230769
0.6884615384615385
0.6894230769230769
0.6846153846153846
0.6855769230769231
0.6846153846153846
0.6846153846153846
0.6826923076923077
0.6817307692307693
0.6846153846153846
0.6855769230769231
0.6855769230769231
0.6826923076923077
0.6826923076923077
0.6836538461538462
0.6798076923076923
0.6798076923076923
0.6798076923076923
0.6788461538461539
0.6778846153846154
0.6740384615384616
0.6740384615384616
0.6730769230769231
0.6740384615384616
0.6711538461538461
0.6721153846153847
0.6711538461538461
0.6711538461538461
0.6701923076923076
0.6721153846153847
0.6740384615384616
0.6759615384615385
0.676923076923077
0.6759615384615385
0.6701923076923076
0.6740384615384616
0.6759615384615385
0.6798076923076923
0.6798076923076923
0.6798076923076923
0.6798076923076923
0.6836538461538462
0.6826923076923077
0.6855769230769231
0.6855769230769231
0.6884615384615385
0.6894230769230769
0.6961538461538461
0.6990384615384615
0.7009615384615384
0.7009615384615384
0.7019230769230769
0.7028846153846153
0.7028846153846153
0.7086538461538462
0.7144230769230769
0.7163461538461539
0.7201923076923077
0.7182692307692308
0.7201923076923077
0.7192307692307692
0.7182692307692308
0.7278846153846154
0.7211538461538461
0.7163461538461539
0.7125
0.725
0.7105769230769231
0.7067307692307693
0.7134615384615385
0.7125
0.7125
0.7134615384615385
0.7221153846153846
0.7259615384615384
0.7192307692307692
0.7125
0.7192307692307692
0.7230769230769231
0.7269230769230769
0.7221153846153846
0.7326923076923076
0.7326923076923076
0.7317307692307692
0.739423076923077
0.7346153846153847
0.7413461538461539
0.7346153846153847
0.7326923076923076
0.7259615384615384
0.7298076923076923
0.7240384615384615
0.739423076923077
0.7384615384615385
0.7432692307692308
0.7384615384615385
0.7278846153846154
0.7346153846153847
0.7384615384615385
0.7375
0.7413461538461539
0.7490384615384615
0.7528846153846154
0.7423076923076923
0.7451923076923077
0.7567307692307692
0.7528846153846154
0.7528846153846154
0.7451923076923077
0.7442307692307693
0.7413461538461539
0.7317307692307692
0.739423076923077
0.7480769230769231
0.7480769230769231
0.7403846153846154
0.739423076923077
0.75
0.7432692307692308
0.7451923076923077
0.7403846153846154
0.7355769230769231
0.7442307692307693
0.7490384615384615
0.75
0.7461538461538462
0.7384615384615385
0.7403846153846154
0.7461538461538462
0.7509615384615385
0.7625
0.7596153846153846
0.7615384615384615
0.7653846153846153
0.75
0.7548076923076923
0.7461538461538462
0.7567307692307692
0.7596153846153846
0.7596153846153846
0.7538461538461538
0.7490384615384615
0.7634615384615384
0.7644230769230769
0.7701923076923077
0.7461538461538462
0.7615384615384615
0.7528846153846154
0.7509615384615385
0.7567307692307692
0.7634615384615384
0.7576923076923077
0.7615384615384615
0.7596153846153846
0.7663461538461539
0.7653846153846153
0.7682692307692308
0.7721153846153846
0.7663461538461539
0.7653846153846153
0.7663461538461539
0.7634615384615384
0.7663461538461539
0.7682692307692308
0.7653846153846153
0.7557692307692307
0.7653846153846153
0.7480769230769231
0.7471153846153846
0.7576923076923077
0.760576923076923
0.7548076923076923
0.760576923076923
0.760576923076923
0.7644230769230769
0.7586538461538461
0.7567307692307692
0.7596153846153846
0.760576923076923
0.7673076923076924
0.7730769230769231
0.7673076923076924
0.7721153846153846
0.7740384615384616
0.7682692307692308
0.7634615384615384
0.760576923076923
0.7615384615384615
0.7567307692307692
0.7586538461538461
0.760576923076923
0.7615384615384615
0.7625
0.7653846153846153
0.7673076923076924
0.7653846153846153
0.7663461538461539
0.7634615384615384
0.7634615384615384
0.7663461538461539
0.775
0.775
0.7692307692307693
0.775