0.04230769230769231
0.12211538461538461
0.16538461538461538
0.1519230769230769
0.13076923076923078
0.19134615384615383
0.2125
0.19807692307692307
0.225
0.20961538461538462
0.27692307692307694
0.27692307692307694
0.3
0.2923076923076923
0.3403846153846154
0.32884615384615384
0.29615384615384616
0.32884615384615384
0.3730769230769231
0.3836538461538462
0.3730769230769231
0.4307692307692308
0.4403846153846154
0.4125
0.41634615384615387
0.4307692307692308
0.42788461538461536
0.41634615384615387
0.46057692307692305
0.46153846153846156
0.46923076923076923
0.46634615384615385
0.47884615384615387
0.4846153846153846
0.4721153846153846
0.48653846153846153
0.5144230769230769
0.49230769230769234
0.5173076923076924
0.5125
0.5173076923076924
0.5307692307692308
0.5490384615384616
0.5711538461538461
0.5509615384615385
0.5625
0.5692307692307692
0.5548076923076923
0.5846153846153846
0.551923076923077
0.5865384615384616
0.5759615384615384
0.5990384615384615
0.5903846153846154
0.5807692307692308
0.5903846153846154
0.5951923076923077
0.5701923076923077
0.6067307692307692
0.5923076923076923
0.5913461538461539
0.5865384615384616
0.5990384615384615
0.6028846153846154
0.6115384615384616
0.6125
0.5990384615384615
0.5923076923076923
0.6057692307692307
0.6076923076923076
0.6163461538461539
0.6163461538461539
0.6134615384615385
0.6153846153846154
0.6192307692307693
0.6163461538461539
0.6230769230769231
0.6076923076923076
0.6278846153846154
0.6278846153846154
0.625
0.6394230769230769
0.6240384615384615
0.6173076923076923
0.6317307692307692
0.6
0.6153846153846154
0.625
0.6269230769230769
0.6230769230769231
0.6307692307692307
0.6519230769230769
0.6288461538461538
0.6336538461538461
0.6336538461538461
0.6615384615384615
0.6384615384615384
0.6528846153846154
0.6384615384615384
0.6336538461538461
0.6471153846153846
0.6307692307692307
0.6596153846153846
0.6567307692307692
0.625
0.6317307692307692
0.6221153846153846
0.6365384615384615
0.6634615384615384
0.6365384615384615
0.6346153846153846
0.6298076923076923
0.6567307692307692
0.6163461538461539
0.6375
0.6346153846153846
0.6259615384615385
0.6086538461538461
0.6269230769230769
0.6134615384615385
0.6509615384615385
0.6403846153846153
0.635576923076923
0.6278846153846154
0.6375
0.6461538461538462
0.6259615384615385
0.6105769230769231
0.6125
0.6163461538461539
0.6201923076923077
0.6192307692307693
0.6384615384615384
0.6394230769230769
0.6230769230769231
0.6317307692307692
0.6336538461538461
0.6125
0.6115384615384616
0.6259615384615385
0.6192307692307693
0.6298076923076923
0.6076923076923076
0.5903846153846154
0.5990384615384615
0.6125
0.6038461538461538
0.6125
0.5846153846153846
0.6048076923076923
0.5942307692307692
0.5865384615384616
0.6048076923076923
0.6067307692307692
0.5884615384615385
0.5855769230769231
0.5826923076923077
0.5884615384615385
0.5903846153846154
0.5846153846153846
0.5894230769230769
0.6
0.5836538461538462
0.5855769230769231
0.5778846153846153
0.6
0.6009615384615384
0.5903846153846154
0.5769230769230769
0.5894230769230769
0.5711538461538461
0.5634615384615385
0.5769230769230769
0.5634615384615385
0.5673076923076923
0.5711538461538461
0.5653846153846154
0.5807692307692308
0.5798076923076924
0.5653846153846154
0.5788461538461539
0.5740384615384615
0.5653846153846154
0.573076923076923
0.5711538461538461
0.5913461538461539
0.5663461538461538
0.5826923076923077
0.575
0.5644230769230769
0.5740384615384615
0.5759615384615384
0.5653846153846154
0.5701923076923077
0.5490384615384616
0.5673076923076923
0.5798076923076924
0.5701923076923077
0.5625
0.5557692307692308
0.5423076923076923
0.5769230769230769
0.5711538461538461
0.5673076923076923
0.5605769230769231
0.5682692307692307
0.5538461538461539
0.5557692307692308
0.5596153846153846
0.5605769230769231
0.5432692307692307
0.5365384615384615
0.5375
0.5615384615384615
0.5557692307692308
0.5682692307692307
0.5663461538461538
0.5528846153846154
0.5538461538461539
0.5403846153846154
0.5509615384615385
0.5413461538461538
0.5490384615384616
0.5634615384615385
0.5423076923076923
0.5432692307692307
0.525
0.5355769230769231
0.5576923076923077
0.5490384615384616
0.5432692307692307
0.5423076923076923
0.5605769230769231
0.5557692307692308
0.5432692307692307
0.5673076923076923
0.5403846153846154
0.5461538461538461
0.5567307692307693
0.5548076923076923
0.5634615384615385
0.5403846153846154
0.5567307692307693
0.5471153846153847
0.5269230769230769
0.5346153846153846
0.5403846153846154
0.5365384615384615
0.5509615384615385
0.55
0.5461538461538461
0.5451923076923076
0.5346153846153846
0.5240384615384616
0.5336538461538461
0.5326923076923077
0.5432692307692307
0.5317307692307692
0.5269230769230769
0.5336538461538461
0.5480769230769231
0.5480769230769231
0.5653846153846154
0.5490384615384616
0.5375
0.5365384615384615
0.5288461538461539
0.5375
0.5375
0.5365384615384615
0.55
0.5326923076923077
0.5307692307692308
0.5298076923076923
0.5384615384615384
0.5201923076923077
0.5298076923076923
0.5432692307692307
0.5317307692307692
0.5307692307692308
0.5336538461538461
0.5288461538461539
0.5230769230769231
0.5192307692307693
0.5173076923076924
0.5269230769230769
0.525
0.5221153846153846
0.5259615384615385
0.5336538461538461
0.5336538461538461
0.5384615384615384
0.5278846153846154
0.5365384615384615
0.5259615384615385
0.5278846153846154
0.5298076923076923
0.5375
0.5076923076923077
0.5182692307692308
0.5182692307692308
0.5182692307692308
0.5192307692307693
0.6057692307692307
0.6048076923076923
0.6288461538461538
0.5711538461538461
0.5971153846153846
0.5451923076923076
0.575
0.5971153846153846
0.5278846153846154
0.5548076923076923
0.5490384615384616
0.5432692307692307
0.5692307692307692
0.6
0.5817307692307693
0.6173076923076923
0.614423076923077
0.5769230769230769
0.5788461538461539
0.6288461538461538
0.6480769230769231
0.6423076923076924
0.6288461538461538
0.6625
0.6798076923076923
0.6961538461538461
0.6884615384615385
0.6807692307692308
0.6759615384615385
0.6682692307692307
0.6692307692307692
0.676923076923077
0.6625
0.6701923076923076
0.6625
0.6701923076923076
0.6653846153846154
0.6951923076923077
0.6759615384615385
0.6682692307692307
0.6701923076923076
0.6759615384615385
0.6788461538461539
0.6894230769230769
0.7009615384615384
0.6990384615384615
0.676923076923077
0.7067307692307693
0.7134615384615385
0.6951923076923077
0.7182692307692308
0.7307692307692307
0.7298076923076923
0.7211538461538461
0.7259615384615384
0.7028846153846153
0.7230769230769231
0.6836538461538462
0.7307692307692307
0.7163461538461539
0.7163461538461539
0.7355769230769231
0.7346153846153847
0.7326923076923076
0.7490384615384615
0.7480769230769231
0.7336538461538461
0.7144230769230769
0.7307692307692307
0.7365384615384616
0.7413461538461539
0.7519230769230769
0.7490384615384615
0.7269230769230769
0.7480769230769231
0.7326923076923076
0.7442307692307693
0.7365384615384616
0.7365384615384616
0.7432692307692308
0.7557692307692307
0.7509615384615385
0.7567307692307692
0.7740384615384616
0.7442307692307693
0.7692307692307693
0.7788461538461539
0.775
0.7730769230769231
0.7855769230769231
0.7855769230769231
0.7836538461538461
0.7778846153846154
0.7711538461538462
0.7634615384615384
0.7740384615384616
0.7644230769230769
0.7692307692307693
0.7625
0.7759615384615385
0.7759615384615385
0.7663461538461539
0.7769230769230769
0.760576923076923
0.7701923076923077
0.7913461538461538
0.7932692307692307
0.7942307692307692
0.7798076923076923
0.7807692307692308
0.7653846153846153
0.7596153846153846
0.7557692307692307
0.7682692307692308
0.7653846153846153
0.7740384615384616
0.7807692307692308
0.7778846153846154
0.7615384615384615
0.7576923076923077
0.7807692307692308
0.7740384615384616
0.7682692307692308
0.7788461538461539
0.7846153846153846
0.7961538461538461
0.7807692307692308
0.7644230769230769
0.7701923076923077
0.7634615384615384
0.7721153846153846
0.7721153846153846
0.7817307692307692
0.7663461538461539
0.7596153846153846
0.7894230769230769
0.7740384615384616
0.7798076923076923
0.7730769230769231
0.7701923076923077
0.7807692307692308
0.7826923076923077
0.7875
0.7913461538461538
0.7826923076923077
0.7846153846153846
0.7692307692307693
0.7759615384615385
0.7913461538461538
0.7769230769230769
0.7769230769230769
0.7913461538461538
0.7836538461538461
0.7836538461538461
0.7778846153846154
0.7721153846153846
0.7826923076923077
0.7442307692307693
0.7740384615384616
0.7663461538461539
0.7778846153846154
0.7855769230769231
0.7826923076923077
0.7778846153846154
0.7846153846153846
0.7788461538461539
0.7807692307692308
0.775
0.7759615384615385
0.7846153846153846
0.7798076923076923
0.7721153846153846
0.7875
0.7769230769230769
0.7846153846153846
0.7817307692307692
0.7807692307692308
0.7817307692307692
0.7730769230769231
0.7721153846153846
0.7778846153846154
0.7836538461538461
0.7826923076923077
0.7903846153846154
0.7865384615384615
0.7932692307692307
0.7903846153846154
0.7875
0.7836538461538461
0.7913461538461538
0.7971153846153847
0.7990384615384616
0.7875
0.8009615384615385
0.7855769230769231
0.7865384615384615
0.7942307692307692
0.7951923076923076
0.7980769230769231
0.7913461538461538
0.7951923076923076
0.7913461538461538
0.7884615384615384
0.7855769230769231
0.7903846153846154
0.7913461538461538
0.7942307692307692
0.7913461538461538
0.7971153846153847
0.8
0.7807692307692308
0.7730769230769231
0.775
0.7913461538461538
0.7894230769230769
0.7875
0.7903846153846154
0.7942307692307692
0.7846153846153846
0.7798076923076923
0.7923076923076923
0.7865384615384615
0.7807692307692308
0.7923076923076923
0.7923076923076923
0.7923076923076923
0.7923076923076923
0.7701923076923077
0.7778846153846154
0.7807692307692308
0.7778846153846154
0.7778846153846154
0.7875
0.7721153846153846
0.7692307692307693
0.7913461538461538
0.7836538461538461
0.7971153846153847
0.7951923076923076
0.7807692307692308
0.7884615384615384
0.7990384615384616
0.7990384615384616
0.8
0.801923076923077
0.7971153846153847
0.7846153846153846
0.7942307692307692
0.7961538461538461
0.7932692307692307
0.7855769230769231
0.7932692307692307
0.7903846153846154
0.7932692307692307
0.7913461538461538
0.7875
0.7942307692307692
0.760576923076923
0.7798076923076923
0.7759615384615385
0.7855769230769231
0.7855769230769231
0.7807692307692308
0.7903846153846154
0.8009615384615385
0.7875
0.7865384615384615
0.7817307692307692
0.7855769230769231
0.7923076923076923
0.7855769230769231
0.7855769230769231
0.7923076923076923
0.7817307692307692
0.7846153846153846
0.7894230769230769
0.7855769230769231
0.7865384615384615
0.7836538461538461
0.7682692307692308
0.7826923076923077
0.7846153846153846
0.7855769230769231
0.7855769230769231
0.7817307692307692
0.7903846153846154
0.7836538461538461
0.7817307692307692
0.7846153846153846
0.7836538461538461
0.7923076923076923
0.7875
0.7923076923076923
0.7961538461538461
0.7826923076923077
0.7865384615384615
0.7884615384615384
0.7971153846153847
0.8
0.8
0.7884615384615384
0.7913461538461538
0.7884615384615384
0.7884615384615384
0.7903846153846154
0.7932692307692307
0.7913461538461538
0.7903846153846154
0.7932692307692307
0.8
0.7990384615384616
0.7951923076923076
0.7826923076923077
0.7846153846153846
0.7903846153846154
0.7875
0.7875
0.7913461538461538
0.7923076923076923
0.7817307692307692
0.7826923076923077
0.7875
0.7875
0.7817307692307692
0.7951923076923076
0.7923076923076923
0.7932692307692307
0.7923076923076923
0.7730769230769231
0.7807692307692308
0.7788461538461539
0.775
0.7788461538461539
0.7865384615384615
0.7759615384615385
0.7730769230769231
0.7903846153846154
0.7846153846153846
0.8009615384615385
0.7961538461538461
0.7798076923076923
0.7846153846153846
0.7980769230769231
0.7932692307692307
0.8
0.8028846153846154
0.7961538461538461
0.7884615384615384
0.7884615384615384
0.7942307692307692
0.7894230769230769
0.7788461538461539
0.7923076923076923
0.7875
0.7903846153846154
0.7951923076923076
0.7932692307692307
0.7971153846153847
0.7644230769230769
0.7798076923076923
0.7740384615384616
0.7903846153846154
0.7923076923076923
0.7836538461538461
0.7884615384615384
0.7932692307692307
0.7903846153846154
0.7903846153846154
0.7846153846153846
0.7884615384615384
0.7903846153846154
0.7865384615384615
0.7855769230769231
0.7865384615384615
0.7875
0.7855769230769231
0.7923076923076923
0.7903846153846154
0.7875
0.7875
0.7778846153846154
0.7807692307692308
0.7817307692307692
0.7846153846153846
0.7836538461538461
0.7788461538461539
0.7875
0.7884615384615384
0.7865384615384615
0.7817307692307692
0.7826923076923077
0.7894230769230769
0.7846153846153846
0.7884615384615384
0.7903846153846154
0.7788461538461539
0.7798076923076923
0.7778846153846154
0.7913461538461538
0.7942307692307692
0.7875
0.7903846153846154
0.7855769230769231
0.7884615384615384
0.7903846153846154
0.7942307692307692
0.7932692307692307
0.7875
0.7913461538461538
0.7961538461538461
0.8
0.8
0.7894230769230769
0.7884615384615384
0.7913461538461538
0.7875
0.7884615384615384
0.7942307692307692
0.7932692307692307
0.7846153846153846
0.7836538461538461
0.7932692307692307
0.7961538461538461
0.7865384615384615
0.7894230769230769
0.7923076923076923
0.7923076923076923
0.7875
0.7721153846153846
0.7855769230769231
0.7807692307692308
0.7759615384615385
0.7855769230769231
0.7855769230769231
0.7769230769230769
0.775
0.7884615384615384
0.7826923076923077
0.7942307692307692
0.7894230769230769
0.7778846153846154
0.7855769230769231
0.7923076923076923
0.7846153846153846
0.8
0.7990384615384616
0.7942307692307692
0.7855769230769231
0.7865384615384615
0.7923076923076923
0.7855769230769231
0.7807692307692308
0.7894230769230769
0.7865384615384615
0.7875
0.7980769230769231
0.7894230769230769
0.7884615384615384
0.7663461538461539
0.7875
0.7807692307692308
0.7932692307692307
0.7971153846153847
0.7884615384615384
0.7884615384615384
0.7923076923076923
0.7894230769230769
0.7884615384615384
0.7836538461538461
0.7884615384615384
0.7894230769230769
0.7894230769230769
0.7884615384615384
0.7932692307692307
0.7875
0.7932692307692307
0.7923076923076923
0.7903846153846154
0.7865384615384615
0.7894230769230769
0.7788461538461539
0.7846153846153846
0.7903846153846154
0.7884615384615384
0.7836538461538461
0.7836538461538461
0.7913461538461538
0.7913461538461538
0.7923076923076923
0.7826923076923077
0.7826923076923077
0.7846153846153846
0.7855769230769231
0.7903846153846154
0.7923076923076923
0.7778846153846154
0.7798076923076923
0.7788461538461539
0.7875
0.7923076923076923
0.7875
0.7894230769230769
0.7884615384615384
0.7903846153846154
0.7884615384615384
0.7932692307692307
0.7923076923076923
0.7903846153846154
0.7942307692307692
0.7903846153846154
0.7980769230769231
0.7913461538461538
0.7855769230769231
0.7884615384615384
0.7884615384615384
0.7923076923076923
0.7980769230769231
0.7971153846153847
0.7913461538461538
0.7865384615384615
0.7826923076923077
0.7923076923076923
0.7913461538461538
0.7826923076923077
0.7932692307692307
0.7923076923076923
0.7913461538461538
0.7923076923076923
0.7759615384615385
0.7846153846153846
0.7826923076923077
0.7798076923076923
0.7846153846153846
0.7826923076923077
0.7701923076923077
0.7653846153846153
0.7846153846153846
0.7846153846153846
0.7923076923076923
0.7865384615384615
0.7798076923076923
0.7826923076923077
0.7884615384615384
0.7846153846153846
0.7903846153846154
0.7961538461538461
0.7961538461538461
0.7865384615384615
0.7875
0.7865384615384615
0.7798076923076923
0.7798076923076923
0.7865384615384615
0.7875
0.7894230769230769
0.7961538461538461
0.7942307692307692
0.7884615384615384
0.7701923076923077
0.7846153846153846
0.7778846153846154
0.7971153846153847
0.7913461538461538
0.7884615384615384
0.7913461538461538
0.7903846153846154
0.7884615384615384
0.7884615384615384
0.7875
0.7865384615384615
0.7884615384615384
0.7913461538461538
0.7894230769230769
0.7951923076923076
0.7884615384615384
0.7932692307692307
0.7894230769230769
0.7865384615384615
0.7836538461538461
0.7846153846153846
0.7826923076923077
0.7836538461538461
0.7836538461538461
0.7884615384615384
0.7932692307692307
0.7846153846153846
0.7923076923076923
0.7942307692307692
0.7903846153846154
0.7855769230769231
0.7865384615384615
0.7846153846153846
0.7826923076923077
0.7875
0.7913461538461538
0.7798076923076923
0.7826923076923077
0.7769230769230769
0.7846153846153846
0.7961538461538461