0.047115384615384615
0.12596153846153846
0.11442307692307692
0.09519230769230769
0.1346153846153846
0.12596153846153846
0.1519230769230769
0.1596153846153846
0.18173076923076922
0.2230769230769231
0.2201923076923077
0.19038461538461537
0.21346153846153845
0.2923076923076923
0.2403846153846154
0.27403846153846156
0.26346153846153847
0.2932692307692308
0.3076923076923077
0.3144230769230769
0.3548076923076923
0.3528846153846154
0.3403846153846154
0.34615384615384615
0.34807692307692306
0.33557692307692305
0.35096153846153844
0.3403846153846154
0.3798076923076923
0.4375
0.4115384615384615
0.3971153846153846
0.40192307692307694
0.4009615384615385
0.4548076923076923
0.4076923076923077
0.43653846153846154
0.4048076923076923
0.4230769230769231
0.45096153846153847
0.4269230769230769
0.45096153846153847
0.42403846153846153
0.4673076923076923
0.46442307692307694
0.48365384615384616
0.48365384615384616
0.4980769230769231
0.5192307692307693
0.5307692307692308
0.49903846153846154
0.4846153846153846
0.5115384615384615
0.5028846153846154
0.5125
0.5336538461538461
0.5394230769230769
0.5288461538461539
0.5288461538461539
0.5278846153846154
0.5288461538461539
0.5490384615384616
0.5240384615384616
0.5384615384615384
0.5471153846153847
0.5528846153846154
0.5576923076923077
0.551923076923077
0.5538461538461539
0.5894230769230769
0.5663461538461538
0.5615384615384615
0.5932692307692308
0.5875
0.5894230769230769
0.5711538461538461
0.5548076923076923
0.5865384615384616
0.5903846153846154
0.575
0.5807692307692308
0.5923076923076923
0.5769230769230769
0.6048076923076923
0.6
0.6067307692307692
0.5894230769230769
0.5884615384615385
0.5971153846153846
0.6221153846153846
0.6057692307692307
0.6125
0.6211538461538462
0.6201923076923077
0.6211538461538462
0.6125
0.6086538461538461
0.6076923076923076
0.5980769230769231
0.6384615384615384
