0.3303171857552472
0.5481035006570134
0.5824271928145491
0.6073776018240322
0.6629271448337929
0.6814727820254535
0.7209015405691066
0.7455621911253011
0.7678375304807543
0.800382297648261
0.817691893474134
0.841659271688118
0.8475490532508652
0.8530719222771629
0.8592046815197628
0.8684698431625059
0.8818195279562494
0.8869036187705964
0.8956290039552122
0.9010617955492255
0.9072305219205767
0.9124600811950963
0.9187993043043012
0.9168628349931001
0.9236430724650435
0.9275664372954507
0.9298495584135013
0.9257745705593013
0.9295573417235872
0.9343876214805017
0.9336074567290911
0.9366010462209811
0.9390658687858842
0.9385596483931786
0.9390154191016616
0.9406490170738162
0.9432804328324355
0.941923965229278
0.9420301716148741
0.9450679339335601
0.9445263276151318
0.9467037829989281
0.9458241485778094
0.947244331882999
0.9481468782677505
0.9477998900631265
0.9485148506176975
0.9480805189336518
0.94805327795465
0.948047149677803
0.949731493312482
0.949261268119865
0.9492484753901952
0.9496411655288841
0.9501527225532599
0.9498192285234179
0.9501927075170092
0.9503291843654856
0.9502510824322827
0.9505391636006074
0.9505748414294727
0.9509793052215026
0.9508463084396672
0.9506998618700304
0.9512823116878386
0.9508316159475834
0.9509696614549603
0.9512599907097894
0.9515299352024025
0.951412781630704
0.9514304642751907
0.9514617821115398
0.9516557320322746
0.9517977877815178
0.9517591964930511
0.9517453783091088
0.9517392553160546
0.9518402229798993
0.9518156171937705
0.9518675530511875
0.9519402702275381
0.9519036001894648
0.9518945999219023
0.9518555260582063
0.9519746078111073
0.952042666982014
0.9521006597361582
0.9521228418713371
0.9520917120400997
0.9520399035405638
0.9521193794939266
0.9522447188145556
0.9521953792824588
0.9521441976721173
0.9522459670779779
0.9521436614827617
0.9522432179025915
0.9522429533025625
0.9523167885830733
0.9523455869042634
