0.03942307692307692
0.10096153846153846
0.15384615384615385
0.14711538461538462
0.17115384615384616
0.19423076923076923
0.21057692307692308
0.24326923076923077
0.23076923076923078
0.25961538461538464
0.28365384615384615
0.33076923076923076
0.3144230769230769
0.32019230769230766
0.37884615384615383
0.3596153846153846
0.3423076923076923
0.36923076923076925
0.4125
0.40384615384615385
0.44326923076923075
0.4028846153846154
0.4346153846153846
0.43365384615384617
0.4576923076923077
0.4778846153846154
0.4875
0.4778846153846154
0.5182692307692308
0.475
0.5067307692307692
0.5259615384615385
0.4971153846153846
0.5365384615384615
0.510576923076923
0.5557692307692308
0.5451923076923076
0.5644230769230769
0.5605769230769231
0.5663461538461538
0.5586538461538462
0.5567307692307693
0.5759615384615384
0.5913461538461539
0.6134615384615385
0.6076923076923076
0.5923076923076923
0.5980769230769231
0.6201923076923077
0.6
0.5990384615384615
0.6173076923076923
0.6096153846153847
0.6432692307692308
0.6394230769230769
0.6576923076923077
0.6240384615384615
0.6336538461538461
0.6394230769230769
0.6557692307692308
0.6288461538461538
0.6663461538461538
0.6817307692307693
0.6788461538461539
0.6548076923076923
0.7009615384615384
0.6576923076923077
0.6961538461538461
0.698076923076923
0.6875
0.6923076923076923
0.6673076923076923
0.6990384615384615
0.7048076923076924
0.7009615384615384
0.6942307692307692
0.7182692307692308
0.7048076923076924
0.7009615384615384
0.7173076923076923
0.7221153846153846
0.7192307692307692
0.7307692307692307
0.7365384615384616
0.7375
0.7240384615384615
0.7346153846153847
0.7105769230769231
0.7365384615384616
0.7586538461538461
0.7432692307692308
0.7355769230769231
0.7259615384615384
0.7173076923076923
0.7355769230769231
0.725
0.7557692307692307
0.7288461538461538
0.7298076923076923
0.7317307692307692
