0.3337137682926395
0.5372006124886041
0.5813101125988422
0.6046675983405276
0.6450140545842278
0.6686873166414785
0.7357383778260767
0.7556945795074588
0.7454508804279928
0.7965254354895894
0.8100041752901161
0.8185538296738138
0.8447514932199861
0.8447335305639626
0.8684850204283997
0.8688118412338438
0.8851160633838931
0.8971912123055671
0.8978887397214086
0.9064705649794798
0.9138256243381528
0.9221886791981023
0.9235236039284334
0.9223365176174404
0.9286747579913368
0.9313423026537313
0.9307628779207248
0.9338551769053683
0.9351513692997505
0.93704865038168
0.9382286079891871
0.9397843381655479
0.9397803842347778
0.9419504020895948
0.9415963229452815
0.9438631687559994
0.9457898494185475
0.9441343379486086
0.9459191788068398
0.9459669952782502
0.9464224090948191
0.9472886126148988
0.9474510673846551
0.9484674103421703
0.947945894276936
0.9488294031562422
0.9491308519459483
0.9489180094812726
0.9493806813537137
0.9494136536997382
0.9498010872810065
0.9499855018372758
0.9504179363390158
0.9495332198119487
0.9502507473282672
0.9503441775136007
0.9506456988773826
0.9506331307327001
0.950749104225109
0.950790229599964
0.9506394021069914
0.9513068339413854
0.9512633535194067
0.9511459689802727
0.9512275516505635
0.9512577273985172
0.9513720920264361
0.9514958247405068
0.951588370794007
0.9518167795509981
0.951446253288126
0.9517252557069691
0.9517623957280575
0.9517202424943095
0.9517486124147104
0.9518047593115798
0.9519609904840016
0.9519191153233859
0.9520323235147539
0.9521036592338751
0.9519481914932596
0.9520675196605392
0.952140438323341
0.9520842072030793
0.9521375278818635
0.9521112520443771
0.9522078130312317
0.9521319024555334
0.9522375713267147
0.9522552889830579
0.9522861998967022
0.9522682395501924
0.9522790817536284
0.9522443620772397
0.9523128923032278
0.9523629047596149
0.9523099773685088
0.9523402552432364
0.9523761757189785
0.9523536619813862
