0.032692307692307694
0.10384615384615385
0.14038461538461539
0.16826923076923078
0.1576923076923077
0.12307692307692308
0.16923076923076924
0.1576923076923077
0.19134615384615383
0.16923076923076924
0.18653846153846154
0.17596153846153847
0.18461538461538463
0.2298076923076923
0.2048076923076923
0.20384615384615384
0.22692307692307692
0.2173076923076923
0.26346153846153847
0.28846153846153844
0.2903846153846154
0.27403846153846156
0.2625
0.2971153846153846
0.30865384615384617
0.30865384615384617
0.28557692307692306
0.3211538461538462
0.3403846153846154
0.3596153846153846
0.3269230769230769
0.3346153846153846
0.36538461538461536
0.3548076923076923
0.35673076923076924
0.3951923076923077
0.40576923076923077
0.41923076923076924
0.40673076923076923
0.3971153846153846
0.4182692307692308
0.38846153846153847
0.42596153846153845
0.43173076923076925
0.4288461538461538
0.4288461538461538
0.4442307692307692
0.45865384615384613
0.47692307692307695
0.44134615384615383
0.45865384615384613
0.46923076923076923
0.4778846153846154
0.48846153846153845
0.4846153846153846
0.47884615384615387
0.49038461538461536
0.4855769230769231
0.4875
0.5163461538461539
0.5028846153846154
0.5201923076923077
0.49903846153846154
0.5144230769230769
0.5096153846153846
0.5192307692307693
0.5173076923076924
0.5163461538461539
0.5278846153846154
0.5259615384615385
0.5365384615384615
0.5355769230769231
0.5288461538461539
0.5461538461538461
0.5278846153846154
0.5692307692307692
0.5605769230769231
0.5644230769230769
0.5336538461538461
0.5692307692307692
0.5557692307692308
0.5490384615384616
0.5394230769230769
0.5596153846153846
0.5528846153846154
0.5769230769230769
0.5759615384615384
0.5701923076923077
0.5586538461538462
0.5548076923076923
0.5721153846153846
0.5673076923076923
0.5807692307692308
0.5951923076923077
0.5971153846153846
0.5788461538461539
0.5817307692307693
0.5846153846153846
0.6163461538461539
0.5855769230769231
