0.041346153846153845
0.10865384615384616
0.09807692307692308
0.12211538461538461
0.16442307692307692
0.1596153846153846
0.20288461538461539
0.23173076923076924
0.23461538461538461
0.22884615384615384
0.28076923076923077
0.29423076923076924
0.28942307692307695
0.3057692307692308
0.3278846153846154
0.3548076923076923
0.36346153846153845
0.3730769230769231
0.3817307692307692
0.41057692307692306
0.40865384615384615
0.40192307692307694
0.42788461538461536
0.4173076923076923
0.41634615384615387
0.42980769230769234
0.45096153846153847
0.45384615384615384
0.4326923076923077
0.4740384615384615
0.4528846153846154
0.46923076923076923
0.48653846153846153
0.5115384615384615
0.5096153846153846
0.5086538461538461
0.5221153846153846
0.5288461538461539
0.5365384615384615
0.5471153846153847
0.5653846153846154
0.5423076923076923
0.5846153846153846
0.5567307692307693
0.5567307692307693
0.5625
0.5798076923076924
0.5663461538461538
0.5894230769230769
0.573076923076923
