0.07596153846153846
0.10673076923076923
0.11153846153846154
0.125
0.1576923076923077
0.1673076923076923
0.18173076923076922
0.2144230769230769
0.21923076923076923
0.24807692307692308
0.30096153846153845
0.29903846153846153
0.28846153846153844
0.3269230769230769
0.3057692307692308
0.3173076923076923
0.3375
0.3490384615384615
0.36346153846153845
0.3644230769230769
0.3798076923076923
0.37115384615384617
0.36923076923076925
0.3663461538461538
0.40192307692307694
0.4221153846153846
0.4201923076923077
0.4480769230769231
0.42980769230769234
0.45865384615384613
0.46153846153846156
0.44134615384615383
0.4548076923076923
0.475
0.475
0.48653846153846153
0.5
0.4855769230769231
0.5038461538461538
0.5067307692307692
0.5134615384615384
0.5182692307692308
0.5317307692307692
0.5346153846153846
0.5548076923076923
0.5413461538461538
0.5586538461538462
0.5778846153846153
0.5721153846153846
0.551923076923077
0.5769230769230769
0.6048076923076923
0.6086538461538461
0.6067307692307692
0.5798076923076924
0.5951923076923077
0.6134615384615385
0.6057692307692307
0.6269230769230769
0.6317307692307692
0.6105769230769231
0.6298076923076923
0.625
0.6057692307692307
0.6134615384615385
0.6230769230769231
0.6375
0.6605769230769231
0.6307692307692307
0.6557692307692308
0.6548076923076923
0.6375
0.6615384615384615
0.6528846153846154
0.6432692307692308
0.6451923076923077
0.6240384615384615
0.6788461538461539
0.6528846153846154
0.6480769230769231
0.6942307692307692
0.6759615384615385
0.6903846153846154
0.6721153846153847
0.6471153846153846
0.6961538461538461
0.7009615384615384
0.6971153846153846
0.6740384615384616
0.6865384615384615
0.6625
0.6807692307692308
0.6894230769230769
0.6798076923076923
0.7115384615384616
0.6923076923076923
0.6961538461538461
0.6855769230769231
0.7
0.6942307692307692
