0.326102065509012
0.5454726987367883
0.546343203908572
0.5793370376108433
0.619212214029674
0.6288865202342039
0.6761210501550998
0.6962919378782196
0.7190642722822714
0.7122361829082844
0.723404214828674
0.7324270385405256
0.7499840013376178
0.7542101600575117
0.762172441528756
0.7699039861566503
0.7797873509739147
0.795423661114508
0.7948428721789579
0.8032866447633702
0.8051561093425925
0.815747522037726
0.8185673633445064
0.8192687342449141
0.8230168793358216
0.8207585236363866
0.8165025958284439
0.8196055529851927
0.8263630647789272
0.8293571524060438
0.8225624873850234
0.8304341288935256
0.8322389299736059
0.833085840483865
0.8322788644720264
0.8324424565647878
0.8281621692343001
0.8243911749297084
0.8247436731228234
0.8281523553964409
0.8276251996293004
0.8262727117257571
0.8254705918357715
0.8287384064651688
0.8278300728185765
0.8259487819546852
0.8245568127187277
0.8272009297020079
0.8265203945581682
0.8273398265737087
0.8293793418152104
0.8282548442352841
0.828333974802783
0.8278672273996651
0.8273566452746549
0.8265867000488194
0.8251176723928755
0.8248089387040551
0.8267540699660654
0.8242300614921654
0.8251656314463607
0.8252787017139883
0.8260285378986582
0.8272602071224976
0.8271837439250104
0.8269996822366348
0.8265097705888721
0.8280777973410158
0.8282226365078356
0.828433667389995
0.8274570993541452
0.8276545830196542
0.8272128784031195
0.8261027348317117
0.827308717891561
0.8258613689463565
0.8255985605836839
0.8277652722036869
0.8286561810966653
0.8285813824038478
0.8285813824038478
0.828384966790621
0.8277688807154707
0.8278208335179814
0.8283735244731235
0.8282113723204224
0.8282113723204224
0.828426908847181
0.8283391528244027
0.8276592143094706
0.8275100201399022
0.827524168952041
0.8275093073123704
0.8275125692996557
0.8275175212265855
0.8261636777396109
0.8286190306836212
0.828372213105475
0.8274941368495989
0.8275372469141823
