0.37699080034654614
0.5588335166894431
0.5347639938479859
0.5375313541781576
0.5997080207688462
0.5628270343575817
0.6332863164240157
0.6337266103225389
0.6489522294066189
0.6402173143054436
0.6758527997261169
0.6754874456626393
0.6863576580350931
0.693475621024366
0.7102528031059844
0.7386460354242982
0.7222110068308394
0.7792969867242409
0.7779916346516098
0.7865493354221258
0.784021365082056
0.7982862377517275
0.7968805835657512
0.810443330870204
0.8098580235819937
0.8325539534952142
0.8260177447439134
0.8318094478317196
0.850584824639288
0.8373938901526239
0.8623822807120342
0.8635373581665603
0.8652845690335264
0.8784988688555414
0.8719665725711804
0.8671280253029052
0.8842963574143745
0.8830136799820459
0.895266906039177
0.8901274364812795
0.8947109885335072
0.9016032823967363
0.897939233552689
0.9027963997118571
0.9046675443515372
0.9097918288185284
0.9096455891111254
0.9134117265680445
0.9100854668200039
0.9118611923135758
0.9209877120422951
0.9206812054225574
0.9226694807559558
0.9229675555924662
0.923564719427893
0.9291131262475795
0.9252393138307233
0.9284402977056516
0.9309232186927171
0.9314296650500575
0.9276706198231182
0.9287529216480648
0.9313276776426812
0.9274277335191295
0.9319858709733093
0.9335975387547104
0.9371623767574139
0.9370887665092174
0.9393359436250018
0.9406006478520653
0.9404303346104725
0.9415695772693331
0.9384923309559245
0.9412704350121781
0.9407343525173416
0.9429221522527111
0.944976433376476
0.9448561467725638
0.9446846572445498
0.9418727538440921
0.9430783133696163
0.9442863263977184
0.9445132720236769
0.9458965229231252
0.946462771230874
0.9471871815609134
0.9466413248767432
0.9470674514151393
0.9473032805474891
0.9475631806835251
0.9473402908091398
0.9466439602169864
0.9482712280099733
0.9472753436895462
0.9487579939587842
0.9485932442491423
0.9484375869834354
0.9477569612345124
0.9485947678937406
0.9486137237439455
