0.038461538461538464
0.10384615384615385
0.11153846153846154
0.13173076923076923
0.20192307692307693
0.19326923076923078
0.1778846153846154
0.26153846153846155
0.2326923076923077
0.24519230769230768
0.23461538461538461
0.2519230769230769
0.27692307692307694
0.32403846153846155
0.3298076923076923
0.3326923076923077
0.3317307692307692
0.3576923076923077
0.34615384615384615
0.38076923076923075
0.3971153846153846
0.40576923076923077
0.4096153846153846
0.4394230769230769
0.4673076923076923
0.4567307692307692
0.45
0.4701923076923077
0.4740384615384615
0.49615384615384617
0.4528846153846154
0.4673076923076923
0.49038461538461536
0.49230769230769234
0.4971153846153846
0.5288461538461539
0.525
0.55
0.5490384615384616
0.5384615384615384
0.5432692307692307
0.5451923076923076
0.5557692307692308
0.5682692307692307
0.5490384615384616
0.551923076923077
0.5615384615384615
0.5653846153846154
0.5961538461538461
0.6105769230769231
0.5932692307692308
0.5913461538461539
0.6105769230769231
0.5865384615384616
0.6163461538461539
0.614423076923077
0.614423076923077
0.5894230769230769
0.6240384615384615
0.6
0.6134615384615385
0.6153846153846154
0.6317307692307692
0.6451923076923077
0.6432692307692308
0.6528846153846154
0.6461538461538462
0.6394230769230769
0.6634615384615384
0.6471153846153846
0.6394230769230769
0.6394230769230769
0.6423076923076924
0.6538461538461539
0.6701923076923076
0.6884615384615385
0.6826923076923077
0.7115384615384616
0.6942307692307692
0.6740384615384616
0.7115384615384616
0.6721153846153847
0.6903846153846154
0.6855769230769231
0.6817307692307693
0.7076923076923077
0.7028846153846153
0.7019230769230769
0.6884615384615385
0.6923076923076923
0.6865384615384615
0.7038461538461539
0.6951923076923077
0.7259615384615384
0.6942307692307692
0.698076923076923
0.7125
0.7076923076923077
0.7144230769230769
0.7307692307692307

0.6923076923076923
