0.32981079210260106
0.5415956338822188
0.576566298130405
0.6514980873228943
0.6247789594951706
0.669811422407232
0.7032474817962783
0.723976367877107
0.7603204622617586
0.7714883757756951
0.7720260110548152
0.8050868454456538
0.8033557318519698
0.8094725054402782
0.8291644510570625
0.8468197831949782
0.8543843274144532
0.8644541023558503
0.8712446621158957
0.8852086684552212
0.8922106758935544
0.8927290498124951
0.8964462203686038
0.9016970796999428
0.9150294863346584
0.9118373860247101
0.9173036849284877
0.9210498548729555
0.9196855101524812
0.9245446347410002
0.9226830722870594
0.9327744272649452
0.9326713079546954
0.9339503062307943
0.9324045302745955
0.9370310087727262
0.9362249171390523
0.9369209070030562
0.940071602486181
0.9387178016998837
0.9400117314331876
0.940411859069448
0.9427655909655777
0.9416783621939622
0.9449212900648278
0.9422152040739563
0.9442894349528093
0.9446534031886091
0.9437555700269832
0.9451193654575649
0.9470305836971331
0.9471257225609465
0.948037637089297
0.9473519327999982
0.9482196594045434
0.9477297858380029
0.9487881257521427
0.9484428127741379
0.948627584910891
0.9493358581474306
0.9495943616499382
0.949896478792871
0.9493883880167931
0.9496767782875715
0.949807535979594
0.9501393506036603
0.9506232243149141
0.9499928774007066
0.9505152528221004
0.9504281471800771
0.950584538864462
0.9504771758345798
0.9511844631231708
0.9513605232829193
0.951456697997836
0.9512690140688632
0.9515055442876517
0.9512509754729187
0.9512461050867367
0.9513849778056097
0.9517396033233949
0.9516821514188583
0.9515825014795958
0.9517803900561114
0.9518025076947896
0.9519497505827554
0.9518121048939238
0.9518447873466073
0.9520516196511891
0.9519485226398439
0.951946211999511
0.9519038746820057
0.9520339363445928
0.9521720467097675
0.9521146483905272
0.9519606859294096
0.9521713309305843
0.9520808873930395
0.9520593380055103
0.952129885840063
