0.35731975153675144
0.5617735146934291
0.5798998891637179
0.6603026310126662
0.6731703931159257
0.7112742721760669
0.7675400683030517
0.7570695360538428
0.7958110602124195
0.8016301279821814
0.8415386606390972
0.8398625804719755
0.8413449913141086
0.8739850789124871
0.8779180305880283
0.8887063893703695
0.8862754388986284
0.8986580658358689
0.9022511435414857
0.9094419279341934
0.9155675377438768
0.9172287238119341
0.9242417499033168
0.9275189392358709
0.9272552991319204
0.9292755739935501
0.933286583398015
0.932679494736567
0.9373065721547015
0.9379522602901609
0.9395184131472741
0.9385629627258444
0.942947439238143
0.9427259013256613
0.9424542681261593
0.9445415615705269
0.9451659476615052
0.9452245463288631
0.945033050096715
0.9463711736180197
0.9475050166466659
0.9472415169432927
0.9480793179373839
0.9478015557617266
0.9479244942244266
0.9488225257251157
0.949071393744244
0.9497023523542959
0.9495008149492903
0.9497102954160941
0.9496821436391775
0.9501773986803649
0.9502566247852153
0.9501876526418149
0.9505261056711568
0.9505209269502297
0.9507787560690496
0.9507451295247693
0.9511612736964271
0.9513012741073723
0.9513171532059589
0.9513155179429236
0.951063846758901
0.9512937117136931
0.9514706111107527
0.9516380069312661
0.951511828571992
0.9514763145292121
0.9517820685989535
0.9517179573452025
0.9517724203263896
0.951950895373134
0.9519218348991448
0.9519156377832917
0.9518613096195014
0.9520235858834307
0.952051107268661
0.9520627390789657
0.9519743156596703
0.9521058675016134
0.9521301068463489
0.9520983774707359
0.9520862756883605
0.9521199994668342
0.9521547783697312
0.9521832684900096
0.9522319240645369
0.9521779881351524
0.9522162940512446
0.9523061348697821
0.9522276876261773
0.9522970260672519
0.9522598698500546
0.9522524938781989
0.9522748306588683
0.9522671470837536
0.9523323954942626
0.9522518337591406
0.952350116886546
0.9523310492307869
