0.02980769230769231
0.12403846153846154
0.12307692307692308
0.1375
0.1375
0.13846153846153847
0.13942307692307693
0.17692307692307693
0.1605769230769231
0.18365384615384617
0.20673076923076922
0.22788461538461538
0.22884615384615384
0.2221153846153846
0.2423076923076923
0.30865384615384617
0.2951923076923077
0.2826923076923077
0.3192307692307692
0.3230769230769231
0.34423076923076923
0.34615384615384615
0.3605769230769231
0.35096153846153844
0.3596153846153846
0.34326923076923077
0.40192307692307694
0.37596153846153846
0.38076923076923075
0.3836538461538462
0.4
0.43846153846153846
0.44134615384615383
0.4461538461538462
0.425
0.4567307692307692
0.4567307692307692
0.45576923076923076
0.4653846153846154
0.46442307692307694
0.4826923076923077
0.4913461538461538
0.5009615384615385
0.5048076923076923
0.49903846153846154
0.5115384615384615
0.5259615384615385
0.5259615384615385
0.5317307692307692
0.5307692307692308
0.5307692307692308
0.5288461538461539
0.5423076923076923
0.5394230769230769
0.5317307692307692
0.5576923076923077
0.5682692307692307
0.5711538461538461
0.5663461538461538
0.5644230769230769
0.5903846153846154
0.5836538461538462
0.5923076923076923
0.5961538461538461
0.5894230769230769
0.6
0.5932692307692308
0.6009615384615384
0.6038461538461538
0.5951923076923077
0.5990384615384615
0.6086538461538461
0.5971153846153846
0.5865384615384616
0.5971153846153846
0.5826923076923077
0.5971153846153846
0.5971153846153846
0.6375
0.6163461538461539
0.6278846153846154
0.6096153846153847
0.6057692307692307
0.6230769230769231
0.6240384615384615
0.6221153846153846
0.6134615384615385
0.6317307692307692
0.6125
0.6278846153846154
0.6336538461538461
0.6105769230769231
0.6221153846153846
0.6548076923076923
0.6480769230769231
0.6528846153846154
0.6423076923076924
0.6461538461538462
0.6403846153846153
0.65
