0.3328403267091558
0.524148813318503
0.5978471035115132
0.6009254337686711
0.669676787536799
0.6934528618903059
0.7236054564147293
0.7296844079903018
0.7820749446260535
0.8119043692280491
0.8183215927901066
0.8368048985152625
0.831257583222761
0.866360244334798
0.8652390181378292
0.8799064475589138
0.8871223265524705
0.8929533690591236
0.8969263101633053
0.9095089138982465
0.9082225352015759
0.9116201447027142
0.9192284979218781
0.9211953688442414
0.927725082002158
0.9299456916608966
0.9349825808994787
0.9315168823891535
0.9347356527063119
0.9363939353947167
0.9395861310938862
0.9396507641296511
0.9402432773062913
0.9413451966047108
0.9426371005701477
0.9436920798754712
0.9434131753772316
0.9443858816888913
0.9459862220436406
0.9457486581470655
0.9463415212899318
0.9464705127291173
0.9468707225464073
0.9479652568616813
0.947832128963005
0.948297398362011
0.9485886746105459
0.9487681793578453
0.9491130972830656
0.9498498934786248
