0.3616421070529414
0.5211504471293882
0.5476562690578026
0.5987228969773319
0.6413700247630866
0.6769897874935048
0.6726635053339511
0.6981278255494627
0.7087627975968244
0.7079810813033448
0.7554102413763705
0.7632987843684756
0.7882956228312237
0.8068836315422898
0.7926236813716642
0.8188925493940282
0.8395065601439144
0.8392887886168093
0.86333875563438
0.8594698118791307
0.8628195248202564
0.8756994088934905
0.8859120887759413
0.886411135814008
0.8916637062718288
0.8978798785546032
0.9048587772505594
0.9054389738163534
0.9177385603682015
0.9140287872152535
0.9088966766140053
0.9175534184623972
0.9170835184441317
0.9248753542381573
0.9247784525016853
0.9318297683011816
0.9332758139422832
0.9343315922114612
0.9329088396417307
0.9348004505034541
0.9379745200151077
0.934877074539231
0.9392968807525094
0.940932208295245
0.9385917651972108
0.9391725401222109
0.9434637265467354
0.9429315162150642
0.9440353950939107
0.9443652421906478
0.9445395002812669
0.9461501810088889
0.9471998271063113
0.9473438977893477
0.9469134492805952
0.9473877109019927
0.9474071852227025
0.9475091560550212
0.9482200564755231
0.9477468125980567
0.9482552151116194
0.9488058180874325
0.9488705958931238
0.9491314190675141
0.9495209239330253
0.9501495296765797
0.9501169741122014
0.9497752035455431
0.9501680061711513
0.9506285992483803
0.9503934429147738
0.9506999738271837
0.9501848892713599
0.9505651334714689
0.950490002832773
0.9505978864595648
0.950681033804593
0.95094133354949
0.9508090107758955
0.9510738320042382
0.9507404196667256
0.9509309282734507
0.9513102986932802
0.9514079315965844
0.9515251720136098
0.9515829022548563
0.9516608623380798
0.9516578043747708
0.9516704988898681
0.9518766392597515
0.9517918708770428
0.9517385610659929
0.951654968488044
0.9517732912192355
0.9518481540542278
0.9518741775473021
0.9518013393067467
0.9520113530330612
0.9518634436250021
0.9518643221573353
