0.041346153846153845
0.09903846153846153
0.10288461538461538
0.14326923076923076
0.14903846153846154
0.15384615384615385
0.18365384615384617
0.1798076923076923
0.1971153846153846
0.18461538461538463
0.2125
0.21057692307692308
0.24519230769230768
0.25384615384615383
0.24615384615384617
0.2625
0.2826923076923077
0.27692307692307694
0.29615384615384616
0.28076923076923077
0.30096153846153845
0.32884615384615384
0.3057692307692308
0.3298076923076923
0.32884615384615384
0.3057692307692308
0.3528846153846154
0.3451923076923077
0.3778846153846154
0.375
0.3855769230769231
0.3769230769230769
0.36346153846153845
0.3951923076923077
0.3894230769230769
0.4153846153846154
0.43365384615384617
0.4153846153846154
0.4230769230769231
0.4269230769230769
0.45
0.4125
0.4442307692307692
0.4461538461538462
0.4326923076923077
0.4096153846153846
0.4807692307692308
0.44134615384615383
0.4461538461538462
0.4548076923076923
0.4519230769230769
0.4653846153846154
0.48846153846153845
0.5028846153846154
0.5125
0.4846153846153846
0.5019230769230769
0.5067307692307692
0.5125
0.5028846153846154
0.5115384615384615
0.5269230769230769
0.5230769230769231
0.55
0.5701923076923077
0.5451923076923076
0.5403846153846154
0.5365384615384615
0.5673076923076923
0.5653846153846154
0.5634615384615385
0.5855769230769231
0.5557692307692308
0.5673076923076923
0.5653846153846154
0.5528846153846154
0.5740384615384615
0.5644230769230769
0.5673076923076923
0.5826923076923077
0.5923076923076923
0.575
0.5759615384615384
0.5596153846153846
0.5932692307692308
0.5567307692307693
0.5769230769230769
0.5798076923076924
0.5576923076923077
0.5942307692307692
0.5807692307692308
0.5769230769230769
0.5865384615384616
0.5798076923076924
0.5644230769230769
0.5980769230769231
0.5826923076923077
0.573076923076923
0.5769230769230769
0.5846153846153846
