0.03076923076923077
0.06153846153846154
0.09519230769230769
0.0875
0.11057692307692307
0.11538461538461539
0.13173076923076923
0.13846153846153847
0.1596153846153846
0.15673076923076923
0.14903846153846154
0.17211538461538461
0.17115384615384616
0.18076923076923077
0.17692307692307693
0.18653846153846154
0.19134615384615383
0.20865384615384616
0.1951923076923077
0.21346153846153845
0.23557692307692307
0.22596153846153846
0.22788461538461538
0.23653846153846153
0.2326923076923077
0.25769230769230766
0.2548076923076923
0.26634615384615384
0.2721153846153846
0.2673076923076923
0.2692307692307692
0.2625
0.27884615384615385
0.28173076923076923
0.2721153846153846
0.27307692307692305
0.27692307692307694
0.29423076923076924
0.29615384615384616
0.2865384615384615
0.3019230769230769
0.30865384615384617
0.30096153846153845
0.31153846153846154
0.31346153846153846
0.31346153846153846
0.31634615384615383
0.30288461538461536
0.3346153846153846
0.33076923076923076
0.33653846153846156
0.34326923076923077
0.32884615384615384
0.35192307692307695
0.34807692307692306
0.3576923076923077
0.36153846153846153
0.3548076923076923
0.3596153846153846
0.3730769230769231
0.3798076923076923
0.37403846153846154
0.36538461538461536
0.3855769230769231
0.3798076923076923
0.38846153846153847
0.40192307692307694
0.3875
0.3923076923076923
0.38653846153846155
0.3923076923076923
0.40192307692307694
0.4028846153846154
0.4028846153846154
0.4125
0.4096153846153846
0.39807692307692305
0.4096153846153846
0.4
0.4115384615384615
0.4096153846153846
0.40192307692307694
0.4096153846153846
0.4182692307692308
0.42403846153846153
0.41442307692307695
0.41346153846153844
0.43653846153846154
0.43846153846153846
0.4423076923076923
0.4355769230769231
0.44326923076923075
0.4394230769230769
0.44519230769230766
0.4480769230769231
0.4394230769230769
0.4442307692307692
0.4394230769230769
0.4288461538461538
0.43173076923076925
