0.05576923076923077
0.08557692307692308
0.09711538461538462
0.12884615384615383
0.14615384615384616
0.18557692307692308
0.16442307692307692
0.1971153846153846
0.19807692307692307
0.22403846153846155
0.23846153846153847
0.25769230769230766
0.3076923076923077
0.2778846153846154
0.33076923076923076
0.36923076923076925
0.33653846153846156
0.36346153846153845
0.4153846153846154
0.4125
0.3855769230769231
0.4346153846153846
0.44326923076923075
0.4346153846153846
0.44326923076923075
0.4375
0.45576923076923076
0.4567307692307692
0.4423076923076923
0.47692307692307695
0.46923076923076923
0.4778846153846154
0.5009615384615385
0.5
0.5086538461538461
0.5076923076923077
0.4875
0.5096153846153846
0.5413461538461538
0.5269230769230769
0.5394230769230769
0.5442307692307692
0.5182692307692308
0.5346153846153846
0.5442307692307692
0.5442307692307692
0.573076923076923
0.5625
0.5375
0.551923076923077
0.5721153846153846
0.5634615384615385
0.5826923076923077
0.5711538461538461
0.5778846153846153
0.5923076923076923
0.5826923076923077
0.6192307692307693
0.614423076923077
0.6038461538461538
0.6
0.625
0.6163461538461539
0.6365384615384615
0.6259615384615385
0.6365384615384615
0.6394230769230769
0.6403846153846153
0.6461538461538462
0.6278846153846154
0.6519230769230769
0.6480769230769231
0.6471153846153846
0.6480769230769231
0.6548076923076923
0.6836538461538462
0.6432692307692308
0.6634615384615384
0.6701923076923076
0.65
0.6596153846153846
0.6855769230769231
0.6605769230769231
0.6692307692307692
0.6865384615384615
0.6875
0.6807692307692308
0.6913461538461538
0.7048076923076924
0.7
0.6884615384615385
0.6846153846153846
0.6798076923076923
0.6990384615384615
0.7086538461538462
0.7028846153846153
0.6836538461538462
0.6817307692307693
0.7134615384615385
0.6961538461538461
