0.35523412486255934
0.5445064703967962
0.5370865351219144
0.579277158420547
0.6196269358098861
0.6614517273384058
0.659572900525179
0.706351354937825
0.6612084963100676
0.7460426777927401
0.7513766692546352
0.7819280486937121
0.7842081167827237
0.7938243849145763
0.8230675961038295
0.8361972344784326
0.8403798030037712
0.8590293837864
0.8509888860992588
0.8706145489863439
0.8734762469197983
0.8837521323666446
0.8790033440758533
0.8920417350436185
0.8979582362769168
0.9034908636518747
0.9103290255882158
0.9145187165697279
0.9162597088567204
0.9243353256629259
0.9253899471517159
0.929503675391897
0.9273403143585733
0.9294493161357237
0.9326686548090553
0.9317772889463368
0.9350889584650698
0.9369812209912385
0.937685101896825
0.939371148467175
0.9403058166858799
0.9408226035972723
0.9411690685477031
0.9421460251290037
0.9430159052195658
0.9438358660368038
0.9438234649186124
0.9455804029992819
0.9440840202598125
0.9457586713314489
0.9471758691458245
0.9472103845577088
0.947849657739941
0.9474617838189295
0.9483604261314892
0.9487644480948065
0.9487212990614005
0.9492303447995282
0.9488477046874109
0.9489195969314632
0.9498404656859887
0.9490611649206844
0.9498689097114907
0.9497921960608339
0.9499344233064382
0.9500090739897304
0.9504448403920597
0.9501790657112198
0.9506644460780248
0.9506661557806049
0.9507430139497139
0.9508917092867976
0.950717126960441
0.9510150902721293
0.9509392662445288
0.9511461557974938
0.9511870253614507
0.9512454638151957
0.9514965168761375
0.9515398492706665
0.9515007100612161
0.9515859287398027
0.9517398700375946
0.9516538803776318
0.9517091658062757
0.9515838914680664
0.9517148773405871
0.9520194933761327
0.9519389495097423
0.9519599638789348
0.9519371457993854
0.9519954134954354
0.9519426045849958
0.9518937295443289
0.9520190069593424
0.9520947709370228
0.9521285890265297
0.9521925563066325
0.9521228683735261
0.9522247910093199
