0.035576923076923075
0.10961538461538461
0.125
0.17211538461538461
0.16153846153846155
0.17596153846153847
0.2076923076923077
0.2153846153846154
0.26634615384615384
0.2653846153846154
0.2971153846153846
0.3173076923076923
0.2980769230769231
0.3144230769230769
0.3423076923076923
0.34134615384615385
0.36153846153846153
0.36923076923076925
0.375
0.38269230769230766
0.3769230769230769
0.40673076923076923
0.41057692307692306
0.4230769230769231
0.4173076923076923
0.4182692307692308
0.4375
0.4346153846153846
0.43653846153846154
0.4394230769230769
0.4423076923076923
0.4519230769230769
0.44711538461538464
0.4326923076923077
0.4480769230769231
0.4442307692307692
0.4576923076923077
0.4480769230769231
0.45865384615384613
0.46634615384615385
0.4576923076923077
0.45576923076923076
0.4596153846153846
0.45865384615384613
0.4625
0.46442307692307694
0.4634615384615385
0.46442307692307694
0.46826923076923077
0.4634615384615385
0.4576923076923077
0.46153846153846156
0.46634615384615385
0.46442307692307694
0.46442307692307694
0.4625
0.46057692307692305
0.4576923076923077
0.46057692307692305
0.4596153846153846
0.4653846153846154
0.4653846153846154
0.4653846153846154
0.4653846153846154
0.4653846153846154
0.4653846153846154
0.4653846153846154
0.4653846153846154
0.4653846153846154
0.4653846153846154
0.4653846153846154
0.4653846153846154
0.46634615384615385
0.46634615384615385
0.46634615384615385
0.46442307692307694
0.46634615384615385
0.46634615384615385
0.46634615384615385
0.46634615384615385
0.46634615384615385
0.4673076923076923
0.4673076923076923
0.4673076923076923
0.4653846153846154
0.46634615384615385
0.46634615384615385
0.4673076923076923
0.4673076923076923
0.46826923076923077
0.46826923076923077
0.46826923076923077
0.46826923076923077
0.46826923076923077
0.46826923076923077
0.46826923076923077
0.46826923076923077
0.46826923076923077
0.4673076923076923
0.4673076923076923
