0.04230769230769231
0.09326923076923077
0.08076923076923077
0.11153846153846154
0.14711538461538462
0.14615384615384616
0.12307692307692308
0.15
0.1701923076923077
0.17403846153846153
0.18653846153846154
0.20961538461538462
0.22596153846153846
0.24807692307692308
0.21057692307692308
0.24326923076923077
0.2721153846153846
0.25
0.2701923076923077
0.2826923076923077
0.2778846153846154
0.30096153846153845
0.28942307692307695
0.27884615384615385
0.28942307692307695
0.30288461538461536
0.3096153846153846
0.3173076923076923
0.3317307692307692
0.3317307692307692
0.3384615384615385
0.36538461538461536
0.3451923076923077
0.35673076923076924
0.3557692307692308
0.38076923076923075
0.3875
0.4009615384615385
0.4269230769230769
0.41634615384615387
0.42596153846153845
0.42980769230769234
0.42115384615384616
0.46826923076923077
0.4634615384615385
0.4307692307692308
0.4673076923076923
0.44903846153846155
0.47307692307692306
0.4798076923076923
0.4778846153846154
0.47692307692307695
0.48365384615384616
0.4596153846153846
0.4807692307692308
0.47884615384615387
0.48173076923076924
0.47596153846153844
0.49230769230769234
0.47596153846153844
0.49038461538461536
0.4951923076923077
0.5019230769230769
0.5230769230769231
0.5057692307692307
0.5115384615384615
0.5067307692307692
0.5134615384615384
0.5009615384615385
0.5192307692307693
0.5211538461538462
0.5221153846153846
0.5125
0.5355769230769231
0.5509615384615385
0.5403846153846154
0.5442307692307692
0.5346153846153846
0.5490384615384616
0.5451923076923076
0.5586538461538462
0.5451923076923076
0.5471153846153847
0.5384615384615384
0.5548076923076923
0.5644230769230769
0.5701923076923077
0.5788461538461539
0.5663461538461538
0.5778846153846153
0.5894230769230769
0.5759615384615384
0.5836538461538462
0.573076923076923
0.5778846153846153
0.5692307692307692
0.5817307692307693
0.5903846153846154
0.5846153846153846
0.5923076923076923
