0.032692307692307694
0.08076923076923077
0.10192307692307692
0.12403846153846154
0.15096153846153845
0.19326923076923078
0.20192307692307693
0.21923076923076923
0.2567307692307692
0.2980769230769231
0.31634615384615383
0.2826923076923077
0.29423076923076924
0.3057692307692308
0.31634615384615383
0.3490384615384615
0.3471153846153846
0.3644230769230769
0.3951923076923077
0.4307692307692308
0.4153846153846154
0.43365384615384617
0.4442307692307692
0.425
0.45865384615384613
0.4394230769230769
0.4826923076923077
0.4634615384615385
0.4423076923076923
0.48846153846153845
0.5125
0.4932692307692308
0.4980769230769231
0.5115384615384615
0.4951923076923077
0.5278846153846154
0.5307692307692308
0.5086538461538461
0.5451923076923076
0.5461538461538461
0.551923076923077
0.5586538461538462
0.5682692307692307
0.5692307692307692
0.575
0.5769230769230769
0.5625
0.5961538461538461
0.5846153846153846
0.5884615384615385
0.6
0.6
0.5798076923076924
0.6163461538461539
0.614423076923077
0.614423076923077
0.5971153846153846
0.6105769230769231
0.6105769230769231
0.625
0.6461538461538462
0.6384615384615384
0.6423076923076924
0.6201923076923077
0.6384615384615384
0.6394230769230769
0.6384615384615384
0.6346153846153846
0.6471153846153846
0.6442307692307693
0.6471153846153846
0.6326923076923077
0.6548076923076923
0.6423076923076924
0.65
0.6625
0.6730769230769231
0.6884615384615385
0.6817307692307693
0.6653846153846154
0.6798076923076923
0.6740384615384616
0.6692307692307692
0.6817307692307693
0.6932692307692307
0.6644230769230769
0.6846153846153846
0.6951923076923077
0.6778846153846154
0.6990384615384615
0.6653846153846154
0.6932692307692307
0.6971153846153846
0.6836538461538462
0.6894230769230769
0.6798076923076923
0.7009615384615384
0.6807692307692308
0.6846153846153846
0.676923076923077
