0.032692307692307694
0.13653846153846153
0.14038461538461539
0.1548076923076923
0.18653846153846154
0.19423076923076923
0.1875
0.20384615384615384
0.20865384615384616
0.22884615384615384
0.23653846153846153
0.2798076923076923
0.2971153846153846
0.3057692307692308
0.2932692307692308
0.29134615384615387
0.33557692307692305
0.3605769230769231
0.3384615384615385
0.3490384615384615
0.3942307692307692
0.3971153846153846
0.4173076923076923
0.3817307692307692
0.42596153846153845
0.4375
0.42596153846153845
0.4355769230769231
0.48653846153846153
0.43173076923076925
0.47884615384615387
0.48173076923076924
0.5096153846153846
0.5076923076923077
0.5182692307692308
0.49615384615384617
0.48653846153846153
0.5
0.5173076923076924
0.5384615384615384
0.5461538461538461
0.5548076923076923
0.5673076923076923
0.5326923076923077
0.5663461538461538
0.5528846153846154
0.575
0.5615384615384615
0.5663461538461538
0.5778846153846153
0.5855769230769231
0.5846153846153846
0.5951923076923077
0.5567307692307693
0.5817307692307693
0.5836538461538462
0.5846153846153846
0.6048076923076923
0.5846153846153846
0.5798076923076924
0.5846153846153846
0.6096153846153847
0.5788461538461539
0.6096153846153847
0.614423076923077
0.6221153846153846
0.6336538461538461
0.6384615384615384
0.6307692307692307
0.6375
0.6605769230769231
0.65
0.6403846153846153
0.6413461538461539
0.6259615384615385
0.6480769230769231
0.6365384615384615
0.6634615384615384
0.6576923076923077
0.6605769230769231
0.6682692307692307
0.6855769230769231
0.6615384615384615
0.6490384615384616
0.6682692307692307
0.6923076923076923
0.6903846153846154
0.6692307692307692
0.6855769230769231
0.675
0.6923076923076923
0.6615384615384615
0.6913461538461538
0.6730769230769231
0.6682692307692307
0.675
0.6778846153846154
0.7086538461538462
0.6894230769230769
0.6865384615384615
