0.046153846153846156
0.09134615384615384
0.08269230769230769
0.10192307692307692
0.11153846153846154
0.12980769230769232
0.09423076923076923
0.10961538461538461
0.0875
0.09230769230769231
0.11923076923076924
0.12884615384615383
0.10673076923076923
0.10673076923076923
0.09326923076923077
0.10096153846153846
0.09423076923076923
0.08942307692307692
0.08557692307692308
0.09807692307692308
0.08365384615384615
0.0875
0.08461538461538462
0.10673076923076923
0.08942307692307692
0.11634615384615385
0.11057692307692307
0.10480769230769231
0.1076923076923077
0.10192307692307692
0.11538461538461539
0.09711538461538462
0.09326923076923077
0.10288461538461538
0.08173076923076923
0.11538461538461539
0.09711538461538462
0.12211538461538461
0.0673076923076923
0.09423076923076923
0.10961538461538461
0.12307692307692308
0.12788461538461537
0.1
0.11923076923076924
0.09711538461538462
0.10576923076923077
0.09326923076923077
0.09615384615384616
0.09326923076923077
0.08846153846153847
0.08846153846153847
0.07596153846153846
0.08653846153846154
0.08461538461538462
0.07403846153846154
0.10288461538461538
0.08846153846153847
0.0798076923076923
0.08461538461538462
0.0798076923076923
0.08557692307692308
0.07307692307692308
0.09903846153846153
0.07019230769230769
0.08173076923076923
0.07403846153846154
0.07115384615384615
0.06634615384615385
0.0625
0.06346153846153846
0.09519230769230769
0.09038461538461538
0.09423076923076923
0.08557692307692308
0.07596153846153846
0.08846153846153847
0.0875
0.09807692307692308
0.10480769230769231
0.11923076923076924
0.10673076923076923
0.11538461538461539
0.11057692307692307
0.11923076923076924
0.1125
0.12596153846153846
0.1
0.10480769230769231
0.10384615384615385
0.11346153846153846
0.11826923076923077
0.11442307692307692
0.11826923076923077
0.08942307692307692
0.10576923076923077
0.09903846153846153
0.09903846153846153
0.11634615384615385
0.1125
