0.04423076923076923
0.10192307692307692
0.13173076923076923
0.1076923076923077
0.15865384615384615
0.17692307692307693
0.18557692307692308
0.2144230769230769
0.23173076923076924
0.2326923076923077
0.26826923076923076
0.2403846153846154
0.3019230769230769
0.2701923076923077
0.27692307692307694
0.27884615384615385
0.3144230769230769
0.34326923076923077
0.3528846153846154
0.3375
0.3625
0.3701923076923077
0.42788461538461536
0.4076923076923077
0.38653846153846155
0.4115384615384615
0.4028846153846154
0.4153846153846154
0.43365384615384617
0.4596153846153846
0.45
0.46153846153846156
0.4701923076923077
0.47596153846153844
0.4807692307692308
0.4951923076923077
0.5028846153846154
0.5144230769230769
0.5221153846153846
0.5163461538461539
0.5230769230769231
0.5
0.5278846153846154
0.5269230769230769
0.5576923076923077
0.5461538461538461
0.5567307692307693
0.5557692307692308
0.5596153846153846
0.5538461538461539
0.5576923076923077
0.5884615384615385
0.5586538461538462
0.573076923076923
0.5865384615384616
0.5576923076923077
0.5817307692307693
0.5807692307692308
0.5846153846153846
0.5634615384615385
0.5875
0.6173076923076923
0.5769230769230769
0.6115384615384616
0.5932692307692308
0.6115384615384616
0.5990384615384615
0.6009615384615384
0.6096153846153847
0.6115384615384616
0.6086538461538461
0.5923076923076923
0.6048076923076923
0.6326923076923077
0.6326923076923077
0.6067307692307692
0.6298076923076923
0.6509615384615385
0.6326923076923077
0.6394230769230769
0.6346153846153846
0.6403846153846153
0.6403846153846153
0.6461538461538462
0.6576923076923077
0.6461538461538462
0.6471153846153846
0.6375
0.6394230769230769
0.6528846153846154
0.6548076923076923
0.6567307692307692
0.6576923076923077
0.6365384615384615
0.6701923076923076
0.6567307692307692
0.6615384615384615
0.6480769230769231
0.6653846153846154
0.6711538461538461
