0.04519230769230769
0.09711538461538462
0.12307692307692308
0.13846153846153847
0.1605769230769231
0.175
0.20576923076923076
0.19423076923076923
0.2673076923076923
0.26153846153846155
0.225
0.29134615384615387
0.31346153846153846
0.31346153846153846
0.35192307692307695
0.3557692307692308
0.39615384615384613
0.4125
0.4076923076923077
0.4326923076923077
0.4173076923076923
0.43365384615384617
0.4461538461538462
0.4423076923076923
0.46826923076923077
0.4548076923076923
0.4625
0.48653846153846153
0.47307692307692306
0.5009615384615385
0.5076923076923077
0.4971153846153846
0.5038461538461538
0.5211538461538462
0.5528846153846154
0.5346153846153846
0.5365384615384615
0.5673076923076923
0.5625
0.5307692307692308
0.5692307692307692
0.5634615384615385
0.5721153846153846
0.5451923076923076
0.5923076923076923
0.5961538461538461
0.6
0.6307692307692307
0.6057692307692307
0.6038461538461538
0.6230769230769231
0.6259615384615385
0.6278846153846154
0.635576923076923
0.6201923076923077
0.6576923076923077
0.6326923076923077
0.6596153846153846
0.6634615384615384
0.6682692307692307
0.6528846153846154
0.6673076923076923
0.6644230769230769
0.6826923076923077
0.6740384615384616
0.6865384615384615
0.6855769230769231
0.6807692307692308
0.6875
0.6951923076923077
0.6788461538461539
0.6711538461538461
0.6701923076923076
0.7076923076923077
0.6961538461538461
0.6817307692307693
0.7182692307692308
0.7125
0.7125
0.7144230769230769
0.7211538461538461
0.7067307692307693
0.7211538461538461
0.7163461538461539
0.7009615384615384
0.7211538461538461
0.7009615384615384
0.7048076923076924
0.7163461538461539
0.7
0.7096153846153846
0.7221153846153846
0.7038461538461539
0.7009615384615384
0.7326923076923076
0.7221153846153846
0.7057692307692308
0.7259615384615384
0.7192307692307692
0.7230769230769231
