0.36102598459427504
0.5949597735724562
0.5883690219567687
0.6111554529710602
0.6577293579170346
0.6632572634294657
0.7116720204827214
0.7385505910225693
0.7699608619847302
0.7916286369436659
0.8138326198039786
0.8415061115979298
0.8457602167611084
0.8747278284628726
0.8747410849298994
0.8777072649080058
0.8843483964619931
0.8956356628207015
0.8977439181922094
0.9037935761694297
0.9132584338697894
0.9100896011262201
0.9156713163635453
0.9243144446579752
0.9261332202221267
0.9305075324620212
0.9298444467749807
0.9350142911298279
0.9370239655389269
0.9388470585530141
0.9388696891906791
0.9384860920667633
0.9411437044703191
0.9416966540366892
0.943311718867459
0.9423423981357631
0.9441319026107422
0.9457615728541364
0.9453730007072495
0.9463994984470845
0.9462667718667648
0.9465033972703384
0.9483213221718645
0.9472793232779736
0.9490902355916374
0.9483739881552776
0.949293136627542
0.949087350040701
0.949513029257993
0.9499180229772926
0.9494966775435218
0.950153018903838
0.9502455696789144
0.9503914434021172
0.9503001716024373
0.950849730293809
0.9507518631394498
0.9510216187456907
0.9511329117066144
0.9510336235082896
0.9512770722522298
0.9513031830975142
0.9514011644220316
0.9514080562096897
0.95142327172238
0.9515400616776436
0.951719206711129
0.9518806160342257
0.951768137957694
0.9517020276026367
0.9519625632390599
0.9518903975654234
0.9519605428005415
0.951757970043897
0.951845832663486
0.9520185271283272
0.9519841837850952
0.9519999976946988
0.9520321011069253
0.9520446960633347
0.9520945452051831
0.9521151171007525
0.9520845358688461
0.9521868434516243
0.9520323721373809
0.9521759630188554
0.95212248528483
0.9522469971759763
0.9522875880928416
0.9521937981334866
0.9521403737785191
0.9522770617796857
0.9522880244438965
0.9523148682414568
0.9523001967374802
0.952261793573315
0.9524198505864749
0.9523674971093398
0.9523777805862778
0.9523756776143062
