0.3412291423686905
0.5383411148646395
0.592547206975864
0.6417748800667421
0.6690164084979002
0.705254267588242
0.7572532984807566
0.80146664593396
0.7980437378965586
0.8221374378960703
0.8383087182719083
0.8545917533503172
0.8655571269651431
0.8773922617122751
0.8882862465289292
0.8899363519567537
0.9052650578225053
0.8995460988917806
0.9073017152374228
0.9140137550210804
0.9207613098237459
0.9259614130552828
0.9280855893721731
0.9315547593175667
0.9306054879722732
0.9343960070227194
0.936563255865522
0.9357330102391971
0.9385821730330932
0.9380103770438346
0.9396945553139174
0.9419374136955059
0.9415517140311884
0.9433933267338486
0.9439067039723634
0.9443645062538495
0.9433737885713418
0.9454055591049169
0.9448919767784395
0.9468797284217781
0.947758606454513
0.9486804462639331
0.9477052761517126
0.948607634894388
0.9480466025358216
0.9493869385681831
0.9492430472768394
0.9499506533211983
0.9492299971097703
0.9502029074031381
0.9501927577361149
0.9501694081408134
0.9504277076306858
0.9507989183068691
0.9508404031006271
0.9508031723709942
0.9508203621591561
0.9508015664564804
0.9509210699992096
0.951292873343539
0.9512107755981455
0.9514489689850374
0.9515399246994773
0.9516023456627296
0.9513979713409676
0.95161818077079
0.9516946663518544
0.9516355060750024
0.9516214398411866
0.9516881271511922
0.9518444090244566
0.9519273996984431
0.9519130886116537
0.9518716712103452
0.951990070763537
0.9519777606024618
0.9519551077387286
0.9519170260322283
0.9521157308036877
0.9520924406200414
0.95199288616298
0.9522002341584961
0.9521899480886737
0.9521727902565841
0.952205120947412
0.9521979041032168
0.9522112707520776
0.952138617776524
0.9521473053009853
0.9522818054689222
0.9522057660280353
0.9522818277647964
0.9522478091248368
0.9522979887317897
0.9522582724751177
0.9523216390978736
0.9522443721697
0.9522733435666215
0.952325909952116
0.9523283036721456
