0.3614749477527554
0.5406504662147746
0.6129475909538008
0.6132234168859486
0.6719049577702427
0.6422921638756673
0.7149918762358216
0.7390889667602866
0.7467688509262012
0.7901952913182506
0.8039639072969696
0.8232961811274797
0.8287549945583573
0.8295331259385678
0.8453996130116526
0.8724353809171426
0.879819589344989
0.8820925035198899
0.8949169159251453
0.9041256627023366
0.911281844375024
0.9143455521309902
0.9158775859080781
0.9206923459189944
0.9184978461730172
0.9255455587012357
0.9310142734596351
0.9284558213122087
0.9336262735054845
0.9351286772156854
0.9361923285220979
0.9379019778792509
0.9373087180490123
0.9401582853293394
0.9415061669574135
0.9418385357891619
0.9425137773624332
0.9446496746080636
0.9441527127104526
0.9452556357687248
0.9451438475026109
0.945964753808968
0.9460602380233288
0.9467925617525942
0.9481777145063234
0.9479978018768148
0.9482286118500276
0.948638822672881
0.949409773768744
0.9489635079508183
0.9492387006205887
0.9496834889890771
0.9498760652747303
0.9500383695789113
0.9498997505852596
0.9501761693460266
0.9504568108379864
0.9505918556247565
0.9509757071907318
0.9507872208865945
0.9510460504257803
0.9507858647642379
0.9511679999330611
0.9511499702671635
0.9511229349659298
0.9514173457811095
0.9512421855030844
0.9513826919214017
0.9513759302837436
0.9513697648476179
0.951417667852193
0.9512606893214235
0.9513499864199628
0.9517391206754888
0.9514396145387596
0.9515775934804782
0.9516898129546132
0.9517072567775344
0.9518101291238867
0.9518743975273318
0.9520389153112716
0.9519609751774284
0.9519117559339056
0.9519505977640058
0.9519888102822404
0.9519486743018275
0.9520897244927232
0.9519104881416823
0.9520745804216065
0.9520652294198455
0.9520829531970737
0.9521938704834269
0.9520576132708423
0.9520770998896593
0.952173198740657
0.9521909848367448
0.9522576964250244
0.9521872267538002
0.952219199548896
0.9522132613284349
