0.025961538461538463
0.11730769230769231
0.12115384615384615
0.13653846153846153
0.12307692307692308
0.2048076923076923
0.18557692307692308
0.20961538461538462
0.21634615384615385
0.24134615384615385
0.24134615384615385
0.25
0.30673076923076925
0.34615384615384615
0.3346153846153846
0.31153846153846154
0.36538461538461536
0.3548076923076923
0.37884615384615383
0.34807692307692306
0.39326923076923076
0.4173076923076923
0.4076923076923077
0.425
0.43173076923076925
0.425
0.42788461538461536
0.4307692307692308
0.4894230769230769
0.4855769230769231
0.5115384615384615
0.5096153846153846
0.49423076923076925
0.49038461538461536
0.510576923076923
0.4855769230769231
0.5
0.5336538461538461
0.551923076923077
0.5346153846153846
0.551923076923077
0.5711538461538461
0.5317307692307692
0.5413461538461538
0.5644230769230769
0.5644230769230769
0.5365384615384615
0.5432692307692307
0.5884615384615385
0.5701923076923077
0.5740384615384615
0.6
0.5942307692307692
0.6067307692307692
0.5971153846153846
0.6057692307692307
0.6096153846153847
0.6153846153846154
0.6096153846153847
0.6028846153846154
0.6451923076923077
0.6086538461538461
0.6067307692307692
0.6076923076923076
0.6211538461538462
0.6057692307692307
0.6153846153846154
0.6221153846153846
0.614423076923077
0.6134615384615385
0.5961538461538461
0.5980769230769231
0.6278846153846154
0.6221153846153846
0.6125
0.6288461538461538
0.6288461538461538
0.5961538461538461
0.6413461538461539
0.6384615384615384
0.635576923076923
0.6240384615384615
0.6365384615384615
0.6432692307692308
0.6403846153846153
0.6346153846153846
0.6298076923076923
0.6230769230769231
0.6336538461538461
0.6432692307692308
0.6653846153846154
0.6586538461538461
0.6413461538461539
0.6346153846153846
0.6451923076923077
0.6394230769230769
0.6605769230769231
0.6586538461538461
0.635576923076923
0.6259615384615385
0.6586538461538461
0.6576923076923077
0.6538461538461539
0.6721153846153847
0.6471153846153846
0.6288461538461538
0.6067307692307692
0.6567307692307692
0.6625
0.6096153846153847
0.6471153846153846
0.6442307692307693
0.635576923076923
0.6201923076923077
0.6173076923076923
0.625
0.6394230769230769
0.6201923076923077
0.6230769230769231
0.6105769230769231
0.5961538461538461
0.6115384615384616
0.6230769230769231
0.6009615384615384
0.6153846153846154
0.6182692307692308
0.6240384615384615
0.6269230769230769
0.6230769230769231
0.6336538461538461
0.6038461538461538
0.6173076923076923
0.6278846153846154
0.6173076923076923
0.6096153846153847
0.6096153846153847
0.6163461538461539
0.614423076923077
0.6
0.6028846153846154
0.6115384615384616
0.6211538461538462
0.625
0.6067307692307692
0.6009615384615384
0.6182692307692308
0.5980769230769231
0.6278846153846154
0.6192307692307693
0.6278846153846154
0.6211538461538462
0.5817307692307693
0.6125
0.5932692307692308
0.6057692307692307
0.6057692307692307
0.6067307692307692
0.6096153846153847
0.6028846153846154
0.6048076923076923
0.5826923076923077
0.5875
0.6
0.6096153846153847
0.5961538461538461
0.6134615384615385
0.6038461538461538
0.6048076923076923
0.6115384615384616
0.6019230769230769
0.5788461538461539
0.6019230769230769
0.5894230769230769
0.6153846153846154
0.6182692307692308
0.6019230769230769
0.6086538461538461
0.5980769230769231
0.5778846153846153
0.6048076923076923
0.6134615384615385
0.6115384615384616
0.5923076923076923
0.5855769230769231
0.5759615384615384
0.5875
0.5913461538461539
0.5663461538461538
0.573076923076923
0.5836538461538462
0.5788461538461539
0.5865384615384616
0.5711538461538461
0.5673076923076923
0.5663461538461538
0.5711538461538461
0.573076923076923
0.5788461538461539
0.5759615384615384
0.5807692307692308
0.5740384615384615
0.5903846153846154
0.5663461538461538
0.5769230769230769
0.5769230769230769
0.5682692307692307
0.5846153846153846
0.573076923076923
0.575
0.5605769230769231
0.5625
0.5807692307692308
0.5605769230769231
0.575
0.5692307692307692
0.5721153846153846
0.5721153846153846
0.5644230769230769
0.5644230769230769
0.5769230769230769
0.5769230769230769
0.5817307692307693
0.5663461538461538
0.5346153846153846
0.5576923076923077
0.5413461538461538
0.575
0.5759615384615384
0.5817307692307693
0.5625
0.5394230769230769
0.5826923076923077
0.5653846153846154
0.5615384615384615
0.5490384615384616
0.5528846153846154
0.5759615384615384
0.575
0.5653846153846154
0.5701923076923077
0.5692307692307692
0.5548076923076923
0.5586538461538462
0.5451923076923076
0.5634615384615385
0.5711538461538461
0.5548076923076923
0.5653846153846154
0.5826923076923077
0.5788461538461539
0.5682692307692307
0.5634615384615385
0.5480769230769231
0.5576923076923077
0.5557692307692308
0.5548076923076923
0.5798076923076924
0.5615384615384615
0.5682692307692307
0.55
0.5673076923076923
0.5576923076923077
0.5413461538461538
0.5634615384615385
0.5384615384615384
0.5403846153846154
0.551923076923077
0.5471153846153847
0.55
0.5596153846153846
0.5634615384615385
0.5596153846153846
0.5346153846153846
0.5326923076923077
0.551923076923077
0.5384615384615384
0.5644230769230769
0.5673076923076923
0.5490384615384616
0.5605769230769231
0.551923076923077
0.5615384615384615
0.551923076923077
0.5509615384615385
0.5576923076923077
0.55
0.5721153846153846
0.5375
0.5625
0.5413461538461538
0.5442307692307692
0.5317307692307692
0.5326923076923077
0.551923076923077
0.5509615384615385
0.5298076923076923
0.5451923076923076
0.5423076923076923
0.5509615384615385
0.5394230769230769
0.5394230769230769
