0.04326923076923077
0.11730769230769231
0.11826923076923077
0.13365384615384615
0.13942307692307693
0.14711538461538462
0.12403846153846154
0.19038461538461537
0.2
0.20865384615384616
0.23557692307692307
0.23846153846153847
0.23365384615384616
0.26826923076923076
0.2846153846153846
0.2923076923076923
0.3
0.32884615384615384
0.34134615384615385
0.3384615384615385
0.3490384615384615
0.3769230769230769
0.41057692307692306
0.36923076923076925
0.41634615384615387
0.42980769230769234
0.4403846153846154
0.4028846153846154
0.44519230769230766
0.4423076923076923
0.44519230769230766
0.4596153846153846
0.46634615384615385
0.48653846153846153
0.49423076923076925
0.45576923076923076
0.4875
0.4980769230769231
0.5211538461538462
0.5009615384615385
0.5038461538461538
0.5346153846153846
0.5230769230769231
0.5288461538461539
0.5509615384615385
0.5461538461538461
0.5509615384615385
0.5413461538461538
0.5461538461538461
0.5596153846153846
0.5788461538461539
0.5673076923076923
0.5634615384615385
0.5778846153846153
0.5740384615384615
0.5644230769230769
0.5807692307692308
0.5980769230769231
0.5961538461538461
0.614423076923077
0.6278846153846154
0.6288461538461538
0.625
0.6278846153846154
0.6278846153846154
0.6307692307692307
0.6317307692307692
0.6230769230769231
0.6413461538461539
0.6432692307692308
0.6403846153846153
0.6423076923076924
0.6471153846153846
0.6490384615384616
0.6576923076923077
0.6740384615384616
0.6711538461538461
0.6471153846153846
0.6596153846153846
0.6807692307692308
0.6740384615384616
0.6692307692307692
0.6778846153846154
0.6673076923076923
0.6605769230769231
0.6788461538461539
0.6778846153846154
0.6903846153846154
0.6625
0.6615384615384615
0.6605769230769231
0.6567307692307692
0.6682692307692307
0.6846153846153846
0.6528846153846154
0.6596153846153846
0.6519230769230769
0.6855769230769231
0.6894230769230769
0.6759615384615385
