0.3327504696594944
0.5371366754793788
0.6036019683756723
0.6125462131282592
0.6774628812123827
0.7107837036932668
0.7515603991111461
0.7903688138119689
0.7844885425396142
0.823271481526313
0.8294150198617185
0.8422719931930113
0.8540631935174174
0.8657304351153554
0.8838918704685635
0.8913812248087567
0.8946190288305788
0.8993956484642907
0.9134902382954915
0.914639439625634
0.9175810107553551
0.9203001973251531
0.9261808678159814
0.928960297947459
0.9312077684091112
0.9329258603741837
0.9351579055149564
0.9330273378313945
0.9370831016213792
0.9370309928595227
0.9401272382602418
0.9388171046016414
0.9434351343241881
0.9438759662849144
0.9443691930117962
0.944501895326304
0.9460838035991348
0.945946277132454
0.9469657044113122
0.9468236389778492
0.9476645797789156
0.9479773935686475
0.9482954108254747
0.9478762574045563
0.9491606926196383
0.9497146552146735
0.9491601089337219
0.9496369982173127
0.9502124692110536
0.9504034160134971
0.9504814145969324
0.9506253925063712
0.9506717475349798
0.9509375445283791
0.9504644821646507
0.9509527959174299
0.9512269264910012
0.9512085473586742
0.9513202769779878
0.9512812910009636
0.9513534337563151
0.951449698669898
0.9515857286605061
0.9514564106454676
0.9516055021906272
0.951617100051481
0.951530487732559
0.9515997435308094
0.951757304673499
0.9518616987080256
0.9518984423335859
0.9520257593906051
0.9520304219641438
0.9519690906945892
0.951978477812904
367439
