0.36900488723342484
0.4909318231669489
0.5671688082160153
0.5753931031042772
0.6000482492471413
0.6291120083306261
0.6693088097612084
0.7150733046974336
0.7056489104297217
0.7336041511255615
0.7646203604389534
0.7843468784853141
0.7939393983762527
0.8026017566598199
0.8286934122702997
0.8249439766504257
0.8422719752658001
0.854948904539802
0.8607375230984228
0.8731326693658765
0.8788168461919161
0.885946773775704
0.8925009542232553
0.899588004346545
0.9051821892879495
0.9063661165491963
0.9133458561156255
0.9152926945206087
0.9189552958426666
0.9231033965845548
0.926224186695448
0.9267804364801606
0.9293445644518554
0.9310626722551734
0.9334777209796067
0.9353525811595749
0.9370214224865536
0.9375571615636235
0.9374804072005662
0.9392375137755548
0.9406253880263887
0.9407169817388051
0.9423420763220561
0.9427340367344146
0.9440016027604077
0.9441646330296892
0.9450245236058672
0.9452748685484856
0.9454819068378031
0.9457051506814379
0.9465515743928999
0.9468675520175021
0.9475569501969646
0.9473761862444862
0.948020042338233
0.9483539382344164
0.9484721676557627
0.9483775236061779
0.9492331679254135
0.9491268925710222
0.9493017971188474
0.9495677580382048
0.9501285258535634
0.9501696449332369
0.9501474052258736
0.9501615472022881
0.9505888153604638
0.9506224620896042
0.950462175559287
0.9507287060397093
0.9509600231760241
0.9509860745609602
0.9511098692425013
0.9513975532285773
0.9513833663341648
0.9515302848765984
0.9514866163850993
0.9515623948928636
0.9516123622921573
0.9515875412961186
0.9515762090606035
0.951660951133842
0.9516572269383989
0.9517390483787149
0.9516953959826195
0.9518243238194825
0.9517886952718497
0.9518667997934642
0.9518852656264998
0.9518636178640139
0.9518867263810564
0.9520125918229745
0.9520199601416036
0.9520717945586262
0.9520502127230411
0.952098079633383
0.9521019560390834
0.9521189506536395
0.9521551340666295
0.952150450981248
