0.33274146678067773
0.5369862724740406
0.5629730197677645
0.6069602126789793
0.6206644870048211
0.6709303519455168
0.7254477214966288
0.7227277998321857
0.7743491414574101
0.7994320571711077
0.811090650674333
0.8429872790942984
0.8289909484162398
0.8558972344142742
0.8688632988487296
0.8865628363080172
0.8859657286294097
0.8978930764153095
0.8956053480610631
0.9092688102004596
0.9145754540084207
0.9136729159398201
0.9180204194505844
0.9230509089525086
0.9285489328426645
0.9271077796613004
0.9281425898975371
0.9339491765390833
0.9347716530900212
0.9359857397779066
0.9367302955271021
0.9399381230138124
0.9405423511211694
0.9404511678456429
0.9423631247078222
0.9428127861262995
0.9425749526034167
0.9452145267825283
0.9447331821087187
0.9462064198533141
0.9463784499983157
0.9475733229783491
0.9474062329063783
0.9476407462024462
0.9476637053547414
0.9483405664435431
0.9484944883106606
0.948726395635758
0.9493590070617939
0.9491912206963562
0.9491170673465962
0.94922410950387
0.9497481549610168
0.9502290921678167
0.9497757498491363
0.9502974569438556
0.9505642187369695
0.9501843092449266
0.9503876581246343
0.9505725378681865
0.9507252952635161
0.950953384430107
0.9510286992641575
0.9512730664816599
0.9515190742540328
0.9514441686915517
0.9514172443342065
0.9512838150293133
0.9514368479241848
0.9515957137760371
0.9515413592808241
0.9515733287953646
0.9517526947662941
0.9516044021608568
0.951715538877526
0.9517568798751179
0.9516779442557174
0.9518246944544605
0.9517171223273385
0.9519022525731635
0.9519560851641858
0.9517597317164203
0.9518978570778739
0.9520366291453698
0.951906841519058
0.9519730004075533
0.9520612316880822
0.9521399800889286
0.9520828633509305
0.9520993478600974
0.9521531791388744
0.9521219718754473
0.9521497458907965
0.9521881888922177
0.9521183736516389
0.9522569009685052
0.9522074668260321
0.9522567275514731
0.9521803976395644
0.952200732204029
