0.04038461538461539
0.11730769230769231
0.12115384615384615
0.12980769230769232
0.15096153846153845
0.18461538461538463
0.175
0.18846153846153846
0.19326923076923078
0.22788461538461538
0.23173076923076924
0.23653846153846153
0.28173076923076923
0.2692307692307692
0.32403846153846155
0.28076923076923077
0.33557692307692305
0.3326923076923077
0.3548076923076923
0.3423076923076923
0.33653846153846156
0.3817307692307692
0.3894230769230769
0.3971153846153846
0.41442307692307695
0.4009615384615385
0.42596153846153845
0.41923076923076924
0.4269230769230769
0.4346153846153846
0.44903846153846155
0.44326923076923075
0.44326923076923075
0.4548076923076923
0.48365384615384616
0.48653846153846153
0.5163461538461539
0.5019230769230769
0.5134615384615384
0.5086538461538461
0.49903846153846154
0.5307692307692308
0.5230769230769231
0.5317307692307692
0.5298076923076923
0.5326923076923077
0.5211538461538462
0.5019230769230769
0.5115384615384615
0.5240384615384616
0.5480769230769231
0.5346153846153846
0.5461538461538461
0.5375
0.5298076923076923
0.5567307692307693
0.5528846153846154
0.5740384615384615
0.5740384615384615
0.5615384615384615
0.5759615384615384
0.5932692307692308
0.5826923076923077
0.5951923076923077
0.5932692307692308
0.5923076923076923
0.6173076923076923
0.5903846153846154
0.5951923076923077
0.6076923076923076
0.5990384615384615
0.6269230769230769
0.635576923076923
0.6096153846153847
0.6125
0.6346153846153846
0.6
0.6163461538461539
0.6259615384615385
0.6298076923076923
0.6528846153846154
0.6509615384615385
0.6269230769230769
0.6307692307692307
0.6490384615384616
0.6403846153846153
0.6384615384615384
0.6307692307692307
0.6480769230769231
0.6576923076923077
0.635576923076923
0.6461538461538462
0.6528846153846154
0.6605769230769231
0.6576923076923077
0.6711538461538461
0.6634615384615384
0.6682692307692307
0.6394230769230769
0.6625
