0.3436648725123724
0.4786229680182012
0.48810427545097357
0.5416391942471167
0.568351938437374
0.6031625942445888
0.6179173953115784
0.6342497517878598
0.6614946625434327
0.6931193918465677
0.7035349766619684
0.7193596414094657
0.7388699333209466
0.744730613515046
0.7624558558898304
0.7803844623946468
0.7941360413973173
0.8077372323382228
0.8183899714107831
0.8325044044023251
0.8387118793055595
0.8471259773925902
0.8572654124817644
0.8591710573914269
0.8655599042588559
0.8757479980932888
0.8843166800115655
0.8892205534222288
0.89144847542541
0.8940379666931194
0.901090256902683
0.9030850540185369
0.9070561551452986
0.9102449812340669
0.9137249555923683
0.9184016783521852
0.9206333297456157
0.9224064717988828
0.9234821170920203
0.9247563118423612
0.9273196161427929
0.9300441452492179
0.9309118964366947
0.9325757215429393
0.9339321877912732
0.9352147121628394
0.9365473529587814
0.9372608242918689
0.9384259673822359
0.9386849866661178
0.9394348145489251
0.9395594480270341
0.9398088430777889
0.9408532212340984
0.9414796049634474
0.9424373669152338
0.9428330589439745
0.943504513822244
0.9442160412702054
0.945021610765644
0.945501816779947
0.9458144935137935
0.9464052872520609
0.9465732153441321
0.9466023297443739
0.9466877501465834
0.9474764690756088
0.9481033517628836
0.9481454540459229
0.9480093800817571
0.9483573768617836
0.9486037832049562
0.9489797485532195
0.9491224529024426
0.949468500594508
0.9495638460325078
0.9497239244439444
0.9497588146035968
0.9497870012383431
0.9498761413560236
0.9498747035707018
0.9498965391281127
0.9500545264482045
0.9500421518875554
0.9503341946766228
0.9502608388204427
0.9503409877873167
0.9505696336701192
0.9507598327011794
0.9507526124153304
0.9508511412002176
0.9508264797951422
0.9509128818365302
0.9509860759971303
0.9510317053115717
0.9510788958891944
0.9511402293238128
0.9513115235521277
0.9513601460394323
0.9514122973585877
