0.038461538461538464
0.09519230769230769
0.1346153846153846
0.12115384615384615
0.12115384615384615
0.11538461538461539
0.1326923076923077
0.15673076923076923
0.14326923076923076
0.18846153846153846
0.15673076923076923
0.1673076923076923
0.17307692307692307
0.20576923076923076
0.21153846153846154
0.2048076923076923
0.2048076923076923
0.24711538461538463
0.2076923076923077
0.2076923076923077
0.23076923076923078
0.2048076923076923
0.2586538461538462
0.2846153846153846
0.2673076923076923
0.2778846153846154
0.28173076923076923
0.28942307692307695
0.28557692307692306
0.3230769230769231
0.3451923076923077
0.3019230769230769
0.3153846153846154
0.32019230769230766
0.33557692307692305
0.3471153846153846
0.3663461538461538
0.38076923076923075
0.36538461538461536
0.37403846153846154
0.3817307692307692
0.3875
0.40384615384615385
0.3855769230769231
0.39615384615384613
0.40673076923076923
0.3903846153846154
0.4288461538461538
0.4269230769230769
0.4076923076923077
0.41634615384615387
0.41057692307692306
0.4326923076923077
0.4269230769230769
0.42115384615384616
0.45
0.44903846153846155
0.47307692307692306
0.4596153846153846
0.49423076923076925
0.48846153846153845
0.4567307692307692
0.44711538461538464
0.4778846153846154
0.4894230769230769
0.5019230769230769
0.49903846153846154
0.4913461538461538
0.48846153846153845
0.4721153846153846
0.49903846153846154
0.5096153846153846
0.5019230769230769
0.4894230769230769
0.5134615384615384
0.5326923076923077
0.5163461538461539
0.5259615384615385
0.5230769230769231
0.5471153846153847
0.5240384615384616
0.5163461538461539
0.5403846153846154
0.5326923076923077
0.5336538461538461
0.5375
0.5432692307692307
0.5384615384615384
0.5432692307692307
0.5423076923076923
0.5326923076923077
0.5480769230769231
0.5576923076923077
0.5336538461538461
0.5307692307692308
0.5586538461538462
0.5528846153846154
0.5596153846153846
0.5365384615384615
0.5740384615384615
