0.3524413657832353
0.5390197292211354
0.5723075559091554
0.6690715948707713
0.6844023790589211
0.6896881258609457
0.7277197351711523
0.7441490369984359
0.7727205692178273
0.8073877744183398
0.8220534080502908
0.824681786610014
0.8372432342607588
0.8668690123208636
0.8701270964594774
0.8774218006214752
0.8846854090160673
0.8941686158849972
0.9040991252168443
0.9056222928848144
0.9046024708479895
0.9155644842272526
0.9184410517524833
0.9230311950893136
0.9251956972407418
0.9306681764707513
0.9313243793426796
0.932169265977395
0.9344883145091625
0.9345666046272422
0.9377597709695087
0.9377865343556483
0.9396679104107047
0.9404848268476947
0.9415086166790541
0.942078373165228
0.943983333424216
0.9435159174301848
0.94445262699753
0.9458823082184348
0.9454524139712951
0.9461861515376726
0.9461787984455149
0.9462541484188876
0.9474847441501798
0.9470382446524324
0.9479440775758267
0.9485033715133527
0.9488436435738552
0.9486696039810008
0.9492062087526453
0.9494366690324935
0.949579873079994
0.9498309071279759
0.9502900361148742
0.95058664873772
0.9505887026655111
0.9506329935758993
0.9508243029706065
0.9510347777474936
0.9511345119787966
0.9513660408587307
0.9510728299474623
0.9512129621558632
0.9512875588394635
0.9513900541842047
0.9513396635308687
0.9514909425088331
0.951666533516519
0.9516656136540879
0.951747131695842
0.951769925050769
0.9517401583363397
0.9518666923175173
0.9519961311714152
0.9519797240622737
0.9519611356769648
0.951876166585085
0.9519603642651333
0.9521081827612771
0.9521004241785692
0.9520832631592326
0.9521371784514155
0.952186492174311
0.952124291610318
0.9521865530337676
0.9522234521905084
0.9521803386978898
0.952223282594731
0.9522869665151281
0.9522867686485793
0.9522373153529328
0.9523269282754137
0.9523075179921947
0.9523288566480004
0.9523210164966903
0.952353039276397
0.9523667553498886
0.9523655884290545
0.9523719517929172
