0.03173076923076923
0.09903846153846153
0.12980769230769232
0.14326923076923076
0.16923076923076924
0.17403846153846153
0.2326923076923077
0.24519230769230768
0.24423076923076922
0.27692307692307694
0.28942307692307695
0.28942307692307695
0.3105769230769231
0.3153846153846154
0.3173076923076923
0.3596153846153846
0.3663461538461538
0.3721153846153846
0.34807692307692306
0.3903846153846154
0.41442307692307695
0.4461538461538462
0.4461538461538462
0.4701923076923077
0.44519230769230766
0.47884615384615387
0.4951923076923077
0.4701923076923077
0.4673076923076923
0.48653846153846153
0.48173076923076924
0.4846153846153846
0.4894230769230769
0.4971153846153846
0.5240384615384616
0.5269230769230769
0.5346153846153846
0.5173076923076924
0.5423076923076923
0.5490384615384616
0.5615384615384615
0.5759615384615384
0.5701923076923077
0.5692307692307692
0.5576923076923077
0.5894230769230769
0.5769230769230769
0.5788461538461539
0.6
0.6086538461538461
0.6038461538461538
0.6028846153846154
0.6134615384615385
0.5913461538461539
0.6048076923076923
0.6403846153846153
0.6278846153846154
0.6057692307692307
0.6192307692307693
0.6423076923076924
0.6490384615384616
0.6375
0.6519230769230769
0.6567307692307692
0.6403846153846153
0.6596153846153846
0.6461538461538462
0.6692307692307692
0.6278846153846154
0.6605769230769231
0.6740384615384616
0.6721153846153847
0.6317307692307692
0.6701923076923076
0.6701923076923076
0.6673076923076923
0.6509615384615385
0.6634615384615384
0.6721153846153847
0.6567307692307692
0.6721153846153847
0.6730769230769231
0.6634615384615384
0.6884615384615385
0.6740384615384616
0.6807692307692308
0.6817307692307693
0.6807692307692308
0.6798076923076923
0.676923076923077
0.6836538461538462
0.6788461538461539
0.6894230769230769
0.6884615384615385
0.6634615384615384
0.6798076923076923
0.6817307692307693
0.6971153846153846
0.7067307692307693
0.6903846153846154
