0.06057692307692308
0.10192307692307692
0.11634615384615385
0.14711538461538462
0.1528846153846154
0.13846153846153847
0.14326923076923076
0.19134615384615383
0.19615384615384615
0.2173076923076923
0.225
0.2221153846153846
0.23846153846153847
0.2403846153846154
0.27115384615384613
0.3076923076923077
0.3057692307692308
0.34807692307692306
0.3548076923076923
0.3346153846153846
0.35096153846153844
0.3817307692307692
0.35865384615384616
0.3951923076923077
0.39807692307692305
0.39326923076923076
0.40865384615384615
0.44519230769230766
0.4307692307692308
0.4201923076923077
0.4596153846153846
0.4461538461538462
0.475
0.46826923076923077
0.49230769230769234
0.47596153846153844
0.47307692307692306
0.47884615384615387
0.4855769230769231
0.5009615384615385
0.5115384615384615
0.5
0.48846153846153845
0.5153846153846153
0.4971153846153846
0.5365384615384615
0.5355769230769231
0.5442307692307692
0.5682692307692307
0.5576923076923077
0.5365384615384615
0.5442307692307692
0.5317307692307692
0.5548076923076923
0.5307692307692308
0.55
0.5778846153846153
0.5682692307692307
0.5788461538461539
0.5557692307692308
0.5817307692307693
0.5557692307692308
0.5769230769230769
0.5596153846153846
0.5951923076923077
0.5923076923076923
0.5875
0.5836538461538462
0.5903846153846154
0.6019230769230769
0.6028846153846154
0.6076923076923076
0.6057692307692307
0.6125
0.6278846153846154
0.6192307692307693
0.6221153846153846
0.6211538461538462
0.6163461538461539
0.6211538461538462
0.6394230769230769
0.6413461538461539
0.6317307692307692
0.6201923076923077
0.6432692307692308
0.6375
0.6548076923076923
0.6451923076923077
0.6317307692307692
0.6480769230769231
0.6384615384615384
0.65
0.6740384615384616
0.6711538461538461
0.6519230769230769
0.6625
0.6567307692307692
0.6336538461538461
0.6730769230769231
0.6586538461538461
