0.34863701300245525
0.5617710786704213
0.600248302099838
0.6027788337209822
0.6494131909928051
0.6932100229841328
0.6975694662192073
0.7308699721580086
0.7439236560596004
0.7592876609147632
0.7901716464666362
0.8070388412178162
0.817577098060675
0.8349784574438142
0.8357031307576778
0.8528258078049026
0.8550699807531736
0.857735679014789
0.8784818101016715
0.8859938336938288
0.8960948354284546
0.8944325411035814
0.9034877996728178
0.9031555742414413
0.9117175152942099
0.9084307855113274
0.9186382456477663
0.9201730458814353
0.9220741823827742
0.9225714952350758
0.9268715086953372
0.9290353423996883
0.9286205868315488
0.9320211281307288
0.9352224031175471
0.9346657523138778
0.9384350725703351
0.9373215626971947
0.9377582689508193
0.9393337681213499
0.940721508676278
0.9429437594426049
0.9427720506354511
0.9429536020330058
0.9438375306670127
0.9427801162126813
0.9446480380265504
0.9449594210156342
0.945766877954856
0.946202105321527
0.9464403334007189
0.9467259449395685
0.9475407624207566
0.9480119432289035
0.947924286178761
0.9484651606133535
0.9488105477697397
0.9491032848957252
0.948746614852965
0.9491692774975901
0.948686980073171
0.9494903082427905
0.9499548726907435
0.949924671309986
0.9496006438733566
0.9503476688634515
0.9503090409083559
0.9504871162193653
0.9503790273863721
0.950299134435403
0.9505418288984651
0.9509921998039049
0.9504103164289806
0.9507930567927394
0.9510272880991048
0.951009596677772
0.9508848600676968
0.9514595598527811
0.9513005055589566
0.9512142474110872
0.9514080325265759
0.9516456202143696
0.9514644308572512
0.95132904236997
0.9516212247649474
0.9514709872042783
0.9513656989749384
0.9515543901508863
0.9517430587077806
0.9515079949650244
0.9516264161253445
0.9518556771490746
0.9518330237600646
0.9519688922443452
0.9519878105418913
0.951979558248615
0.9520149976939977
0.9520973322198129
0.9521535575186632
0.952055666006764
