0.34550547142143107
0.513243415198801
0.5852691798622989
0.6058230901679276
0.6437193375260005
0.6670588992485486
0.7175949930227193
0.7506662070325967
0.7871937214854581
0.7728469740913883
0.8018655236409636
0.838002839860611
0.8446301368486735
0.8567340474469112
0.8680889912680118
0.8674714187285903
0.8787414729533964
0.8895456293448847
0.896533535312142
0.903876775058673
0.9029245975521897
0.9167340637467468
0.9175523480367715
0.9164089622622751
0.9226241361811446
0.9267895589370888
0.9251282647392912
0.9283008658648866
0.9330801866749133
0.9358173078755536
0.9340400582386424
0.9376836850444495
0.9352865430650008
0.9398156525698168
0.9396979987449344
0.9423016598946041
0.9421159637424409
0.9430206694817068
0.9426744899046788
0.9450298590520173
0.9458266942075685
0.9464865602080254
0.9463235504902334
0.946635579363213
0.946661481706761
0.9474456333442928
0.9483293705361223
0.9484379671466256
0.9492034141477536
0.9489515772921528
0.949364629689313
0.9498858106447013
0.9495677585787953
0.9499263132024104
0.9497186524509736
0.94974546301928
0.9504363371706835
0.9502848917625224
0.9507006489149235
0.9504019912139476
0.9504028202497522
0.9507616347509966
0.9506348444432915
0.9509092705638795
0.9508530301575663
0.9509447736511043
0.9511517786208131
0.9513406545275634
0.9512837708842431
0.9511469458543187
0.9511995807652691
0.9513316072968075
0.9513369122232228
0.9515328198883025
0.9515538331681068
0.951606171472434
0.9516700600131318
0.9517545507073228
0.9518125598637422
0.9518409993380141
0.9517178858951212
0.9518557585033188
0.9519808882822923
0.9519379567927022
0.9519746834214952
0.9519262222438214
0.9520525421911894
0.9521051298021769
0.9519256445664787
0.9518595061022885
0.952010869127834
0.9520559238956116
0.9519910994821835
0.9521762946115498
0.9521692234664013
0.9521613207245808
0.9520711394454066
0.9521310697764417
0.9522116343633098
0.9521410620893341
