0.05673076923076923
0.0798076923076923
0.13076923076923078
0.12980769230769232
0.15673076923076923
0.22884615384615384
0.18942307692307692
0.20384615384615384
0.27115384615384613
0.26634615384615384
0.2759615384615385
0.2721153846153846
0.29134615384615387
0.2875
0.3153846153846154
0.32019230769230766
0.31634615384615383
0.32403846153846155
0.3778846153846154
0.3778846153846154
0.39903846153846156
0.3326923076923077
0.375
0.39807692307692305
0.39615384615384613
0.4115384615384615
0.4346153846153846
0.4230769230769231
0.45576923076923076
0.47692307692307695
0.4576923076923077
0.4673076923076923
0.47307692307692306
0.49903846153846154
0.510576923076923
0.510576923076923
0.5067307692307692
0.49903846153846154
0.5182692307692308
0.5336538461538461
0.5144230769230769
0.5144230769230769
0.5269230769230769
0.5375
0.5759615384615384
0.5413461538461538
0.5480769230769231
0.5201923076923077
0.5721153846153846
0.5759615384615384
0.575
0.5663461538461538
0.5759615384615384
0.5951923076923077
0.5971153846153846
0.5971153846153846
0.6057692307692307
0.6067307692307692
0.5769230769230769
0.6192307692307693
0.5971153846153846
0.6115384615384616
0.6163461538461539
0.6134615384615385
0.6307692307692307
0.6067307692307692
0.6326923076923077
0.6326923076923077
0.6240384615384615
0.6423076923076924
0.6682692307692307
0.6480769230769231
0.6548076923076923
0.6586538461538461
0.6625
0.6682692307692307
0.6634615384615384
0.6798076923076923
0.6788461538461539
0.6807692307692308
0.6951923076923077
0.6730769230769231
0.6788461538461539
0.698076923076923
0.6903846153846154
0.6836538461538462
0.6846153846153846
0.6605769230769231
0.6759615384615385
0.6865384615384615
0.6951923076923077
0.6894230769230769
0.6865384615384615
0.6846153846153846
0.7076923076923077
0.7125
0.698076923076923
0.7038461538461539
0.6990384615384615
0.6942307692307692
