0.3544690979089748
0.5549729460766359
0.5732247437743846
0.6185867395015284
0.6560374528029163
0.7104037306291919
0.7410462461283771
0.7313328112238189
0.7850056562804456
0.8130323911263522
0.8330535493567287
0.8306222341750442
0.8742382749334133
0.861477851575292
0.8677737032525783
0.8921285769437394
0.9055470730865817
0.90482743203492
0.911812134296034
0.9177533395393838
0.9223583334187173
0.9194907652251616
0.9316066115796975
0.9306878023605771
0.9336359907534874
0.9324413072849236
0.9367502053278767
0.9386184594742665
0.937795863119392
0.9405113057251345
0.9422554707492303
0.9414245840456097
0.9436190557260906
0.9444932573439624
0.9446685344286925
0.9452536669454021
0.9463407842275022
0.945513719223945
0.9478368735080109
0.9467206196378484
0.9482599710813361
0.9486369615371095
0.9488619730435534
0.9492588867386447
0.9490574091657339
0.9492424899930331
0.9496569141064923
0.9499644365457043
0.9498651568302016
0.9501938500737578
0.9500736340522956
0.9497647105679606
0.9505634554183744
0.9506758318896134
0.9510883234964465
0.9508972171565694
0.9512371793446642
0.9513637706345728
0.9513833452093061
0.9512563886883537
0.9512564437924835
0.9512773612462638
0.9512350036317475
0.9513321563388595
0.9516860898500815
0.9514907995107893
0.9517406051615315
0.9516936482224132
0.9517722660733594
0.9518251579771629
0.9519056698300784
0.9517785458505802
0.9518217293789913
0.9517269841576059
0.951914539286685
0.9517924868496619
0.9519400063322994
0.9520290445115878
0.9521179354112924
0.9520204703449034
0.9519327391504895
0.9519916440920904
0.9521468220963264
0.951986521127592
0.9520937926932176
0.9521256516395527
0.952221509542844
0.9521352375671359
0.9521720986360499
0.9521469312677227
0.9522313053790014
0.9521799863236954
0.9521858163287139
0.9523107797084
0.9523186548974385
0.9522856207822415
0.9522758016585487
0.9522800167185709
0.9523928821086198
0.9522909803953908
