0.3210702646146524
0.5072661450532919
0.5735561568756203
0.6100230055937995
0.6565503804199455
0.6648002995844151
0.7405919991259533
0.7152751966423079
0.7424722969755093
0.7783672581206726
0.8013338286150815
0.8079507743428405
0.8387450781101373
0.8423267208496491
0.8502477635996605
0.8613608552419101
0.8706341178908105
0.8769632434918063
0.8886863106686526
0.8937756381573077
0.9008861104202898
0.9023355668132126
0.9058550271312118
0.9096259024168848
0.9148727711140996
0.9180172839633759
0.9208879363858898
0.9259653899154138
0.928472838960491
0.9311116208353648
0.9318632753371456
0.9344935905561637
0.9350436130286395
0.9398721299936722
0.9389030621439264
0.9412148285770884
0.9426312544914329
0.9437676761430609
0.9428938887632881
0.9450643198832913
0.9450343225630156
0.945326416229223
0.9468240898431788
0.9466007426628402
0.9470213770869361
0.9472130062843668
0.9481408773676346
0.9484399040277474
0.9485328227011451
0.9490915598055182
0.9493461450230583
0.9494605685058798
0.9498057905057364
0.9496036288927913
0.9500787659970991
0.9500662959576067
0.9501461868858848
0.9503655768874985
0.95021010387056
0.9502164067815321
0.9505982456523588
0.9506109464861722
0.9507511862199984
0.9508056190513064
0.9509012223944924
0.9511173279194088
0.9513967810400987
0.9512254012053538
0.9512422965716268
0.9513528069820044
0.9512737370322449
0.9512344521805106
0.9513307445130967
0.9515691591913377
0.9514592494785035
0.9515965915268438
0.9514639177992537
0.9516502038776904
0.9519112137353052
0.951857450618761
0.9519013185696127
0.9520365441993585
0.9520031214955963
0.9520220786494116
0.951871547730471
0.9519333363098237
0.9519876206776683
0.9519852564222858
0.9520344817422828
0.9520163614806313
0.9521480844593964
0.9522054236368184
0.9522327797689486
0.9521964944194744
0.9522473546722136
0.9522303534094394
0.9522342176249952
0.9522626513216582
0.9522435796605198
0.952276414132422
