0.46277731574010633
0.5575739768446079
0.6054141732860109
0.6618536838467246
0.7325519385969002
0.7341819317905793
0.7807331739997915
0.8153132751149007
0.8322422715473052
0.85630241921039
0.8858571116221696
0.8962690024308455
0.9017951904213353
0.9140993972680802
0.9239454079333276
0.9313299171272872
0.9322155793792124
0.9414102600154459
0.9468834303472771
0.9453707603414766
0.9481498766585623
0.9501326284145188
0.9504547146441679
0.9542754110683396
0.9548171852297872
0.9557016187833508
0.9565276222450492
0.9580366344088391
0.9569249549859979
0.9574097535422343
0.9580206609183026
0.9588502441648786
0.9590748382303801
0.958792850294398
0.9591944070541032
0.9593484595812548
0.9597344598690668
0.9598260607849388
0.9597153236357642
0.9604117530511521
0.9601875080468096
0.9602003877446637
0.9605450317628844
0.960562976864794
0.9608914004753085
0.960620064619668
0.9607311840099678
0.9607763428934332
0.9609788821676002
0.9610355542919904
0.9609202263232334
0.9610957290490553
0.961128631349632
0.9610865968622962
0.961125206901342
0.9611208579807617
0.9612754616334149
0.9611975974575295
0.9612642063361381
0.9612652284995722
0.9613088793625133
0.961281141211566
0.9613674885591734
0.9613187259026578
0.9613893788619106
0.9612814949772926
0.961363530179865
0.9613607286899979
0.961384536221621
0.9613818175361083
0.9613934012299127
0.9614119558757441
0.9614061503988289
0.9614101745343611
0.9614232718858783
0.9614222981145374
0.9614334500618945
0.9614368495249804
0.9614158469946952
0.9614175773863135
0.9614518330945204
0.9614571678916712
0.961456537979623
0.9614496293137927
0.9614463897271719
0.9614367988803425
0.9614391393033616
0.9614247847187896
0.961463367312969
0.9614547441069903
0.9614774838160655
0.9614732382865055
0.9614702581918325
0.9614953824088784
0.9614792595691742
0.9614953703987101
0.9614984741528179
0.9614897267235349
0.9614913677031686
0.9615004670305008
0.9614887599475831
0.9614962015582318
0.9615036821662739
0.9615021226556305
0.9615045218907877
0.9615071580910104
0.9615053641510731
0.9615059082204771
0.9615003987922895
0.9615082054051823
0.9615128147763713
0.9615173543482073
0.961504466436979
0.9615137758813258
0.9614999294268322
0.9615199853580516
0.9615073382403149
0.9615212569224275
0.9615112130465703
0.9615141835559561
0.9615212131613313
0.961513894985567
0.9615164902495472
0.9615097938408648
0.9615068242095877
0.9615080114385861
0.9615193763392351
0.9615110961018101
0.9615179038822542
0.9615164929283182
0.9615084206865189
0.961511523417363
0.9615120518643202
0.961520650812886
0.9615179888014851
0.9615172954440088
0.9615130093375991
0.9615231761196555
0.9615168434336806
0.9615179199475168
0.9615050094838615
0.9615159293904944
0.9615111176100676
0.9615058359779086
0.9615224128381681
0.961513977929939
0.9615182743613702
0.961505588443957
0.9615102190951198
0.9615244097879688
0.9615214881777336
0.9615251181914273
0.9615198194737951
0.9615288957242158
0.9615244767268869
0.9615260716980124
0.9615232441827102
0.9615201557861768
0.9615302001636357
0.9615227862909901
0.9615225052502888
0.9615218149987161
0.9615235423422849
0.961528224729924
0.9615264451642498
0.9615282340750387
0.9615270120877633
0.9615192109872766
0.9615276247101513
0.9615250781632274
0.9615293574486545
0.9615268710959642
0.9615261238945615
0.9615247842146124
0.9615286357681426
0.9615295914052775
0.9615302345779083
0.9615298086459825
0.9615308292131051
0.9615292426566394
0.9615316384307183
0.9615297684677813
0.9615300425257228
0.9615314450109699
0.9615316091401349
0.9615285641733438
0.9615309229888578
0.9615298593381744
0.9615325572446557
0.961531712759167
0.9615307493129256
0.9615308616732983
0.9615323740546889
0.9615310347554751
0.9615316855748304
0.9615323447777012
0.9615298072541094
0.9615322905141522
0.9615317517159563
0.9615339586470676
0.9615311275652846
0.9615330336133115
0.9615344311761159
0.9615319644540168
0.9615335515036467
0.9615332711233051
0.9615335280299995
0.9615317394606826
0.9615318072617939
0.9615332263729663
0.9615315894469664
0.9615342845192376
0.9615338244229543
0.961533870875557
0.961532769473761
0.9615332995930262
0.9615335461211765
0.9615331539994885
0.9615335994928506
0.9615330548947362
0.9615340690322317
0.9615338694168071
0.9615333155274672
0.9615351113796975
0.9615348245244957
0.9615345063799555
0.9615346123057108
0.9615336811669071
0.9615342759737834
0.9615332922375184
0.9615338567174048
0.9615339219411279
0.9615343109090267
0.9615346622204277
0.9615346387275929
0.9615345123414377
0.961534191092782
0.9615345844914579
0.9615347972600459
0.9615345417838214
0.9615349741067957
0.9615349460004576
0.9615349099752045
0.9615348297586093
0.9615343260824468
0.9615340372454579
0.9615341697192852
0.9615347049280412
0.9615352031978976
0.9615352926083937
0.9615355889867224
0.961534814500611
0.9615347682341712
0.9615348546734778
0.9615355166536534
0.9615350167340665
0.9615350099525315
0.9615356520886831
0.9615355552441354
0.9615350200797487
0.9615353980578305
0.9615354056506051
0.9615358612680999
0.9615358548475899
0.961536097795877
0.9615365077697332
0.9615364074899585
0.9615358969894543
0.9615356066578212
0.9615351819921494
0.9615358027986995
0.9615357826985677
0.9615354610962902
0.9615359397071385
0.9615359362693845
0.9615357953466467
0.9615355493448184
0.9615356947334194
0.961535348008748
0.9615355218582333
0.9615356583584421
0.961534869570204
0.9615353803753398
0.9615349802255909
0.9615357497831385
0.9615356806429403
0.9615354779194383
0.9615356563655516
0.961535382855595
0.9615355209016435
0.9615353798497766
0.9615354267419381
0.9615363093333146
0.9615363166876731
0.9615359723443104
0.9615357032683896
0.9615354906312641
0.9615355682175439
0.9615352718544924
0.9615354967555074
0.9615354967555074
