0.05480769230769231
0.08942307692307692
0.11538461538461539
0.16538461538461538
0.14807692307692308
0.18269230769230768
0.15673076923076923
0.19615384615384615
0.2403846153846154
0.29903846153846153
0.2673076923076923
0.24134615384615385
0.26826923076923076
0.27692307692307694
0.3038461538461538
0.3173076923076923
0.33076923076923076
0.38076923076923075
0.3528846153846154
0.3769230769230769
0.4173076923076923
0.4394230769230769
0.4076923076923077
0.4519230769230769
0.4519230769230769
0.4269230769230769
0.4653846153846154
0.4567307692307692
0.4673076923076923
0.46923076923076923
0.4826923076923077
0.47307692307692306
0.48653846153846153
0.4951923076923077
0.48653846153846153
0.5134615384615384
0.5307692307692308
0.5153846153846153
0.5144230769230769
0.5326923076923077
0.5288461538461539
0.5509615384615385
0.5567307692307693
0.5528846153846154
0.5798076923076924
0.5644230769230769
0.5817307692307693
0.5884615384615385
0.5894230769230769
0.5884615384615385
0.5884615384615385
0.6028846153846154
0.5903846153846154
0.5894230769230769
0.6307692307692307
0.6125
0.6317307692307692
0.6163461538461539
0.6471153846153846
0.6384615384615384
0.6451923076923077
0.6451923076923077
0.6442307692307693
0.6384615384615384
0.6557692307692308
0.6653846153846154
0.6586538461538461
0.6663461538461538
0.6394230769230769
0.6567307692307692
0.6673076923076923
0.6567307692307692
0.6663461538461538
0.6586538461538461
0.6826923076923077
