0.32643961844370445
0.5611006823797409
0.6202499651348522
0.6041374893639414
0.6706009507426853
0.6852818050067804
0.6924038137601355
0.7314457327072291
0.7368359665957053
0.7710447708926207
0.7885500564804
0.8044847810163386
0.8282077963224921
0.8266015490583556
0.8568122303209237
0.8666869153159407
0.8670468625062354
0.8799741563888646
0.8898072859064734
0.884222399992639
0.8980743811298313
0.9064484102995353
0.9144879268425566
0.9212836992214999
0.9231585736175333
0.9231912601060186
0.9283411782069275
0.9279728921403932
0.9282168236768535
0.9323133649649544
0.933540046723037
0.9353220917830934
0.9363723875298565
0.9373205492847205
0.9413008030935339
0.9409908723260514
0.9411808067461214
0.9433294062733021
0.9422868511477395
0.9422243657014264
0.9450764955754839
0.9442934397016401
0.9436813854301341
0.9445841767101446
0.9458551233034747
0.9462830181567489
0.9462555429147443
0.9469585411510597
0.9481906194705794
0.9484597492264157
0.9467815492151012
0.9483158687959143
0.9489756758889021
0.9489218876341885
0.9493567944362731
0.9494697817699421
0.9495324500962893
0.950005433874805
0.9501199772283563
0.9504448363950111
0.9503275226143981
0.950396895356132
0.9504317241025677
0.9508452666563592
0.9508492779471276
0.9508008439344172
0.9509749731784312
0.9515555884064254
0.9512101837153288
0.9512490883608401
0.9517595420883252
0.951511560754381
0.9517897622970425
0.9516728233010325
0.9517364667595931
0.9518171107435516
0.9518771266968987
0.9518935860388197
0.951881003329713
0.9518940732385553
0.9519277322255009
0.9520417839959869
0.95211702532995
0.9520392891424473
0.9521263984928168
0.9521720872699141
0.9520430440097529
0.9521760146607324
0.9521975594459118
0.9521777472630477
0.9522294427362269
0.9521708952557647
0.9522003538225021
0.9522375622769124
0.9522948329455466
0.9523481635127472
0.9522915628363237
0.9522009459488139
0.9523818551132758
0.9522569048376176
