0.36373305905897213
0.539841600030132
0.5663113030926961
0.6065857086055174
0.6073204634866158
0.6880458462820496
0.7005230694366653
0.7179158495725816
0.7525035047956127
0.7585923994181055
0.7724226568965007
0.8043228755557937
0.8147619342112901
0.832313292168053
0.8459358880662723
0.863901940708587
0.8609013299491047
0.8728711038352587
0.8784803520209102
0.8848466720952785
0.8913876320056449
0.8959877356888737
0.9078384391091565
0.909426370846995
0.9162542718446692
0.9195219756375593
0.9221713756044202
0.9271962106568191
0.9253910524077905
0.9295147291649484
0.9288530253253074
0.9321980317340167
0.9363120861868927
0.9371267413651603
0.9375816831707594
0.9390553039332634
0.9397885357168706
0.9415844584336881
0.9420724353524612
0.9428447145461025
0.943572722364707
0.943961124332514
0.9450089701316545
0.9457107853561474
0.9454684288147693
0.9452736096464448
0.9456758057946962
0.9468133389503305
0.9471301398920172
0.9467984846082546
0.9475157742295237
0.9482517427618784
0.9481392434734346
0.9488133327574862
0.9489857756031648
0.949002962839964
0.9495325979734354
0.9496011416650331
0.9495158627222595
0.9500640643564677
0.9501316192480939
0.9500029308235365
0.9502731219349968
0.9504436409959778
0.9505268632904453
0.9506709412793524
0.9507224891821586
0.9506442261235327
0.9509864018479716
0.9511133059164236
0.9511314638004594
0.9512656230602444
0.9512215338377882
0.9513958669236137
0.9513116232129075
0.9514411611265241
0.9516438181182539
0.951632614630888
0.9516296211704459
0.9515417110681873
0.9517137379632341
0.9517184248061241
0.9518557881602467
0.9517651064349841
0.9517607407108972
0.9519730842784992
0.9518654795072143
0.9519772745565849
0.9520173640717122
0.9519602400958895
0.9520104497713321
0.9520099340395971
0.9521407675156323
0.9521372348363953
0.9521773423145082
0.9521214206392826
0.9522515225356758
0.9521031591093787
0.9521991941947695
0.9522584409433003
