0.3457283780811821
0.5302413531812766
0.5369326731364716
0.5966497318437318
0.6203216927803662
0.6554523091003586
0.7024492104932092
0.7291884192577606
0.7769518307673566
0.7734258951224569
0.8207931776730265
0.8176704092097632
0.8295474020422646
0.850150484933106
0.8610170302632671
0.8765750355194927
0.8796757548603962
0.8924560092131593
0.9005698246315491
0.896605370168921
0.9109619886781248
0.9166702617994289
0.9142410913460599
0.9211798732334707
0.9228559422284948
0.9208894925706161
0.9272986369457504
0.9299965959080931
0.9315025055791387
0.9325351310278341
0.9334696738383272
0.9363237313140998
0.9382050865004299
0.9397513844469978
0.9397717644117533
0.9410458348253847
0.9435857079036246
0.9437953893042562
0.9428405644644944
0.9441536672183513
0.9452367130765766
0.9463799920516954
0.9468326170783674
0.9463442076111623
0.9468646252900835
0.9474388600410276
0.9473272824700602
0.9479705040411155
0.9473068541067065
0.9489746322524609
0.9480808110752108
0.9485014274098336
0.9492555367145238
0.9492408575702107
0.9496169519662254
0.9496329397089815
0.9499843053666087
0.9505807104268343
0.9504005812581857
0.9503147341098988
0.9503593674982045
0.9508284785361912
0.9508973446958806
0.9506736417039654
0.9511294933330873
0.9513864239698051
0.9513188206616284
0.9512850224942149
0.951481910091713
0.9514206376503991
0.9515336028643002
0.9515821025746524
0.9516107131500506
0.9515494065599622
0.9516292746855401
0.9517097455605245
0.9518076363287453
0.9518505038896604
0.9518632486701512
0.9518603966920721
0.9517550693916321
0.9519670368837612
0.9519950938579022
0.9519991395568623
0.9518322022045986
0.9519578296256637
0.95207567801072
0.9521062327838208
0.9521294051316853
0.9520458155971132
0.9520419742702506
0.9520799329350051
0.9520240388545672
0.9521181133375575
0.9521870288066532
0.9521583087551955
0.9522115587322499
0.9521991506878458
0.952140436307134
0.952219396166921
