0.462633814257429
0.46992678193767135
0.47034289946855234
0.4834920087331031
0.48581418053930264
0.5085814604469155
0.5284287933297126
0.5492443614945185
0.5658670313750077
0.5950837591192303
0.6120849324737457
0.6123630321401755
0.6344807140899
0.6510495905528518
0.6832225327125943
0.7013656013048974
0.7208747974456364
0.7407455503000508
0.7574250878797536
0.7656377181605152
0.762940287183478
0.7786791359456369
0.790545446213806
0.8009563386806782
0.8051236687104425
0.8152196543351833
0.82068594212563
0.8234753577331858
0.8328662288307762
0.8395935558988963
0.8462432694835111
0.854905325306805
0.8638564948868012
0.8738123994370662
0.8789825726158611
0.8811921522797653
0.8830266874184876
0.8878983496643487
0.8922291264427692
0.8925849582117239
0.8992530896721929
0.8996090854450411
0.9020860737101258
0.9055778718150683
0.907610028145772
0.908871489612926
0.9129317768514904
0.9143207292375873
0.9154412276111652
0.9163653620098162
0.918869601940819
0.9202981139991498
0.9211585454036878
0.9221852011844237
0.9257049938728111
0.92671967967737
0.9280099718784905
0.9285886669819163
0.9289638522075204
0.930065675137612
0.9307635477838312
0.9323530938586644
0.9328853841405155
0.9346706282563917
0.934996678455249
0.9355994154933845
0.9383014087107504
0.9388925073415904
0.9391658107975641
0.9397086600776751
0.9405260731914625
0.941346718315135
0.9422133700396044
0.9428906891268869
0.9434798992746586
0.9437953210679485
0.9440525496642435
0.9448225515179098
0.945063623975007
0.9454325438551798
0.9455551411163046
0.9459277103751872
0.9462670366650384
0.9464792525187653
0.9466189290932426
0.9473697413674754
0.9477261947293236
0.9478499909579291
0.947921682641036
0.9479931612283616
0.9481232162221043
0.9486311830483241
0.9487728494922794
0.9488870603486657
0.949289504545944
0.9493248190521567
0.949356939934133
0.9494569016417446
0.9496433424616003
0.949715528251598
0.9497870315993486
0.9498129107173418
0.9498334551666187
0.9500596176911017
0.9501375692006737
0.9501728362414219
0.9500969521377185
0.9501972824017262
0.950263896342574
0.9505773552409572
0.9505864187939662
0.9507603006977389
0.9507763686344084
0.9508171628712908
0.950827944520702
0.9508595535724237
0.950943596874024
0.9509598056161689
0.9509942582957568
0.951044811328104
0.9510942238870752
0.9512047591475253
0.9512310897670848
0.9513282388719126
0.9513537697618338
0.9513233177524627
0.9513364805157043
0.9514487501946685
0.9514270371436291
0.9514336745847306
0.9515077504037166
0.9515246462937837
0.9515680782830653
0.9515974682201059
0.951621405111616
0.9516194702910851
0.9516532589244363
0.9516863316304321
0.9517216071567763
0.9518286699902879
0.9518408988416331
0.9518605214573778
0.9518690209481767
0.9518728173009128
0.9518943550862657
0.9519190091092486
0.9519882460985524
0.9520122969226449
0.9520384345704698
0.9520654779527997
0.952086745203249
0.9521183608628835
0.9521491399963555
0.9521363551884561
0.9521352004403594
0.9521200227012544
0.9521580375327121
0.952208157023455
0.9522012593885352
0.9522027796330806
0.9521917301867059
0.9521912495856745
0.9521958296313301
0.952190740951617
0.9522046353178064
0.9522109785523221
0.9522375818522051
0.95228149847732
0.9523102592902849
0.9523272148524127
0.9523169230328231
0.9523410913354855
0.952325925876065
0.9523319107376268
0.9522981267724838
0.9523002010704887
0.9523056269267433
0.9523122717039796
0.9523239498092542
0.9523437662640943
0.9523726526760584
0.9523776860057007
0.9524025727175974
0.9524106721722436
0.9524092364178046
0.9524046716254756
0.9524081649822316
0.9524047445033861
0.9524041138674877
0.9523990655227432
0.9524019374039396
0.9524116477820581
0.9524220060490525
0.9524514583711434
0.9524575331771282
0.9524415545848314
0.9524218592862246
0.9524220837518738
0.9524629721219747
0.9524642125309308
0.95246955827571
0.9524707288314052
0.9524909529453106
0.9524961296537446
0.9524909529018092
0.9524879725063851
0.9524892319153913
0.9524883660740651
0.9524892119059762
0.9524954168358758
0.9525033146910963
0.952505763753183
0.9525132994912091
0.9525116811100801
0.9525078219773263
0.9525107470288503
0.9525058171783004
0.9525124110767907
0.9525107909161056
0.9525218833056048
0.952513946548219
0.9525193533564719
0.9525202030309284
0.952522040267415
0.9525184609449447
0.9525269477006181
0.952525942053619
0.952524067543656
0.9525223821930019
0.9525254342577478
0.9525299866988063
0.9525301274519388
0.9525355944718717
0.9525515039553494
0.9525470667484575
0.9525555332187731
0.9525612797932969
0.9525650922722015
0.9525623024808927
0.9525680698853021
0.9525690510444342
0.9525735148668207
0.9525702669736326
0.9525702764909406
0.9525707841576732
0.9525711509863422
0.9525710778763244
0.9525727083243049
0.9525745395067166
0.9525747325873543
0.9525789800104982
0.9525807211352707
0.9525822307940762
0.9525825597949936
0.9525852266892393
0.9525872442841343
0.9525890847048145
0.952589797222997
0.9525883389007728
0.9525889691331402
0.9525889037985269
0.9525895919443783
0.9525860633611607
0.9525835586070398
0.952584528515158
0.9525856199668183
0.9525875425603781
0.9525884471428242
0.9525883631033023
0.9525909775258922
0.952592011275188
0.9525937437843995
0.9525952346884947
0.9525917364191814
0.9525925524781048
0.9525857166515318
0.9525852304270997
0.952584298983897
0.9525852909631224
0.9525845907959287
0.95258520357486
0.9525904183353276
0.9525924254918213
0.9525910775638073
0.9525902013381784
0.952587418691214
0.9525892935431735
0.9525920355687351
0.9525978055541018
0.9525977658434467
0.9525946064108329
0.9525951693649585
0.9525966804137338
0.9525996407610662
0.9525999358692125
0.9526034551864335
0.9526033161878154
0.952604330490552
0.9526043769106238
0.9526010897977933
0.9526092230342061
0.9526064956395263
0.9526070924973934
0.9526079498875342
0.9526134724660702
0.9526118194573345
0.9526131371787327
0.9526118881875213
0.9526120019357551
0.9526123296272689
0.9526131580834918
0.9526133866405002
0.9526127702995638
0.9526136523228477
0.9526135669527335
0.9526136936994488
0.9526142546450437
0.9526121606091738
0.9526119650206473
0.9526105302926963
0.9526145853699932
0.9526145608727393
0.9526140853681719
0.9526134894582611
0.9526143389306979
0.9526151711192774
0.9526157710487091
0.9526165018179644
0.9526158695817841
0.9526157718669404
0.9526162895287423
0.9526165619093109
0.9526174481142491
0.9526193497110496
0.9526179084523317
0.9526173367532187
0.9526166059613401
0.9526175547291401
0.9526164783404775
0.9526190133751847
0.9526186526910392
0.9526183933028374
0.9526193930252725
0.952618743835723
0.9526169963900253
0.9526169908587894
0.95261751600477
0.9526150257646313
0.9526151850800519
0.9526152289883557
0.9526138072748718
0.9526148530485629
0.9526149610169522
0.9526174849955422
0.952617987463315
0.9526178942254383
0.952617574809439
0.9526170285627243
0.9526173493045137
0.9526188760536268
0.952618874394413
0.9526183058183085
0.952619946870303
0.9526212521867629
0.952621172339053
0.9526204587196041
0.9526211086539081
0.9526208358524033
0.952621054597357
0.9526220367147209
0.9526220272299155
0.9526235111816163
0.9526231731028484
0.9526225216398637
0.9526225376392335
0.9526219886718735
0.9526226085793834
0.9526229086591004
0.9526223134850083
0.9526223342291653
0.9526223491180302
0.9526223419848573
0.952622175183993
0.9526216545632932
0.9526201496465182
0.9526201896930335
0.9526214346485093
0.9526220011780369
0.9526214323445983
0.9526215789520142
0.9526213478243264
0.9526240491691831
0.9526239899832137
0.9526248481777921
0.9526249305475829
0.9526238745609731
0.9526240309633682
0.9526242214040512
0.9526250634401312
0.9526246700591849
0.9526249360292003
0.9526259561599815
0.9526252713428045
0.9526246139815925
0.9526249965829585
0.9526250473782351
0.9526254893272036
0.9526265524433941
0.952625562384314
0.9526260282456778
0.9526262928976826
0.9526253699763985
0.9526256965395541
0.95262553631313
0.9526260682547042
0.952626263116353
0.9526254059013448
0.9526258534878164
0.9526261985040677
0.9526263962647566
0.9526260764869597
0.952626658393128
0.9526271448563842
0.952626784520125
0.952626964796554
0.9526269737187272
0.9526265723872235
0.9526260917667682
0.9526260826727972
0.9526246604796531
0.9526249098409115
0.9526246078421324
0.9526245673367846
0.9526239563328553
0.9526231406266562
0.9526229295989858
0.9526227029290238
0.952622550655321
0.9526212272147628
0.9526218099234952
0.9526215524633068
0.9526229481958377
0.9526230672216115
0.9526236079840384
0.9526246843272768
0.9526247548273603
0.9526245933820064
0.9526226458101242
0.9526258668658228
0.9526260137640344
0.9526266740995161
0.9526266006873313
0.9526288821476099
0.9526285600481603
0.9526281872159741
0.9526279845746682
0.9526283571867397
0.9526275916089125
0.9526287578383587
0.9526292189708531
0.9526296564605289
0.9526301043130065
0.9526305774593543
0.9526295155302367
0.9526296388872147
0.952629250825525
0.9526272697014438
0.9526269191911508
0.9526268189850999
0.952627098042158
0.9526274044602877
0.9526272223457675
0.9526261622721904
0.9526269136788558
0.9526285367206779
0.9526291090151906
0.9526298043208469
0.9526309996705348
0.9526313058365276
0.9526313049003073
0.9526314203142386
0.9526320166144886
0.9526324358497181
0.9526329786838615
0.9526326978408163
0.9526325554129637
0.9526326502272427
0.9526319508286861
0.9526320072456489
0.9526317363946138
0.9526313263810433
0.9526311785569118
0.9526305661781725
0.9526304882326501
0.952630552704073
0.9526307953723381
0.9526308889171673
0.9526305614290692
0.9526312714964772
0.9526304028321472
0.9526303711795118
0.9526304416669947
0.9526291585116711
0.9526310990716882
0.9526307308289012
0.9526318342883936
0.9526318271657582
0.9526316823320516
0.9526316222370894
0.9526321896764736
0.9526312909014756
0.952631665574557
0.95263223414471
0.9526323422502276
0.9526325082572246
0.9526321480631935
0.9526321382447013
0.9526317879281628
0.952631073841362
0.9526309112739345
0.9526309438933915
0.9526311852227645
0.9526311745658069
0.9526318387706336
0.9526324286486577
0.952632843748766
0.9526330579400103
0.9526328703741656
0.9526340236008777
0.9526340827764663
0.9526340542322267
0.9526339564682724
0.9526328348527915
0.9526331931492453
0.95263300544403
0.95263303123879
0.952633293676199
0.9526323002349468
0.9526324847915831
0.9526328200826923
0.9526332020620651
0.9526332392779694
0.9526330462913808
0.9526330413632749
0.9526333061361092
0.9526333327306085
0.952633554502495
0.9526335923120081
0.9526332863000033
0.9526339182915757
0.952633949439902
0.9526337496151597
0.9526335381451481
0.9526335803629201
0.9526339428759332
0.9526321430628714
0.9526318863773513
0.9526321075806727
0.9526330228867207
0.9526332432751844
0.9526318585139839
0.9526319856966635
0.9526317098570412
0.9526315893075966
0.9526318754041804
0.9526320359735877
0.952632012211276
0.9526316482424408
0.952632280886128
0.9526320757804202
0.9526318917589648
0.9526346894279256
0.9526344103193073
0.9526344929691705
0.9526350909765452
0.952635042432565
0.9526348361908242
0.9526350790896757
0.9526351852644461
0.9526351512343187
0.9526351459229015
0.95263357365801
0.9526335702981344
0.9526327739103202
0.9526330788834578
0.9526329983366804
0.9526332014242598
0.9526334328022295
0.9526331543641731
0.9526333669119766
0.9526334078918764
0.9526333302584482
0.952633531674231
0.9526340645714853
0.9526344098820313
0.9526348389469249
0.9526348292111
0.9526350158427276
0.9526347907615177
0.9526344389365902
0.9526343330243369
0.9526341236374413
0.9526340975612062
0.9526334888405577
0.9526324549850174
0.9526333866189175
0.9526337666475986
0.9526347784700882
0.9526347063236041
0.9526346979732017
0.9526342928318408
0.9526343365402942
0.9526351232249809
0.9526343437658155
0.9526333582114193
0.9526336952399281
0.9526333315145517
0.9526329450765918
0.9526325325227819
0.9526329338758017
0.9526340850636135
0.952633414275392
0.952633376074345
0.9526334732710503
0.9526344950615591
0.9526345560459984
0.9526348001319651
0.9526346639521381
0.9526346087337539
0.9526346840623047
0.9526347350911945
0.9526350236379554
0.9526346460994285
0.9526347134596456
0.9526350752163508
0.9526353087161888
0.9526350974670738
0.9526349334456453
0.9526352462324069
0.9526351279511182
0.9526341884550283
0.952634291164295
0.952633848061476
0.9526345082434148
0.9526345577307814
0.9526339940569412
0.9526340732778409
0.9526338055471368
0.9526343227792581
0.9526343497081283
0.9526346371312715
0.9526345223044479
0.9526345157511433
0.9526347947486741
0.9526342976771882
0.9526343305193028
0.9526339157045778
0.9526343148298789
0.9526336846877632
0.9526338945935422
0.9526338009508755
0.9526335398162352
0.9526335649366434
0.952633085515474
0.9526344241940472
0.9526342485171793
0.9526341768704731
0.9526333219017828
0.9526336085534801
0.95263407598467
0.952634278646969
0.9526343013816514
0.9526344371003079
0.9526344066340411
0.9526347108069165
0.9526349887824063
0.9526356892137193
0.9526348214235706
0.9526344974467935
0.9526350622880562
0.9526350982796208
0.9526350095312234
0.9526356832710315
0.9526356749365926
0.9526359255199071
0.9526361237436021
0.9526363765937431
0.9526363950263453
0.9526363659363619
0.9526367362704393
0.9526364096711142
0.9526359338194949
0.9526358133979036
0.9526364315292325
0.9526366226386022
0.9526371213532558
0.952637034214474
0.9526368254952341
0.9526369104362928
0.9526374387706619
0.9526373945920302
0.9526377240371307
0.9526373990585022
0.9526369790900282
0.9526370231087236
0.9526368100742124
0.9526367089852142
0.9526365154265002
0.9526365519782125
0.9526365633826579
0.9526368078771921
0.9526365611791031
0.9526361981832013
0.9526371572897514
0.952638155337529
0.9526382074298712
0.9526382091140918
0.9526387959411907
0.9526386306405982
0.9526385170462719
0.9526387491198162
0.9526384781034003
0.9526386041943523
0.9526384352673425
0.9526382991840925
0.9526382324545037
0.9526379752959006
0.9526381812492026
0.9526384947917294
0.9526386440825011
0.9526385867897281
0.9526385678406507
0.9526386467616016
0.9526384793934404
0.9526382156286973
0.9526381000294424
0.9526381569304493
0.9526380056546078
0.9526380190888553
0.9526381823877907
0.9526382923507448
0.9526383050717712
0.952638224214779
0.9526377105929957
0.9526374129253313
0.9526372461879669
0.9526375280955198
0.9526378835091881
0.952637756468745
0.952636956928159
0.9526369583680634
0.952637451608107
0.9526376605706628
0.9526376208326297
0.9526376936182184
0.952637770355299
0.9526375779985048
0.9526372868422783
0.952637569890102
0.9526375762914604
0.9526379810008649
0.9526382183775505
0.9526382737088973
0.9526381663266125
0.9526379006122963
0.9526378334644302
0.9526378941450662
0.9526378532371803
0.9526381044873543
0.952638209158715
0.95263793606455
0.9526377428882183
0.9526375319182486
0.952637437692314
0.9526373713006066
0.9526372983605167
0.9526371227593055
0.9526368503141786
0.9526370038094877
0.9526370021735749
0.9526366417653113
0.9526366536934511
0.9526364325692105
0.9526366142565597
0.9526372785645698
0.9526373942971761
0.9526372709829422
0.9526370326627809
0.9526369926301307
0.952636910581548
0.9526368924878126
0.9526365648481437
0.9526367043443358
0.9526370704255611
0.9526370138360628
0.952636542145406
0.9526368544386244
0.9526361147513307
0.9526361885256986
0.9526364228135773
0.9526367289594424
0.9526369570844031
0.9526367837099371
0.9526368283892841
0.9526370836172933
0.9526371994974537
0.952637162252796
0.9526373870685924
0.952637507905043
0.9526371775490772
0.9526375649994122
0.9526377900004316
0.9526377818629634
0.9526376785964035
0.9526375424145888
0.9526376446957722
0.9526371977361767
0.9526372469891689
0.9526374321649537
0.9526374707771813
0.9526375401692609
0.9526377348594604
0.9526375359484548
0.952637395415555
0.9526372151887488
0.9526371447147451
0.9526370961310098
0.9526369989433449
0.9526369340103947
0.9526370076208163
0.952637398642447
0.9526373418184315
0.9526373184150807
0.9526373267983732
0.9526373200638534
0.9526371008338775
0.9526368866457474
0.9526371364959353
0.9526374274774456
0.9526375114725303
0.9526377040298798
0.952637803303623
0.9526378402946113
0.952637852529763
0.9526380497480806
0.9526371683173783
0.9526367675890108
0.952636223675948
0.9526362888331351
0.9526362309545819
0.9526363733899644
0.9526364929502968
0.9526365717689413
0.9526366834562595
0.9526370912099879
0.9526369292209027
0.9526367634433962
0.9526365740476466
0.9526366256407285
0.9526366160407599
0.9526363601129789
0.9526355666928119
0.9526354526787019
0.9526354590659761
0.9526355108899142
0.9526359420763233
0.9526362204323754
0.9526359395901961
0.9526360642633181
0.9526360124738968
0.9526361171224965
0.9526356420508232
0.9526355745405013
0.9526358740183636
0.9526361981489805
0.9526362790582895
0.9526362523520931
0.9526364216675314
0.9526364319830598
0.9526363562236296
0.9526363346827827
0.9526369248203332
0.9526373497563209
0.9526371842634069
0.9526372030419621
0.9526373302064278
0.952637314149055
0.9526375188506129
0.9526377015380192
0.9526375586513425
0.952638195469222
0.9526381524808516
0.9526379753457075
0.9526377511470486
0.9526373745132083
0.9526373465963117
0.9526373056308939
0.9526367910539073
0.952636934414833
0.9526366892528967
0.9526365760677266
0.9526368930181984
0.9526369437434103
0.9526365926199302
0.9526370849841399
0.9526371739384597
0.9526369701401382
0.9526373177479512
0.9526367869452981
0.9526366864149161
0.952636437009761
0.9526364673286162
0.9526362753695197
0.9526363482180334
0.9526365443276889
0.952636772492289
0.9526363576928145
0.9526362705760136
0.9526364000713532
0.9526361250200523
0.9526362619666618
0.952636208588357
0.9526362209570985
0.9526361916210545
0.952636697165114
0.952636399322167
0.9526372452099827
0.9526371216906077
0.9526371264118525
0.9526369655670917
0.9526371888653771
0.9526372732697164
0.9526370822079719
0.952637585827292
0.9526376080817216
0.952637756593261
0.9526375575986876
0.9526373453625703
0.9526375275411894
0.9526376240836463
0.9526376741021303
0.9526374583374488
0.9526373581784993
0.9526361844284078
0.9526363649418019
0.9526364514662938
0.9526364505254548
0.9526367684332989
0.9526365191560903
0.9526365930923891
0.9526362407679052
0.9526360678106648
0.9526369920273899
0.9526369645360349
0.952637315575314
0.952637666907163
0.9526377637126516
0.9526378700431358
0.9526381972058982
0.9526363697708706
0.9526353487666629
0.9526352597900921
0.9526368578240533
0.9526369850149115
0.9526364530320691
0.952636861355739
0.9526372494038604
0.9526372497788123
0.9526371277904547
0.9526372376859527
0.952637850251454
0.9526362519161027
0.952636053865381
0.9526361492666189
0.9526360805627723
0.9526363393157042
0.952636300644716
0.9526360279881663
0.9526359045191695
0.9526358143345842
0.9526361264036632
0.9526362038434516
0.9526361396900359
0.9526363128479891
0.9526365563953477
0.9526366573015462
0.9526367789855514
0.9526364723982212
0.9526366320767932
0.9526365078786038
0.9526364304491937
0.9526361948416504
0.9526363364199043
0.9526354544039903
0.952636136091227
0.9526364558379784
0.9526366948940541
0.9526361341494142
0.9526362915797282
0.9526363694143895
0.9526365042764217
0.952636955791743
0.9526367630422703
0.9526367767053049
0.9526368300472811
0.9526367410711063
0.9526374366765309
0.9526379891486171
0.9526380792282736
0.9526385670499758
0.9526384474121421
0.9526379963030823
0.952637806160095
0.9526379395715385
0.9526379743906832
0.9526381958801514
0.9526383934503198
0.952637784391545
0.9526374750725088
0.9526373427930398
0.9526377483640833
0.9526370120821576
0.9526362892420968
0.9526364147810874
0.9526365960239774
0.9526367341728051
0.9526365521253609
0.9526370151055558
0.9526377902867099
0.9526377088965711
0.9526376600528191
0.9526378334233989
0.9526376633671396
0.9526369726455476
0.9526370849146719
0.952637016875306
0.9526369656469894
0.9526358155521338
0.9526359661711472
0.9526365318049402
0.9526380254578295
0.9526378937511865
0.9526376494422871
0.9526377523246381
0.9526373451481275
0.9526375319721226
0.9526374784395777
0.9526374767853221
0.9526374697808765
0.9526370603543675
0.9526367231805735
0.9526368084829143
0.9526373035905338
0.9526367601613958
0.9526372964778632
0.9526367863975966
0.952637239211373
0.9526372682984333
0.9526373858047739
0.9526375574574616
0.9526373077885724
0.9526372660703133
0.9526371389846492
0.9526365910058243
0.9526363055699412
0.9526365939558263
0.9526363328039221
0.9526361606013546
0.9526366040742612
0.9526368078179104
0.9526366616269546
0.9526366168036713
0.9526369679953585
0.9526369535973978
0.9526374330318893
0.9526371324311497
0.9526369883695663
0.952636890559545
0.9526364946093288
0.9526363274295816
0.9526361845811634
0.9526359827007992
0.9526361080174142
0.9526369081932422
0.9526369189528413
0.9526366746364355
0.9526365161807832
0.9526365561105257
0.9526364534185274
0.9526365594370275
0.9526370590377169
0.9526370368472186
0.9526360887141244
0.9526378110091881
0.9526378744331951
0.9526378414809322
0.9526377940641552
0.9526378352783645
0.9526372801238862
0.9526372745020083
0.9526370045185512
0.9526369996910483
0.952636944401265
0.9526369467325343
0.9526369651171346
0.9526372457726234
0.9526368814662273
0.9526362471152722
0.9526359722498144
0.9526364274278083
0.9526364563777701
0.9526367616294509
0.9526365759190306
0.9526367498670382
0.9526368502970106
0.9526367093869591
0.9526370691386055
0.952637002713863
0.9526362946444725
0.9526361437490893
0.9526357960945298
0.952636298150652
0.9526362585828461
0.9526363860896253
0.9526369773886744
0.9526370163250275
0.9526369338718591
0.9526363370916576
0.9526361974991178
0.9526362607721647
0.9526363046243523
0.9526362493571104
0.9526360874487368
0.9526361656060488
0.9526358073400515
0.9526360107786345
0.9526356956622356
0.952635771005039
0.9526360224876315
0.9526361026922139
0.9526356004906018
0.9526356963297312
0.9526362636823603
0.9526360308342449
0.9526360640364585
0.9526365365673661
0.9526365638329716
0.952636201289817
0.9526361968678407
0.952635901140218
0.9526358322070679
0.9526359835554541
0.9526359888145524
0.9526360328233008
0.9526357115403001
0.9526362838123928
0.9526367548723274
0.9526364877367761
0.9526362725874847
0.9526362312322075
0.9526357448069181
0.9526356699459685
0.9526360014004832
0.9526359596268948
0.952636143007244
0.9526365484442635
0.9526368349997025
0.9526368213276543
0.952636189018465
0.9526364880203235
0.952636477594451
0.9526362272369109
0.9526363410300438
0.9526365479508646
0.952636731825349
0.9526365188247387
0.9526364332618703
0.9526362861180094
0.9526362261380298
0.9526358304162041
0.9526358775176726
0.9526356026283128
0.9526352945188524
0.9526354396376919
0.9526352300262237
0.952635244963659
0.9526355852223612
0.9526353203802949
0.9526359189473959
0.9526359762550867
0.9526361328780509
0.9526362174747999
0.9526359001414668
0.9526357125181711
0.952635528296375
0.9526348025144973
0.9526350456273727
0.9526353301815184
0.9526352885322352
0.95263530609459
0.95263539399031
0.952635658886795
0.9526355496962744
0.9526355031721252
0.9526355091606763
0.9526349965428859
0.9526350948207539
0.9526353991565277
0.9526349894387598
0.9526349004243126
0.9526351099854616
0.9526351194760762
0.9526350863646739
0.9526357037736115
0.9526356661035617
0.9526353324108676
0.9526356074720276
0.9526353356288386
0.9526352236990921
0.9526353754147401
0.9526350675687699
0.9526355270356576
0.9526354217437607
0.952635384383548
0.9526350181799533
0.9526349708600672
0.9526357107110816
0.9526358070413857
0.9526350528911061
0.9526355510274118
0.9526344740852761
0.9526345643062332
0.9526351468935771
0.952635169902375
0.9526351864404163
0.9526348134405908
0.9526347357159173
0.9526346998565938
0.9526353061181448
0.9526356723597682
0.9526357662018945
0.9526362628762196
0.9526362488982274
0.9526362791294041
0.9526365495314646
0.9526361986076655
0.9526360857220804
0.952636829023971
0.9526368369681635
0.9526367478075974
0.9526365768253479
0.9526363233384496
0.9526365260810499
0.9526364867598307
0.9526366752334449
0.9526360445508714
0.9526359027999479
0.9526362738685277
0.9526365308460368
0.952636535702502
0.9526363404693843
0.952635869982076
0.9526359193245061
0.9526352724843872
0.9526355598837674
0.9526355337310494
0.9526356931987764
0.9526357574481735
0.9526358561826361
0.9526357727353295
0.9526358025943977
0.9526357735369066
0.952635281926677
0.9526347220044273
0.9526343683536095
0.9526345623731998
0.9526344305781208
0.9526346866326144
0.9526351339935888
0.9526345005805041
0.9526349161526488
0.9526341188490985
0.9526344182311477
0.9526362728069196
0.9526358015445551
0.9526358313509364
0.9526357415312231
0.9526358006268216
0.9526357624043003
0.9526358948181718
0.9526357517725964
0.9526358303242648
0.9526363475693019
0.9526362574805276
0.9526361007690699
0.9526352728891483
0.9526342757725048
0.9526344572761144
0.9526344302379806
0.9526337997301275
0.952634246421317
0.9526348439460032
0.9526355067457696
0.9526361373686377
0.9526360573989903
0.9526355745490362
0.9526356577944891
0.9526354798437644
0.9526358341356472
0.9526354663691965
0.9526351499690386
0.9526350712255598
0.9526351427795318
0.9526355186174343
0.9526355312332037
0.9526354653777641
0.9526351811230718
0.9526354446228344
0.9526347057030383
0.9526345284640853
0.9526345508811515
0.9526345907294681
0.9526346516410524
0.9526343838570942
0.9526348254301474
0.9526349548502197
0.9526352965872564
0.9526358068003199
0.95263575532539
0.9526363801640032
0.9526364603541863
0.9526369358220561
0.9526368840295257
0.9526366443280259
0.9526366354862668
0.9526370794586724
0.9526369061619456
0.9526369953325655
0.9526368919050795
0.9526368662897595
0.9526367801896729
0.9526365992052864
0.9526363323075545
0.9526362448750227
0.9526363452749657
0.9526361656071692
0.9526363376101348
0.9526359346523975
0.9526360769570105
0.9526362231508896
0.9526359609442053
0.9526360235669521
0.9526358364505242
0.9526358941021741
0.9526357877994658
0.9526362420114359
0.9526362719164063
0.952636123051423
0.9526363103901246
0.9526362700637929
0.9526363402800392
0.9526363462062649
0.9526363132271564
0.9526368129271477
0.9526373384258481
0.9526371782855033
0.9526370824871419
0.952636785006071
0.9526364546918278
0.9526363889053633
0.9526362372365941
0.9526357934600684
0.9526358719181353
0.9526361585830471
0.9526363028764927
0.9526362040744158
0.9526360121888181
0.9526359445840936
0.9526360630954219
0.9526356442494128
0.9526348657360132
0.9526344999555245
0.9526346424570361
0.9526343125607354
0.9526343593048723
0.9526340892938973
0.952633815743154
0.9526337251079056
0.9526339271493879
0.952634047690224
0.9526342236349723
0.9526339740790721
0.952634279851828
0.952634838384853
0.9526341789472177
0.9526344817907483
0.9526348875303405
0.9526355185667558
0.9526359231183297
0.9526363474935126
0.9526356526334763
0.9526347932808863
0.9526351255462285
0.952636074694789
0.9526362631290234
0.9526366048051637
0.9526367206407825
0.95263682592733
0.9526367257369199
0.9526361962630322
0.9526363353522556
0.9526363617917368
0.952636504657224
0.9526363659201426
0.9526362231231296
0.9526360407634494
0.9526362350823435
0.9526364621109151
0.9526363622092106
0.9526360244526907
0.9526362506481152
0.9526365987369979
0.9526366466590166
0.9526367447321005
0.9526372316949717
0.9526373360353232
0.9526369085764506
0.9526369096432848
0.9526369338363392
0.9526371033390026
0.9526370667261255
0.9526367030333178
0.9526371868629715
0.9526376446395557
0.9526381203917428
0.9526379457135897
0.9526379404372926
0.9526379827345983
0.9526380800847907
0.9526382066468164
0.9526383210070001
0.9526379900261657
0.9526378571454877
0.9526377963824999
0.9526376022850986
0.952637364863866
0.9526371096829376
0.9526370192913602
0.9526372795200564
0.9526377254017442
0.9526375930444729
0.9526379467506229
0.9526383305839907
0.9526382971197208
0.9526380636224197
0.9526382456694539
0.9526382402950423
0.9526382252330672
0.9526381086449028
0.9526380623806
0.9526378878836184
0.9526379236471946
0.9526378132976223
0.9526378489844478
0.9526376791636171
0.9526377276555001
0.9526379320829026
0.952637373727999
0.9526377864721558
0.9526378468190273
0.9526374510842622
0.9526372434585358
0.9526372429663938
0.952637689766825
0.9526376475466144
0.952636767277606
0.9526359126095342
0.9526355658297015
0.9526355295982131
0.9526353087145101
0.952635465382937
0.9526358051422197
0.9526357768966417
0.9526360550187546
0.9526361260466235
0.9526367365263975
0.9526364507877634
0.952636547660453
0.9526363521023838
0.9526361265448531
0.9526364252847128
0.9526369949742101
0.9526368874044147
0.9526366198280111
0.9526366212501086
0.9526365634155176
0.9526366252746339
0.9526369258586403
0.9526367325781175
0.9526375464476012
0.9526369963730306
0.9526371453385418
0.9526369380133815
0.9526368334784595
0.952636780672404
0.9526369422334439
0.9526371158726996
0.9526372085620641
0.9526373719474355
0.95263752317434
0.9526373777931961
0.9526375266850108
0.9526373720625815
0.9526374087586055
0.9526373328948595
0.9526371009622436
0.9526373444555204
0.9526371455892917
0.9526371730111576
0.9526371758386628
0.9526370297166297
0.9526373891775847
0.9526377430041467
0.9526378910953722
0.9526378765141509
0.9526379521892354
0.9526385886452112
0.9526384919369371
0.9526388238924326
0.9526391704542143
0.9526389686427555
0.9526388875605591
0.9526388814101158
0.9526386233642579
0.9526386412034817
0.9526385750056655
0.9526381932538913
0.9526382279337365
0.9526383311666397
0.9526387511503986
0.952638814129584
0.9526388742598138
0.9526390651084472
0.9526381658275627
0.9526380960062858
0.9526384116376444
0.9526385561472903
0.9526386377291821
0.9526388627405613
0.9526393025029898
0.9526394475066866
0.9526394697367823
0.952639440578025
0.9526393413548853
0.9526392605799185
0.9526392912499462
0.9526394420407577
0.9526393333729329
0.9526385262328613
0.9526389960189328
0.9526391055230654
0.9526387929895633
0.9526386607898166
0.9526388680363923
0.9526391116284506
0.9526390529148996
0.952639141698022
0.9526388269064968
0.9526389131391655
0.9526388024430693
0.9526380224985064
0.9526379541145436
0.9526383776110937
0.9526380691801811
0.9526379667357618
0.9526383505841198
0.9526384977303725
0.9526382113025468
0.9526383184571872
0.9526385239207368
0.9526386424288243
0.9526386822015678
0.9526386606912858
0.9526386658494773
0.9526380403684651
0.9526379893438951
0.9526382425275337
0.9526382313637891
0.9526382326100069
0.9526383025897044
0.9526382416467903
0.9526383280877179
0.9526385229889378
0.952638543431184
0.9526384782655629
0.9526383019169702
0.9526382950858581
0.9526380993149176
0.9526380701818069
0.9526379962630731
0.9526380246139056
0.9526379728079964
0.9526379600147454
0.9526383605560977
0.9526382479773787
0.9526380889062942
0.9526379585470258
0.952637920572006
0.9526380055372935
0.9526379050404781
0.9526381262128356
0.9526382824809352
0.9526382692567531
0.9526384003189641
0.9526382355614459
0.9526384744645167
0.9526381438665615
0.9526384541593317
0.9526384429664179
0.9526383178894413
0.9526383667166685
0.9526380998793876
0.9526380082895461
0.9526379060816053
0.9526383350407942
0.9526384112930033
0.9526382188967075
0.9526380317074693
0.9526379401065335
0.9526374520786168
0.952637650108891
0.952637335911666
0.9526376494522181
0.9526375537971903
0.9526375002445895
0.9526375876371288
0.9526384225081397
0.9526375514227262
0.9526374562031997
0.9526375446948011
0.9526374480284094
0.9526373769369022
0.9526374397842503
0.9526376539010045
0.9526375811694595
0.9526381161722037
0.9526381082030217
0.9526378611590154
0.9526377602524349
0.952637699830292
0.952638124065742
0.9526380816493709
0.9526379510919925
0.9526379598440081
0.952637899151061
0.9526378981101702
0.952637965399339
0.9526380563227939
0.9526378936963499
0.9526379741533353
0.9526379413193554
0.9526381805439255
0.9526382470649493
0.9526390525689806
0.9526390909259619
0.9526392161650933
0.9526392480504207
0.9526391710618937
0.9526392644609843
0.9526390939532322
0.9526388918849713
0.9526388301722439
0.9526387714166292
0.9526388636354064
0.9526391123331931
0.9526395106215645
0.9526394774656103
0.952639477527451
0.9526394691725508
0.9526395318693759
0.9526395058384884
0.9526394281168057
0.9526394336660733
0.95263920745342
0.9526391638856102
0.9526392767970113
0.9526392110884958
0.9526390519733063
0.952639022896731
0.9526388097953088
0.9526388935413247
0.9526388235459782
0.9526389120397387
0.952639046165532
0.9526390313020227
0.9526392054886905
0.9526389942895512
0.9526388409505419
0.9526387681192188
0.9526396711011847
0.9526395496319279
0.9526393902671614
0.9526397049683147
0.9526395646772297
0.9526394640436647
0.9526395253116938
0.9526395020877013
0.9526394671504868
0.9526393971170509
0.9526393843376134
0.9526393726647474
0.9526393517306349
0.9526391575639811
0.9526389266722054
0.9526391117175638
0.9526393371392953
0.9526393852436693
0.9526394247637107
0.9526396830720262
0.9526397056579963
0.9526394950641995
0.9526394733433751
0.9526395027603923
0.9526395560645138
0.952639591996908
0.9526395766913445
0.9526393927200044
0.9526394186240668
0.9526393310709975
0.9526391442850114
0.9526391667470705
0.9526394158005874
0.9526393905661944
0.9526394090352628
0.9526394368984202
0.9526397664949399
0.9526398640149576
0.9526397834476754
0.9526396599484594
0.9526397401943423
0.9526397184120559
0.9526397736231517
0.9526395883492912
0.9526396188425331
0.952639617561226
0.9526395154136572
0.9526394347183179
0.9526393491955057
0.9526392259271448
0.9526391693895814
0.9526392262195346
0.95263914930703
0.9526389789078917
0.9526389828100541
0.952638852353137
0.952639056622957
0.9526390840824185
0.9526389563876263
0.952638914283599
0.9526387789202292
0.9526386622432408
0.9526385221028378
0.9526386541639068
0.95263848980749
0.9526381398674318
0.9526381446864213
0.9526385699302793
0.9526386522666515
0.9526385969771798
0.9526385357887608
0.952638350331634
0.9526382085131795
0.9526380987347267
0.9526382838745459
0.9526382344675264
0.9526385238656375
0.9526384233119306
0.952638429525358
0.9526387029756217
0.952638770121907
0.9526388153441835
0.9526388090958987
0.9526384533179041
0.9526384352767441
0.9526380180644966
0.9526379166006818
0.9526379339986386
0.9526386382410588
0.9526384439936443
0.9526383984901112
0.95263821708186
0.9526384459308576
0.9526384195883465
0.9526383281740193
0.9526382904111835
0.9526383078942731
0.9526383940553664
0.9526385765212779
0.9526385660929464
0.9526380937803288
0.9526382202486758
0.952638076051303
0.9526380875649907
0.9526382078055098
0.9526377712189141
0.9526378168166387
0.9526378617060777
0.9526378741818637
0.9526379271969978
0.952637890032289
0.9526374322696943
0.9526373202086729
0.95263723343717
0.9526372687302127
0.9526375217122299
0.9526371809203665
0.9526378518754398
0.9526378453698056
0.9526379763855348
0.9526377031751485
0.9526376882293723
0.9526374477968643
0.952637912824424
0.9526376368740759
0.9526377070688776
0.9526377272338649
0.9526378013351507
0.9526383835075237
0.9526381954836738
0.9526383581117719
0.9526382884329737
0.9526383156352708
0.9526382079094801
0.9526388465179139
0.9526386310663245
0.9526384294555189
0.9526384660739513
0.9526382151381095
0.9526379536358743
0.9526382076132324
0.9526380836430112
0.9526381595263644
0.9526382275900649
0.9526378466567675
0.952637705300752
0.9526378539351
0.9526378483795063
0.9526376757458768
0.9526375287661853
0.9526375124424521
0.9526370827769552
0.9526370498582468
0.9526368081792471
0.9526380465835053
0.9526369825186961
0.9526371136663111
0.9526369629669088
0.9526368127117417
0.9526368763576436
0.9526375859192856
0.9526375145191203
0.9526377785581559
0.9526376995157118
0.9526377338876677
0.9526376972519127
0.9526378176564249
0.9526374334606489
0.9526376559681764
0.9526375703743586
0.9526375126666974
0.9526377518684173
0.9526377725206945
0.9526383761265895
0.9526384254192045
0.9526385384856216
0.9526380602754354
0.9526379452318068
0.9526383197733305
0.9526375004197032
0.9526374673169479
0.9526374616617026
0.9526377735993817
0.9526377589653071
0.9526378153230193
0.9526381393491885
0.952638533278195
0.952638570783749
0.9526386338778179
0.952638534011701
0.9526386614071523
0.9526382747110514
0.9526382364077373
0.9526383963939582
0.9526384493749319
0.9526380811513145
0.952638158030778
0.9526382167419828
0.9526383547521179
0.9526385790628307
0.9526386832666799
0.9526386340277684
0.9526385726312633
0.952639002184719
0.9526391702450027
0.9526393719147781
0.9526392229621846
0.9526392422166579
0.9526388546268456
0.9526388222217271
0.9526387928359212
0.9526387729405263
0.9526388064929894
0.9526384329695302
0.9526384315266828
0.9526384290917072
0.952638661266239
0.9526386780125972
0.9526386662603356
0.9526385421298268
0.952638448125522
0.9526387811096707
0.9526387296936345
0.9526384436496691
0.952638318724278
0.9526381027735225
0.9526379312779377
0.9526379560062319
0.9526379656974708
0.9526380330252365
0.9526378942485837
0.9526376686986435
0.952637993494688
0.9526380169384168
0.9526379997520417
0.9526379256820334
0.9526380835120059
0.9526385220144659
0.9526383765453266
0.9526383166283627
0.9526382624792353
0.9526384577834436
0.9526380519190708
0.9526380255458512
0.9526372323498449
0.9526372910826636
0.9526375233143335
0.9526381998814301
0.952638443288909
0.9526384945888255
0.9526386948635294
0.9526388353288753
0.9526386675368956
0.9526385906823619
0.9526386163298081
0.9526386044343227
0.9526387402291435
0.9526387700309885
0.9526386752224876
0.9526388113657575
0.9526387519374643
0.9526384923209463
0.9526383531404192
0.9526384665047208
0.9526381250396834
0.9526380470883682
0.9526379197988145
0.9526386137308893
0.9526387422489192
0.9526384474490355
0.9526380447956362
0.952638061898842
0.9526382198798984
0.952638139596754
0.9526378807683439
0.9526378682138966
0.952637796374745
0.952637933411987
0.9526376480331126
0.9526375006604464
0.9526372949111276
0.9526372757636913
0.9526377485984606
0.9526381870657205
0.9526372603769643
0.9526371804021918
0.9526372992656006
0.9526370116165065
0.9526375941254598
0.952637545992535
0.9526376608374744
0.9526376630298194
0.9526374144598848
0.9526376676382972
0.9526377249570934
0.9526379883436953
0.9526379225028538
0.9526377852443108
0.9526378970243401
0.952638369503298
0.9526382408017477
0.9526379029601849
0.9526378110408805
0.9526379515379638
0.9526378653843385
0.9526379366350547
0.9526380211783315
0.9526378027891681
0.9526379477698322
0.9526381170073752
0.9526374740217985
0.95263777146457
0.9526378582575267
0.9526381401187605
0.9526385084242158
0.9526384765556191
0.9526385631850225
0.9526383377655323
0.9526385205868252
0.952638513315237
0.9526383259972252
0.9526376818407216
0.9526377045760984
0.9526378511077904
0.9526376703510374
0.952637844864663
0.9526379452426879
0.9526375362245758
0.9526375052191143
0.95263758257953
0.9526376936903784
0.9526376704735369
0.9526376971104865
0.9526378058135108
0.952637740863262
0.9526376844401663
0.9526377375755307
0.9526377977624813
0.9526379925307383
0.9526379426060849
0.9526376667415665
0.9526376230108013
0.9526375934288465
0.952637685379998
0.9526379632890489
0.9526378316200861
0.9526381807753423
0.9526377030179614
0.9526380233804708
0.9526380596858028
0.9526378993526636
0.9526378286045317
0.9526378390435774
0.9526379677588521
0.9526377089403449
0.9526376007530621
0.9526375668951849
0.9526375856024089
0.9526373644506227
0.9526372508825363
0.9526376612488419
0.9526378006342976
0.952637660186658
0.9526376331264204
0.9526377856831947
0.9526378627276197
0.9526381993727979
0.9526381216678851
0.9526376143709812
0.9526377108888744
0.9526373370233496
0.9526374139050887
0.9526373961345298
0.9526377073140991
0.9526377975043449
0.9526376072494966
0.9526371037582779
0.9526372970642917
0.9526372938530866
0.9526372135809533
0.9526377715793811
0.952638005686172
0.9526379071327994
0.9526376509746086
0.952637828911196
0.9526378907404552
0.9526380483778942
0.9526375688189819
0.9526373818599123
0.9526375061653941
0.9526374236797672
0.9526371421039287
0.9526371489485672
0.9526376322960721
0.9526374485214519
0.9526375528550316
0.9526377126260963
0.9526376533692535
0.9526370103249412
0.9526371292914649
0.9526371172055532
0.9526369352439893
0.9526371326564161
0.9526370028155794
0.9526367877507088
0.9526369068336936
0.9526370227201955
0.9526370968625315
0.9526372196479292
0.9526366561936508
0.9526362957041133
0.9526364230984933
0.9526370486722632
0.9526371616857373
0.9526366251527156
0.9526364619875742
0.9526362696624605
0.9526361038618194
0.9526357808608814
0.9526360301917067
0.9526360692633815
0.9526361461788415
0.9526358745973033
0.9526370120443419
0.9526365362414809
0.9526365013526394
0.9526364430894767
0.9526364814038506
0.9526363522926966
0.9526369509798815
0.9526366342553739
0.9526368282267177
0.9526364967399339
0.9526365033652906
0.9526364264338559
0.9526361520728692
0.9526362129862187
0.9526363126914027
0.952635491057938
0.952635326120458
0.9526357075063364
0.952636320672035
0.9526363448899903
0.9526364121065948
0.9526365913992396
0.952636209716979
0.952636663376514
0.9526365834752469
0.9526365890487349
0.952636324666453
0.9526364572757464
0.9526361889108471
0.9526365444022576
0.9526363035082636
0.952636218324203
0.9526365218098917
0.9526369019444756
0.9526370510298154
0.952637169287667
0.9526371750083958
0.9526372852514892
0.9526379189365385
0.9526376927396112
0.9526374824658793
0.9526376654118061
0.9526376953656072
0.9526376722256724
0.952637510002032
0.952637148364917
0.9526373361327541
0.9526374302227307
0.9526373543831888
0.9526375150439316
0.9526372717905852
0.9526371748069258
0.9526370773200047
0.9526370288874613
0.9526371526568915
0.9526371253591248
0.9526371422372679
0.9526369825133502
0.9526365687668338
0.9526368106482663
0.9526370729880111
0.9526365162171342
0.9526364671271735
0.9526371386664083
0.9526365638936887
0.9526365562504651
0.9526363804469867
0.9526364728415988
0.9526366659105954
0.9526367588281863
0.9526366774550934
0.9526364505367281
0.9526365444853494
0.9526365015970293
0.9526364719029542
0.9526363340558661
0.9526363514608757
0.952636377523555
0.9526361976083987
0.9526363991973473
0.9526364977522985
0.9526364920249191
0.9526369092538542
0.9526367904299178
0.9526372792223786
0.9526366064614463
0.9526368422123813
0.9526377102076772
0.9526378426369355
0.952638158652145
0.9526378827734594
0.9526380229419017
0.9526377436557218
0.9526378943856969
0.9526378181386991
0.9526377253909726
0.9526374435969949
0.9526375012413112
0.9526374953401056
0.9526372591866108
0.9526372966971505
0.952637384423608
0.9526371851291595
0.9526374145832476
0.95263733964652
0.952637358618351
0.9526376520179846
0.9526375418214967
0.952637468532907
0.9526376590051253
0.9526372667705544
0.9526371232702233
0.952636912833195
0.952637150615618
0.9526373727910654
0.9526383765510973
0.9526384729748235
0.9526384787065008
0.9526381018076735
0.9526378811223969
0.9526378728634677
0.952637266456741
0.952637131981682
0.9526365628368102
0.9526368129996506
0.9526366655300565
0.9526372369962144
0.9526376698056517
0.952637665004844
0.9526377245213387
0.9526377754290447
0.9526375148399863
0.9526376311848924
0.9526369671213551
0.9526368900140346
0.9526369101734019
0.952636603845315
0.9526365500012768
0.9526360486510006
0.9526360134614569
0.9526361906404297
0.9526361620840327
0.9526359599755994
0.9526362962026365
0.9526363283965416
0.9526368605196025
0.9526366602162607
0.9526366215587884
0.9526367856729435
0.9526365043350422
0.952636479790686
0.9526366758029997
0.9526369203968194
0.9526367832707273
0.9526372144134289
0.952637487511443
0.9526373998881075
0.9526372807856786
0.9526373321435327
0.9526370234788063
0.9526368500732723
0.9526371036729565
0.9526374560911955
0.9526375419115773
0.9526371124523995
0.9526375640483236
0.9526375025112315
0.9526368028524483
0.9526367828609839
0.9526367630053973
0.952637219491765
0.9526370576897429
0.9526369963252493
0.9526369000353102
0.9526369732707757
0.9526369812664692
0.9526363833224002
0.9526360496156648
0.9526368884739713
0.9526372656530391
0.9526371088661035
0.9526370760122065
0.9526368878662458
0.9526369771201882
0.9526371028879503
0.9526371801145931
0.952637345419317
0.952637546532284
0.9526374429497471
0.9526372466005956
0.9526369804775173
0.9526370547893472
0.9526371782790232
0.9526370413792496
0.9526370080190549
0.9526368453297561
0.9526368734966466
0.9526370506996447
0.9526369860724024
0.9526374446801589
0.9526373970095405
0.9526371940801842
0.9526370930817836
0.9526367538946421
0.95263713528883
0.9526371662453332
0.9526368758066409
0.952637275014929
0.9526376034850427
0.9526378429931928
0.9526378958942714
0.9526373749958361
0.9526379874912786
0.9526380057509904
0.9526376637655087
0.9526377106816779
0.952638001336949
0.9526380175255489
0.9526380727456736
0.9526381325194889
0.9526380336215765
0.952637973524861
0.9526381883952575
0.9526383804376408
0.9526383406998706
0.9526382431917383
0.9526382113960197
0.9526378823537812
0.9526373423802418
0.9526377501625453
0.9526373474603468
0.9526373728331994
0.9526380068582582
0.9526376887474448
0.9526376240349893
0.9526378452555105
0.952638017259693
0.9526384649320453
0.9526383618451038
0.9526379753935914
0.9526384039323109
0.9526383637719381
0.9526378129592217
0.9526376636485027
0.9526374206469227
0.9526366884625556
0.9526368039302024
0.9526372699023422
0.9526375937642639
0.9526373157924812
0.9526386782588596
0.9526388805227646
0.9526389015116001
0.9526390282858154
0.9526390930196024
0.9526396422528236
0.9526397735859268
0.9526396241082985
0.9526394725045082
0.9526391361234068
0.9526386029867406
0.9526392718510944
0.9526387462023
0.9526384948585104
0.9526382901833848
0.9526381532829112
0.9526379584394752
0.9526374183196742
0.952637147644396
0.9526371458269424
0.9526373493725739
0.9526374185267202
0.9526379132474546
0.9526378363605819
0.952638082965674
0.952638058702231
0.9526381173274572
0.9526380242518016
0.952637764873444
0.9526380348108825
0.9526379428452683
0.9526377177086991
0.9526376111854467
0.9526376734049699
0.9526378267866978
0.9526379481041597
0.9526379247402565
0.9526378630801876
0.9526379978365943
0.9526381036636681
0.952638121743386
0.9526382909974777
0.9526382678875145
0.9526381152573443
0.9526381300927025
0.9526379700039966
0.9526377921938517
0.9526378164384127
0.9526376278662526
0.9526376870332443
0.9526379690075075
0.9526380469236347
0.9526379113831271
0.952637835577913
0.9526379877708149
0.9526376266126672
0.9526381090406069
0.9526381618839868
0.9526381826150392
0.9526376981375444
0.9526381007440763
0.9526379654906563
0.9526380106176559
0.9526379372299378
0.952638169282202
0.9526382819656226
0.9526381482876587
0.9526382204016843
0.9526377996315328
0.9526375852328819
0.952638044437374
0.9526379471567893
0.9526379441476941
0.9526382340762082
0.9526381736919568
0.9526379058471645
0.9526381281051002
0.952638041549832
0.9526377547098691
0.9526377004586736
0.9526377566083821
0.9526379304017186
0.9526379824115558
0.9526382066272652
0.9526385659136664
0.9526385229835749
0.9526382047767928
0.9526381582335731
0.952638126297122
0.9526383169627088
0.9526383273339765
0.952638351842636
0.9526383205829487
0.9526382665270289
0.952638472370054
0.9526382344757593
0.9526379473021361
0.9526378223477628
0.9526376588778989
0.9526378258106251
0.9526377759115978
0.9526376274188908
0.9526380734161632
0.9526381866620627
0.9526379909332371
0.9526378943773778
0.9526377971237862
0.9526377491918533
0.9526378349673774
0.9526378326251431
0.9526372836124973
0.9526373301438184
0.9526372220314363
0.9526371562077803
0.9526366720191444
0.9526367473819632
0.9526370613835151
0.9526374450993816
0.9526373715635826
0.9526373178494691
0.9526366299237797
0.9526366780950384
0.9526363249304807
0.952636993397104
0.9526371085327945
0.9526369131960478
0.9526368930371922
0.9526366830043218
0.9526369209231531
0.9526366272060405
0.952636232853781
0.9526361445254731
0.952636261227315
0.9526366599701244
0.9526370594462986
0.9526372660816068
0.9526372338656969
0.95263687327176
0.9526377555718507
0.9526375280171597
0.952637619489217
0.9526367765680012
0.9526367372757091
0.9526370052490944
0.952636996290848
0.9526370418693252
0.9526370442987114
0.9526368615463052
0.9526370044670036
0.9526362090907331
0.9526362578008054
0.9526363350756217
0.9526365630062897
0.9526365448997034
0.9526364381509332
0.9526361901790931
0.9526369774480644
0.9526368477450827
0.95263773676082
0.9526371775185126
0.9526368818294483
0.9526365986686668
0.9526365567095902
0.952636967384683
0.9526375712217908
0.9526373348412813
0.9526375999749835
0.9526374572176909
0.952637351619255
0.9526373799415704
0.9526373621874671
0.9526373654595093
0.9526372565904645
0.9526373095791079
0.9526373951347753
0.9526375590335875
0.9526376275949774
0.9526379685708388
0.952637554460098
0.9526375939993204
0.9526375785349124
0.9526371733703813
0.9526368680548719
0.9526367084419177
0.9526370425036329
0.9526371469989877
0.9526373896327833
0.9526370153304257
0.9526364962233976
0.9526367169433768
0.9526364797233013
0.9526362508777761
0.9526363796698439
0.9526364415244558
0.9526364626872972
0.9526368364599018
0.9526371790006622
0.9526366001272223
0.9526365881597874
0.9526367417107907
0.952636422803779
0.9526362143242151
0.9526341161726356
0.9526344748062723
0.9526345743846236
0.9526345666276345
0.9526347635987783
0.9526376946172376
0.9526376697203264
0.9526374016326655
0.9526366525472262
0.9526363349732774
0.9526364178849717
0.9526374438027748
0.9526371637588379
0.9526373895881897
0.9526375953565622
0.9526374380552498
0.9526372361007279
0.9526372608303825
0.9526367452962881
0.9526368532270358
0.9526369784995601
0.95263693601988
0.9526360213118642
0.952636328397188
0.9526362989480807
0.9526364674869765
