0.04038461538461539
0.06634615384615385
0.07403846153846154
0.07307692307692308
0.08076923076923077
0.07692307692307693
0.08269230769230769
0.0875
0.0798076923076923
0.08846153846153847
0.10673076923076923
0.09903846153846153
0.10288461538461538
0.09230769230769231
0.09615384615384616
0.10096153846153846
0.09134615384615384
0.10576923076923077
0.09711538461538462
0.09230769230769231
0.1
0.0875
0.0875
0.09134615384615384
0.10192307692307692
0.10192307692307692
0.10961538461538461
0.11346153846153846
0.11634615384615385
0.10961538461538461
0.11923076923076924
0.11730769230769231
0.12403846153846154
0.12884615384615383
0.12115384615384615
0.12115384615384615
0.13557692307692307
0.12788461538461537
0.12788461538461537
0.13557692307692307
0.12884615384615383
0.12980769230769232
0.1326923076923077
0.13076923076923078
0.13173076923076923
0.13173076923076923
0.13365384615384615
0.13557692307692307
0.12884615384615383
0.13076923076923078
0.13076923076923078
0.14807692307692308
0.1375
0.13365384615384615
0.12788461538461537
0.12980769230769232
0.1346153846153846
0.1326923076923077
0.14134615384615384
0.14807692307692308
0.1548076923076923
0.14903846153846154
0.14903846153846154
0.15576923076923077
0.15865384615384615
0.14711538461538462
0.1625
0.15
0.15384615384615385
0.1451923076923077
0.1423076923076923
0.1423076923076923
0.15
0.15384615384615385
0.15673076923076923
0.15673076923076923
0.15865384615384615
0.16634615384615384
0.16346153846153846
0.1596153846153846
0.15673076923076923
0.16346153846153846
0.16346153846153846
0.1701923076923077
0.17403846153846153
0.16442307692307692
0.17596153846153847
0.1798076923076923
0.1778846153846154
0.1778846153846154
0.18653846153846154
0.18557692307692308
0.18653846153846154
0.18461538461538463
0.18942307692307692
0.19134615384615383
0.2
0.20096153846153847
0.18942307692307692
0.18846153846153846
0.20288461538461539
0.1971153846153846
0.19134615384615383
0.1875
0.18557692307692308
0.1798076923076923
0.19038461538461537
0.19134615384615383
0.2048076923076923
0.20673076923076922
0.19423076923076923
0.19903846153846153
0.1951923076923077
0.1951923076923077
0.1971153846153846
0.20288461538461539
0.20096153846153847
0.20576923076923076
0.20576923076923076
0.20192307692307693
0.19423076923076923
0.18557692307692308
0.1798076923076923
0.18269230769230768
0.16442307692307692
0.18269230769230768
0.18557692307692308
0.1875
0.18942307692307692
0.19230769230769232
0.1875
0.18846153846153846
0.2
0.1951923076923077
0.2125
0.20096153846153847
0.20096153846153847
0.2
0.19423076923076923
0.2
0.20096153846153847
0.20576923076923076
0.2076923076923077
0.20865384615384616
0.19615384615384615
0.1951923076923077
0.19807692307692307
0.19326923076923078
0.19038461538461537
0.19134615384615383
0.19807692307692307
0.18653846153846154
0.19134615384615383
0.19230769230769232
0.1971153846153846
0.19615384615384615
0.1971153846153846
0.19423076923076923
0.20673076923076922
0.1875
0.2
0.2144230769230769
0.21057692307692308
0.2125
0.2076923076923077
0.1971153846153846
0.19230769230769232
0.19807692307692307
0.20865384615384616
0.21634615384615385
0.2201923076923077
0.225
0.2221153846153846
0.2230769230769231
0.20865384615384616
0.20673076923076922
0.2076923076923077
0.2076923076923077
0.21826923076923077
0.2153846153846154
0.2221153846153846
0.20865384615384616
0.2
0.20961538461538462
0.20576923076923076
0.19615384615384615
0.20961538461538462
0.20576923076923076
0.2048076923076923
0.2144230769230769
0.20961538461538462
0.2
0.19807692307692307
0.19903846153846153
0.20961538461538462
0.20096153846153847
0.2048076923076923
0.20961538461538462
0.21826923076923077
0.2221153846153846
0.21923076923076923
0.21826923076923077
0.22115384615384615
0.21634615384615385
0.21346153846153845
0.20576923076923076
0.21923076923076923
0.2201923076923077
0.21346153846153845
0.21057692307692308
0.21826923076923077
0.21153846153846154
0.21153846153846154
0.2125
0.21057692307692308
0.2173076923076923
0.2144230769230769
0.21057692307692308
0.20384615384615384
0.2125
0.22403846153846155
0.2230769230769231
0.20865384615384616
0.20288461538461539
0.20673076923076922
0.2076923076923077
0.20865384615384616
0.2076923076923077
0.20673076923076922
0.20384615384615384
0.20673076923076922
0.2153846153846154
0.20865384615384616
0.21057692307692308
0.21153846153846154
0.22115384615384615
0.21826923076923077
0.2173076923076923
0.2125
0.2125
0.20576923076923076
0.2144230769230769
0.21346153846153845
0.21634615384615385
0.21634615384615385
0.21826923076923077
0.20961538461538462
0.21923076923076923
0.21826923076923077
0.22788461538461538
0.21923076923076923
0.2230769230769231
0.2201923076923077
0.2153846153846154
0.2153846153846154
0.2298076923076923
0.22788461538461538
0.22884615384615384
0.2221153846153846
0.23846153846153847
0.23173076923076924
0.21634615384615385
0.23173076923076924
0.2298076923076923
0.22403846153846155
0.22692307692307692
0.2221153846153846
0.21923076923076923
0.225
0.2298076923076923
0.23461538461538461
0.22884615384615384
0.22115384615384615
0.23942307692307693
0.23942307692307693
0.2298076923076923
0.2403846153846154
0.23173076923076924
0.22403846153846155
0.22692307692307692
0.2326923076923077
0.22115384615384615
0.23653846153846153
0.23173076923076924
0.22692307692307692
0.2153846153846154
0.23461538461538461
0.22788461538461538
0.22403846153846155
0.2298076923076923
0.22692307692307692
0.22692307692307692
0.22788461538461538
0.225
0.23365384615384616
0.23557692307692307
0.24423076923076922
0.24134615384615385
0.2423076923076923
0.23846153846153847
0.23076923076923078
0.23365384615384616
0.24134615384615385
0.23076923076923078
0.24326923076923077
0.2423076923076923
0.22884615384615384
0.24134615384615385
0.23942307692307693
0.2423076923076923
0.25
0.2423076923076923
0.24711538461538463
0.2423076923076923
0.23846153846153847
0.24711538461538463
0.2567307692307692
0.2403846153846154
0.2375
0.23653846153846153
0.24423076923076922
0.23653846153846153
0.2298076923076923
0.23173076923076924
0.22692307692307692
0.23846153846153847
0.23942307692307693
0.2375
0.2326923076923077
0.2403846153846154
0.2403846153846154
0.24326923076923077
0.2403846153846154
0.23461538461538461
0.23461538461538461
0.23461538461538461
0.22692307692307692
0.2221153846153846
0.23461538461538461
0.23173076923076924
0.24326923076923077
0.25
0.2519230769230769
0.25096153846153846
0.2567307692307692
0.2567307692307692
0.2548076923076923
0.25384615384615383
0.25384615384615383
0.2403846153846154
0.2423076923076923
0.23365384615384616
0.24423076923076922
0.24711538461538463
0.24134615384615385
0.24134615384615385
0.24134615384615385
0.23653846153846153
0.23365384615384616
0.23942307692307693
0.24326923076923077
0.24519230769230768
0.23461538461538461
0.23942307692307693
0.23846153846153847
0.2403846153846154
0.23653846153846153
0.23461538461538461
0.2375
0.23461538461538461
0.24134615384615385
0.23942307692307693
0.24519230769230768
0.24903846153846154
0.2423076923076923
0.24423076923076922
0.24807692307692308
0.24711538461538463
0.25769230769230766
0.26153846153846155
0.25769230769230766
0.2567307692307692
0.24807692307692308
0.24807692307692308
0.24711538461538463
0.24903846153846154
0.25
0.24423076923076922
0.24615384615384617
0.2423076923076923
0.23942307692307693
0.2403846153846154
0.23557692307692307
0.23557692307692307
0.23461538461538461
0.24423076923076922
0.24615384615384617
0.24807692307692308
0.24134615384615385
0.24711538461538463
0.2403846153846154
0.24903846153846154
0.24519230769230768
0.24711538461538463
0.2519230769230769
0.25
0.25769230769230766
0.2567307692307692
0.26634615384615384
0.25961538461538464
0.26634615384615384
0.2778846153846154
0.2759615384615385
0.2673076923076923
0.26346153846153847
0.25576923076923075
0.24711538461538463
0.2548076923076923
0.26153846153846155
0.25
0.23461538461538461
0.23942307692307693
0.2528846153846154
0.24423076923076922
0.24711538461538463
0.2567307692307692
0.2519230769230769
0.25576923076923075
0.25096153846153846
0.2519230769230769
0.24807692307692308
0.2644230769230769
0.26153846153846155
0.27307692307692305
0.2721153846153846
0.2778846153846154
0.2846153846153846
0.26634615384615384
0.25961538461538464
0.2567307692307692
0.27115384615384613
0.26634615384615384
0.26346153846153847
0.2644230769230769
0.25961538461538464
0.2605769230769231
0.2653846153846154
0.2605769230769231
0.2567307692307692
0.2605769230769231
0.2692307692307692
0.2625
0.26153846153846155
0.27115384615384613
0.28365384615384615
0.2778846153846154
0.2692307692307692
0.25576923076923075
0.25384615384615383
0.27307692307692305
0.2721153846153846
0.2759615384615385
0.2778846153846154
0.275
0.27307692307692305
0.2653846153846154
0.26346153846153847
0.26634615384615384
0.28076923076923077
0.2721153846153846
0.2798076923076923
0.28173076923076923
0.27403846153846156
0.2653846153846154
0.2692307692307692
0.2644230769230769
0.2605769230769231
0.2692307692307692
0.2673076923076923
0.2692307692307692
0.26153846153846155
0.25769230769230766
0.26153846153846155
0.2644230769230769
0.25769230769230766
0.2567307692307692
0.25096153846153846
0.25096153846153846
0.25
0.25096153846153846
0.2423076923076923
0.2423076923076923
0.24711538461538463
0.25
0.24615384615384617
0.24326923076923077
0.24903846153846154
0.2519230769230769
0.23846153846153847
0.24711538461538463
0.2528846153846154
0.2528846153846154
0.24903846153846154
0.2528846153846154
0.25096153846153846
0.25576923076923075
0.2519230769230769
0.25576923076923075
0.2548076923076923
0.26634615384615384
0.2759615384615385
0.26153846153846155
0.27115384615384613
0.2653846153846154
0.2721153846153846
0.2644230769230769
0.26826923076923076
0.26153846153846155
0.26153846153846155
0.2644230769230769
0.2625
0.26346153846153847
0.25384615384615383
0.25576923076923075
0.2528846153846154
0.24807692307692308
0.2519230769230769
0.2548076923076923
0.2605769230769231
0.26346153846153847
0.2625
0.25384615384615383
0.25769230769230766
0.2567307692307692
0.2605769230769231
0.2644230769230769
0.26346153846153847
0.25961538461538464
0.2692307692307692
0.2692307692307692
0.26153846153846155
0.25961538461538464
0.2653846153846154
0.2625
0.26346153846153847
0.2528846153846154
0.24711538461538463
0.2605769230769231
0.24519230769230768
0.2548076923076923
0.25384615384615383
0.2423076923076923
0.23942307692307693
0.2403846153846154
0.22884615384615384
0.25576923076923075
0.25769230769230766
0.2625
0.26826923076923076
0.24326923076923077
0.24903846153846154
0.2528846153846154
0.25769230769230766
0.25961538461538464
0.25576923076923075
0.26634615384615384
0.2567307692307692
0.2528846153846154
0.25769230769230766
0.25769230769230766
0.2586538461538462
0.2375
0.22692307692307692
0.24134615384615385
0.24134615384615385
0.25
0.25096153846153846
0.2528846153846154
0.2605769230769231
0.2528846153846154
0.2548076923076923
0.2528846153846154
0.24711538461538463
0.24711538461538463
0.23846153846153847
0.23846153846153847
0.24615384615384617
0.24807692307692308
0.24711538461538463
0.23653846153846153
0.24519230769230768
0.2403846153846154
0.2375
0.24903846153846154
0.2423076923076923
0.24615384615384617
0.24711538461538463
0.25576923076923075
0.25384615384615383
0.25096153846153846
0.24711538461538463
0.24423076923076922
0.2375
0.24615384615384617
0.24615384615384617
0.23653846153846153
0.25096153846153846
0.24423076923076922
0.24903846153846154
0.24326923076923077
0.2375
0.23365384615384616
0.24807692307692308
0.23846153846153847
0.2326923076923077
0.23653846153846153
0.23653846153846153
0.23365384615384616
0.23653846153846153
0.225
0.23173076923076924
0.23846153846153847
0.23653846153846153
0.2375
0.2403846153846154
0.23653846153846153
0.24134615384615385
0.25
0.2519230769230769
0.24711538461538463
0.2605769230769231
0.24326923076923077
0.24903846153846154
0.2519230769230769
0.25
0.24615384615384617
0.2423076923076923
0.25384615384615383
0.25961538461538464
0.25961538461538464
0.2644230769230769
0.27692307692307694
0.27692307692307694
0.28173076923076923
0.2798076923076923
0.2701923076923077
0.2653846153846154
0.2548076923076923
0.2701923076923077
0.26634615384615384
0.25961538461538464
0.26826923076923076
0.25384615384615383
0.2586538461538462
0.2605769230769231
0.2548076923076923
0.2548076923076923
0.24807692307692308
0.24615384615384617
0.25961538461538464
0.25961538461538464
0.2721153846153846
0.2653846153846154
0.26634615384615384
0.2586538461538462
0.2692307692307692
0.275
0.27307692307692305
0.2673076923076923
0.275
0.2644230769230769
0.27115384615384613
0.28076923076923077
0.27403846153846156
0.27692307692307694
0.2932692307692308
0.2826923076923077
0.2798076923076923
0.2759615384615385
0.2759615384615385
0.2846153846153846
0.29903846153846153
0.29615384615384616
0.2846153846153846
0.2826923076923077
0.2865384615384615
0.28365384615384615
0.28076923076923077
0.27884615384615385
0.2923076923076923
0.2932692307692308
0.2875
0.2865384615384615
0.2759615384615385
0.2778846153846154
0.2759615384615385
0.28173076923076923
0.28365384615384615
0.28076923076923077
0.27884615384615385
0.27115384615384613
0.2778846153846154
0.28173076923076923
0.29134615384615387
0.29423076923076924
0.2846153846153846
0.28846153846153844
0.29134615384615387
0.28076923076923077
0.28365384615384615
0.2923076923076923
0.29615384615384616
0.2846153846153846
0.3019230769230769
0.29615384615384616
0.2951923076923077
0.29134615384615387
0.28942307692307695
0.29423076923076924
0.29903846153846153
0.2951923076923077
0.3019230769230769
0.3019230769230769
0.29903846153846153
0.3105769230769231
0.3076923076923077
0.3057692307692308
0.28846153846153844
0.29423076923076924
0.28557692307692306
0.2875
0.2951923076923077
0.2932692307692308
0.29423076923076924
0.2865384615384615
0.2798076923076923
0.2865384615384615
0.30096153846153845
0.29615384615384616
0.2932692307692308
0.2875
0.28942307692307695
0.2865384615384615
0.28942307692307695
0.28557692307692306
0.2875
0.2875
0.2865384615384615
0.2778846153846154
0.28557692307692306
0.28076923076923077
0.2721153846153846
0.28173076923076923
0.27692307692307694
0.26346153846153847
0.2692307692307692
0.275
0.3038461538461538
0.30673076923076925
0.3
0.2971153846153846
0.3
0.2923076923076923
0.28846153846153844
0.2980769230769231
0.30480769230769234
0.29903846153846153
0.30673076923076925
0.2865384615384615
0.2951923076923077
0.2971153846153846
0.29615384615384616
0.30480769230769234
0.29903846153846153
0.3
0.29903846153846153
0.30673076923076925
0.3038461538461538
0.30288461538461536
0.30673076923076925
0.30288461538461536
0.2971153846153846
0.28846153846153844
0.2846153846153846
0.2875
0.27692307692307694
0.29134615384615387
0.30673076923076925
0.30480769230769234
0.31153846153846154
0.30673076923076925
0.29903846153846153
0.3076923076923077
0.3057692307692308
0.3038461538461538
0.30288461538461536
0.26826923076923076
0.2605769230769231
0.2644230769230769
0.2692307692307692
0.2759615384615385
0.2778846153846154
0.28942307692307695
0.28173076923076923
0.29134615384615387
0.2798076923076923
0.27692307692307694
0.2701923076923077
0.2846153846153846
0.2778846153846154
0.2846153846153846
0.29423076923076924
0.28846153846153844
0.2903846153846154
0.28173076923076923
0.28076923076923077
0.28557692307692306
0.28557692307692306
0.28365384615384615
0.27403846153846156
0.2798076923076923
0.2721153846153846
0.275
0.2759615384615385
0.2653846153846154
0.27692307692307694
0.26634615384615384
0.26346153846153847
0.2653846153846154
0.2605769230769231
0.2653846153846154
0.2653846153846154
0.28942307692307695
0.2865384615384615
0.28942307692307695
0.28942307692307695
0.29134615384615387
0.2971153846153846
0.2932692307692308
0.2971153846153846
0.2826923076923077
0.28365384615384615
0.2865384615384615
0.2875
0.27884615384615385
0.28173076923076923
0.2798076923076923
0.2798076923076923
0.2932692307692308
0.29423076923076924
0.28557692307692306
0.28557692307692306
0.28173076923076923
0.2826923076923077
0.2759615384615385
0.2826923076923077
0.28076923076923077
0.2875
0.2903846153846154
0.28846153846153844
0.29134615384615387
0.29134615384615387
0.28942307692307695
0.2865384615384615
0.28557692307692306
0.27403846153846156
0.2759615384615385
0.2798076923076923
0.28173076923076923
0.2826923076923077
0.2798076923076923
0.29134615384615387
0.30096153846153845
0.2951923076923077
0.30096153846153845
0.2865384615384615
0.28846153846153844
0.28365384615384615
0.28942307692307695
0.28076923076923077
0.2846153846153846
0.2865384615384615
0.2826923076923077
0.29615384615384616
0.2951923076923077
0.2951923076923077
0.29423076923076924
0.28173076923076923
0.2865384615384615
0.28076923076923077
0.2826923076923077
0.2875
0.2971153846153846
0.28365384615384615
0.2865384615384615
0.28942307692307695
0.27115384615384613
0.29423076923076924
0.2923076923076923
0.2759615384615385
0.2903846153846154
0.2865384615384615
0.29423076923076924
0.29903846153846153
0.29903846153846153
0.3038461538461538
0.30096153846153845
0.30096153846153845
0.3038461538461538
0.3038461538461538
0.2971153846153846
0.2971153846153846
0.3057692307692308
0.3057692307692308
0.3076923076923077
0.2971153846153846
0.3019230769230769
0.2980769230769231
0.2923076923076923
0.2980769230769231
0.28846153846153844
0.27884615384615385
0.27307692307692305
0.2721153846153846
0.2798076923076923
0.2701923076923077
0.2701923076923077
0.2673076923076923
0.2826923076923077
0.2865384615384615
0.28557692307692306
0.2971153846153846
0.3
0.30480769230769234
0.3
0.29134615384615387
0.2865384615384615
0.2903846153846154
0.2778846153846154
0.2846153846153846
0.28365384615384615
0.28942307692307695
0.28365384615384615
0.28942307692307695
0.3057692307692308
0.3019230769230769
0.3019230769230769
0.30096153846153845
0.29615384615384616
0.28173076923076923
0.28942307692307695
0.3057692307692308
0.3019230769230769
0.2951923076923077
0.30673076923076925
0.30480769230769234
0.3105769230769231
0.30673076923076925
0.3105769230769231
0.30673076923076925
0.29903846153846153
0.30673076923076925
0.3144230769230769
0.2971153846153846
0.28942307692307695
0.2903846153846154
0.3019230769230769
0.30288461538461536
0.29903846153846153
0.3057692307692308
0.3105769230769231
0.3057692307692308
0.3057692307692308
0.3144230769230769
0.31346153846153846
0.31346153846153846
0.30096153846153845
0.2971153846153846
0.30673076923076925
0.3
0.3105769230769231
0.31153846153846154
0.3105769230769231
0.31153846153846154
0.3153846153846154
0.3192307692307692
0.3153846153846154
0.3173076923076923
0.31153846153846154
0.32211538461538464
0.32211538461538464
0.3211538461538462
0.32019230769230766
0.31826923076923075
0.30480769230769234
0.30480769230769234
0.3144230769230769
0.30096153846153845
0.30288461538461536
0.30673076923076925
0.3038461538461538
0.30865384615384617
0.3038461538461538
0.2951923076923077
0.3057692307692308
0.3057692307692308
0.3076923076923077
0.30288461538461536
0.2951923076923077
0.30673076923076925
0.3057692307692308
0.30480769230769234
0.30673076923076925
0.32211538461538464
0.3211538461538462
0.32019230769230766
0.30865384615384617
0.30480769230769234
0.3019230769230769
0.2980769230769231
0.30673076923076925
0.30673076923076925
0.3105769230769231
0.31346153846153846
0.31153846153846154
0.30096153846153845
0.3076923076923077
0.3057692307692308
0.2980769230769231
0.28942307692307695
0.3076923076923077
0.30480769230769234
0.30673076923076925
0.30865384615384617
0.3173076923076923
0.31153846153846154
0.30865384615384617
0.30673076923076925
0.3173076923076923
0.3105769230769231
0.3105769230769231
0.30865384615384617
0.3144230769230769
0.30673076923076925
0.3105769230769231
0.3038461538461538
0.28846153846153844
0.31346153846153846
0.32211538461538464
0.3269230769230769
0.3230769230769231
0.31634615384615383
0.325
0.31346153846153846
0.3096153846153846
0.3057692307692308
0.31153846153846154
0.2971153846153846
0.30865384615384617
0.3105769230769231
0.3096153846153846
0.3125
0.30288461538461536
0.30865384615384617
0.31826923076923075
0.3173076923076923
0.31346153846153846
0.30673076923076925
0.3076923076923077
0.3076923076923077
0.2980769230769231
0.3019230769230769
0.2865384615384615
0.2875
0.275
0.2932692307692308
0.29423076923076924
0.29134615384615387
0.2971153846153846
0.3038461538461538
0.30865384615384617
0.3096153846153846
0.3038461538461538
0.30480769230769234
0.3
0.2971153846153846
0.2980769230769231
0.28076923076923077
0.30480769230769234
0.29423076923076924
0.29134615384615387
0.28846153846153844
0.28173076923076923
0.28365384615384615
0.28942307692307695
0.29615384615384616
0.2903846153846154
0.28173076923076923
0.29615384615384616
0.3019230769230769
0.3105769230769231
0.30096153846153845
0.3076923076923077
0.2903846153846154
0.2875
0.2951923076923077
0.29615384615384616
0.3
0.2932692307692308
0.2951923076923077
0.3038461538461538
0.28557692307692306
0.2826923076923077
0.28173076923076923
0.28076923076923077
0.27403846153846156
0.28846153846153844
0.2701923076923077
0.2826923076923077
0.28173076923076923
0.27307692307692305
0.28365384615384615
0.2903846153846154
0.2932692307692308
0.28365384615384615
0.30096153846153845
0.3076923076923077
0.3076923076923077
0.3038461538461538
0.30288461538461536
0.30096153846153845
0.29903846153846153
0.2951923076923077
0.2846153846153846
0.3038461538461538
0.2875
0.2980769230769231
0.2980769230769231
0.2923076923076923
0.2875
0.28846153846153844
0.2923076923076923
0.2932692307692308
0.2903846153846154
0.28076923076923077
0.28557692307692306
0.2923076923076923
0.3076923076923077
0.3038461538461538
0.30673076923076925
0.30865384615384617
0.30096153846153845
0.3105769230769231
0.3096153846153846
0.3076923076923077
0.30096153846153845
0.2903846153846154
0.28557692307692306
0.2951923076923077
0.29615384615384616
0.3038461538461538
0.3038461538461538
0.3076923076923077
0.29423076923076924
0.2932692307692308
0.29423076923076924
0.30673076923076925
0.30673076923076925
0.30480769230769234
0.3105769230769231
0.3096153846153846
0.30865384615384617
0.3
0.29134615384615387
0.31346153846153846
0.31153846153846154
0.31153846153846154
0.3076923076923077
0.30673076923076925
0.30865384615384617
0.30096153846153845
0.30673076923076925
0.30480769230769234
0.3125
0.31153846153846154
0.3153846153846154
0.3076923076923077
0.31634615384615383
0.3096153846153846
0.2980769230769231
0.29615384615384616
0.29615384615384616
0.2971153846153846
0.3096153846153846
0.29903846153846153
0.30480769230769234
0.29615384615384616
0.30288461538461536
0.2980769230769231
0.3019230769230769
0.2932692307692308
0.3057692307692308
0.3105769230769231
0.30096153846153845
0.3173076923076923
0.3019230769230769
0.2971153846153846
0.2980769230769231
0.3019230769230769
0.3096153846153846
0.3057692307692308
0.3105769230769231
0.3
0.3
0.2980769230769231
0.2980769230769231
0.2923076923076923
0.29423076923076924
0.28557692307692306
0.2923076923076923
0.2980769230769231
0.3019230769230769
0.31634615384615383
0.3096153846153846
0.3211538461538462
0.3105769230769231
0.30288461538461536
0.30096153846153845
0.2951923076923077
0.2932692307692308
0.2951923076923077
0.3019230769230769
0.2980769230769231
0.2971153846153846
0.2923076923076923
0.28942307692307695
0.28942307692307695
0.2932692307692308
0.30096153846153845
0.30096153846153845
0.2980769230769231
0.3096153846153846
0.3057692307692308
0.30480769230769234
0.31153846153846154
0.3153846153846154
0.3076923076923077
0.31634615384615383
0.3125
0.3125
0.31153846153846154
0.30480769230769234
0.3038461538461538
0.3038461538461538
0.3057692307692308
0.3125
0.30865384615384617
0.3
0.30865384615384617
0.3144230769230769
0.30288461538461536
0.30096153846153845
0.3
0.3076923076923077
0.3057692307692308
0.3173076923076923
0.3125
0.3125
0.32019230769230766
0.3192307692307692
0.31634615384615383
0.32884615384615384
0.3125
0.3096153846153846
0.3096153846153846
0.30480769230769234
0.30865384615384617
0.30865384615384617
0.3144230769230769
0.31826923076923075
0.31826923076923075
0.3173076923076923
0.325
0.325
0.32403846153846155
0.3269230769230769
0.31826923076923075
0.3192307692307692
0.31826923076923075
0.3105769230769231
0.30865384615384617
0.31346153846153846
0.31346153846153846
0.30288461538461536
0.3125
0.31826923076923075
0.3125
0.3105769230769231
0.3038461538461538
0.3076923076923077
0.3125
0.3125
0.30865384615384617
0.3125
0.3192307692307692
0.325
0.3269230769230769
0.33557692307692305
0.3326923076923077
0.33076923076923076
0.33557692307692305
0.33365384615384613
0.32596153846153847
0.3298076923076923
0.3278846153846154
0.3230769230769231
0.31153846153846154
0.3192307692307692
0.30673076923076925
0.31346153846153846
0.3105769230769231
0.3192307692307692
0.3173076923076923
0.32019230769230766
0.3211538461538462
0.33365384615384613
0.32884615384615384
0.3230769230769231
0.3105769230769231
0.3153846153846154
0.31634615384615383
0.3346153846153846
0.33942307692307694
0.325
0.32403846153846155
0.31346153846153846
0.30480769230769234
0.3038461538461538
0.30480769230769234
0.30865384615384617
0.3019230769230769
0.3076923076923077
0.3019230769230769
0.30096153846153845
0.32019230769230766
0.31826923076923075
0.3153846153846154
0.325
0.3192307692307692
0.31346153846153846
0.3125
0.29903846153846153
0.3
0.2903846153846154
0.30288461538461536
0.3038461538461538
0.2980769230769231
0.3076923076923077
0.30480769230769234
0.30288461538461536
0.3019230769230769
0.29134615384615387
0.28942307692307695
0.29615384615384616
0.29134615384615387
0.2778846153846154
0.28076923076923077
0.2846153846153846
0.3
0.3105769230769231
0.3096153846153846
0.3192307692307692
0.29615384615384616
0.28942307692307695
0.2980769230769231
0.30096153846153845
0.3038461538461538
0.3038461538461538
0.3105769230769231
0.30673076923076925
0.30480769230769234
0.3038461538461538
0.3125
0.3125
0.2980769230769231
0.3
0.30288461538461536
0.30288461538461536
0.30673076923076925
0.3076923076923077
0.31153846153846154
0.3019230769230769
0.29903846153846153
0.3038461538461538
0.29903846153846153
0.30288461538461536
0.3125
0.30480769230769234
0.3096153846153846
0.31153846153846154
0.3096153846153846
0.31153846153846154
0.3153846153846154
0.3096153846153846
0.3057692307692308
0.3019230769230769
0.29423076923076924
0.2923076923076923
0.2875
0.3038461538461538
0.3105769230769231
0.3038461538461538
0.30673076923076925
0.3057692307692308
0.30673076923076925
0.3105769230769231
0.30673076923076925
0.32211538461538464
0.31634615384615383
0.32019230769230766
0.30096153846153845
0.3125
0.3105769230769231
0.2971153846153846
0.3
0.29615384615384616
0.2980769230769231
0.28365384615384615
0.3105769230769231
0.31826923076923075
0.32403846153846155
0.3105769230769231
0.31634615384615383
0.31346153846153846
0.3096153846153846
0.31826923076923075
0.3211538461538462
0.3278846153846154
0.325
0.3192307692307692
0.32211538461538464
0.3211538461538462
0.3211538461538462
0.32596153846153847
0.32596153846153847
0.3192307692307692
0.3105769230769231
0.30288461538461536
0.30288461538461536
0.3125
0.30480769230769234
0.3153846153846154
0.325
0.325
0.33076923076923076
0.33076923076923076
0.32403846153846155
0.3269230769230769
0.3278846153846154
0.3144230769230769
0.3153846153846154
0.32019230769230766
0.30865384615384617
0.30865384615384617
0.31153846153846154
0.3057692307692308
0.31153846153846154
0.31346153846153846
0.3192307692307692
0.3038461538461538
0.31153846153846154
0.3076923076923077
0.31826923076923075
0.32019230769230766
0.3144230769230769
0.32019230769230766
0.32211538461538464
0.3269230769230769
0.3269230769230769
0.31634615384615383
0.3153846153846154
0.31346153846153846
0.30480769230769234
0.3173076923076923
0.3230769230769231
0.31634615384615383
0.3076923076923077
0.30288461538461536
0.32019230769230766
0.3278846153846154
0.32403846153846155
0.3153846153846154
0.30865384615384617
0.31634615384615383
0.31346153846153846
0.3192307692307692
0.31826923076923075
0.3153846153846154
0.32019230769230766
0.31634615384615383
0.3278846153846154
0.32019230769230766
0.3144230769230769
0.325
0.3230769230769231
0.3211538461538462
0.325
0.3269230769230769
0.3230769230769231
0.3144230769230769
0.3153846153846154
0.3096153846153846
0.3038461538461538
0.3105769230769231
0.31153846153846154
0.3144230769230769
0.3211538461538462
0.3211538461538462
0.3230769230769231
0.3173076923076923
0.3105769230769231
0.3125
0.30865384615384617
0.3076923076923077
0.30480769230769234
0.3105769230769231
0.3153846153846154
0.31153846153846154
0.31346153846153846
0.3096153846153846
0.31346153846153846
0.3211538461538462
0.3269230769230769
0.3173076923076923
0.3192307692307692
0.31826923076923075
0.31346153846153846
0.31826923076923075
0.3125
0.3173076923076923
0.3096153846153846
0.30480769230769234
0.3019230769230769
0.3076923076923077
0.3153846153846154
0.31634615384615383
0.3144230769230769
0.3076923076923077
0.30096153846153845
0.3105769230769231
0.3096153846153846
0.3153846153846154
0.3125
0.3
0.31346153846153846
0.3076923076923077
0.31634615384615383
0.3125
0.3144230769230769
0.31153846153846154
0.3
0.30865384615384617
0.31346153846153846
0.30673076923076925
0.2980769230769231
0.2865384615384615
0.3096153846153846
0.3057692307692308
0.31153846153846154
0.3057692307692308
0.3
0.29615384615384616
0.3038461538461538
0.3
0.2923076923076923
0.3019230769230769
0.30288461538461536
0.3173076923076923
0.3192307692307692
0.32403846153846155
0.30673076923076925
0.31346153846153846
0.30865384615384617
0.30673076923076925
0.30865384615384617
0.3144230769230769
0.30673076923076925
0.30288461538461536
0.3096153846153846
0.3057692307692308
0.31153846153846154
0.31153846153846154
0.3105769230769231
0.3153846153846154
0.3153846153846154
0.3125
0.3057692307692308
0.3153846153846154
0.3125
0.31153846153846154
0.31153846153846154
0.3076923076923077
0.31153846153846154
0.3144230769230769
0.3125
0.3153846153846154
0.3230769230769231
0.3153846153846154
0.3211538461538462
0.3125
0.31346153846153846
0.3125
0.3105769230769231
0.31153846153846154
0.31153846153846154
0.31634615384615383
0.3173076923076923
0.31346153846153846
0.3173076923076923
0.3192307692307692
0.3192307692307692
0.30480769230769234
0.3105769230769231
0.3153846153846154
0.31826923076923075
0.3144230769230769
0.31634615384615383
0.32019230769230766
0.3153846153846154
0.3269230769230769
0.3298076923076923
0.3278846153846154
0.325
0.3230769230769231
0.31634615384615383
0.3173076923076923
0.32596153846153847
0.32019230769230766
0.3211538461538462
0.32211538461538464
0.32596153846153847
0.3192307692307692
0.3153846153846154
0.3173076923076923
0.3278846153846154
0.32403846153846155
0.3211538461538462
0.3211538461538462
0.3278846153846154
0.32403846153846155
0.3346153846153846
0.3375
0.33365384615384613
0.33653846153846156
0.3346153846153846
0.32884615384615384
0.3346153846153846
0.3403846153846154
0.34326923076923077
0.33365384615384613
0.3423076923076923
0.33557692307692305
0.33942307692307694
0.33076923076923076
0.3278846153846154
0.32403846153846155
0.32403846153846155
0.3211538461538462
0.32596153846153847
0.32211538461538464
0.32019230769230766
0.3211538461538462
0.30865384615384617
0.30673076923076925
0.30673076923076925
0.3125
0.325
0.3211538461538462
0.32019230769230766
0.3298076923076923
0.32596153846153847
0.32403846153846155
0.31153846153846154
0.3298076923076923
0.32884615384615384
0.3269230769230769
0.32403846153846155
0.3125
0.32211538461538464
0.3298076923076923
0.3375
0.3278846153846154
0.33942307692307694
0.3298076923076923
0.33557692307692305
0.32019230769230766
0.3298076923076923
0.32884615384615384
0.3230769230769231
0.33076923076923076
0.3173076923076923
0.31153846153846154
0.31153846153846154
0.3153846153846154
0.31826923076923075
0.3230769230769231
0.31346153846153846
0.31153846153846154
0.3173076923076923
0.31346153846153846
0.32403846153846155
0.3230769230769231
0.3278846153846154
0.3173076923076923
0.3211538461538462
0.3211538461538462
0.31826923076923075
0.31346153846153846
0.30865384615384617
0.3105769230769231
0.3125
0.3192307692307692
0.3105769230769231
0.31346153846153846
0.3173076923076923
0.29903846153846153
0.32211538461538464
0.32019230769230766
0.31634615384615383
0.3096153846153846
0.3211538461538462
0.325
0.32884615384615384
0.32884615384615384
0.33076923076923076
0.3269230769230769
0.31634615384615383
0.32019230769230766
0.31634615384615383
0.3153846153846154
0.33076923076923076
0.31634615384615383
0.3019230769230769
0.3
0.3230769230769231
0.33076923076923076
0.3278846153846154
0.32884615384615384
0.3144230769230769
0.325
0.325
0.32211538461538464
0.3278846153846154
0.32596153846153847
0.3153846153846154
0.3192307692307692
0.31826923076923075
0.32596153846153847
0.32403846153846155
0.3278846153846154
0.3317307692307692
0.33365384615384613
0.33653846153846156
0.3326923076923077
0.3384615384615385
0.3384615384615385
0.35096153846153844
0.35096153846153844
0.34807692307692306
0.34134615384615385
0.33557692307692305
0.33557692307692305
0.34134615384615385
0.34326923076923077
0.34423076923076923
0.34423076923076923
0.34615384615384615
0.3423076923076923
0.3451923076923077
0.3471153846153846
0.3403846153846154
0.3326923076923077
0.3326923076923077
0.3326923076923077
0.33557692307692305
0.3384615384615385
0.3384615384615385
0.3346153846153846
0.3326923076923077
0.3317307692307692
0.3317307692307692
0.33653846153846156
0.32884615384615384
0.3269230769230769
0.3298076923076923
0.325
0.3269230769230769
0.3230769230769231
0.3317307692307692
0.33365384615384613
0.33942307692307694
0.33942307692307694
0.3326923076923077
0.33942307692307694
0.33557692307692305
0.3403846153846154
0.3326923076923077
0.34326923076923077
0.3375
0.33557692307692305
0.34134615384615385
0.34423076923076923
0.34134615384615385
0.3403846153846154
0.35
0.35192307692307695
0.36538461538461536
0.35192307692307695
0.3576923076923077
0.35096153846153844
0.3605769230769231
0.3548076923076923
0.3548076923076923
0.34423076923076923
0.34134615384615385
0.3451923076923077
0.35192307692307695
0.3451923076923077
0.34326923076923077
0.33365384615384613
0.3451923076923077
0.35096153846153844
0.35673076923076924
0.3528846153846154
0.35096153846153844
0.36153846153846153
0.3644230769230769
0.36153846153846153
0.3490384615384615
0.35
0.35865384615384616
0.3490384615384615
0.35192307692307695
0.3375
0.34326923076923077
0.3384615384615385
0.33557692307692305
0.33557692307692305
0.33557692307692305
0.35
0.34807692307692306
0.33653846153846156
0.33557692307692305
0.3403846153846154
0.3471153846153846
0.34134615384615385
0.35
0.3451923076923077
0.3528846153846154
0.35
0.35192307692307695
0.35
0.3730769230769231
0.36730769230769234
0.375
0.3663461538461538
0.3682692307692308
0.36730769230769234
0.3663461538461538
0.36730769230769234
0.36923076923076925
0.36730769230769234
0.37596153846153846
0.3682692307692308
0.3576923076923077
0.36153846153846153
0.3576923076923077
0.3548076923076923
0.3548076923076923
0.3596153846153846
0.3471153846153846
0.3451923076923077
0.3423076923076923
0.33942307692307694
0.34423076923076923
0.35673076923076924
0.3490384615384615
0.3471153846153846
0.3528846153846154
0.34326923076923077
0.35096153846153844
0.34807692307692306
0.35
0.34326923076923077
0.35
0.3576923076923077
0.35384615384615387
0.35673076923076924
0.3576923076923077
0.3625
0.3576923076923077
0.3557692307692308
0.34326923076923077
0.35192307692307695
0.3605769230769231
0.3576923076923077
0.35673076923076924
0.34134615384615385
0.35673076923076924
0.3528846153846154
0.3471153846153846
0.3384615384615385
0.34807692307692306
0.36730769230769234
0.37115384615384617
0.37115384615384617
0.3836538461538462
0.37115384615384617
0.36730769230769234
0.3730769230769231
0.3721153846153846
0.3644230769230769
0.35865384615384616
0.36538461538461536
0.3644230769230769
0.37403846153846154
0.36730769230769234
0.3596153846153846
0.3701923076923077
0.3644230769230769
0.3721153846153846
0.36923076923076925
0.36153846153846153
0.36538461538461536
0.36538461538461536
0.35
0.3730769230769231
0.36923076923076925
0.3576923076923077
0.37596153846153846
0.37596153846153846
0.38269230769230766
0.3730769230769231
0.37596153846153846
0.35384615384615387
0.3548076923076923
0.3528846153846154
0.3576923076923077
0.35192307692307695
0.3663461538461538
0.3605769230769231
0.3663461538461538
0.3596153846153846
0.3701923076923077
0.36730769230769234
0.36346153846153845
0.36153846153846153
0.3528846153846154
0.3701923076923077
0.3701923076923077
0.3701923076923077
0.3548076923076923
0.3451923076923077
0.3528846153846154
0.3490384615384615
0.34615384615384615
0.3682692307692308
0.35865384615384616
0.3576923076923077
0.35096153846153844
0.3490384615384615
0.3528846153846154
0.3471153846153846
0.33942307692307694
0.34423076923076923
0.3375
0.3471153846153846
0.3471153846153846
0.3403846153846154
0.3423076923076923
0.3326923076923077
0.3490384615384615
0.35
0.34423076923076923
0.3605769230769231
0.35865384615384616
0.3596153846153846
0.35
0.35
0.3471153846153846
0.3557692307692308
0.3605769230769231
0.3576923076923077
0.35096153846153844
0.36730769230769234
0.3644230769230769
0.3663461538461538
0.3701923076923077
0.3644230769230769
0.36346153846153845
0.36730769230769234
0.37596153846153846
0.38269230769230766
0.3778846153846154
0.3730769230769231
0.3644230769230769
0.35384615384615387
0.3605769230769231
0.35673076923076924
0.36153846153846153
0.3471153846153846
0.35192307692307695
0.34423076923076923
0.3451923076923077
0.35096153846153844
0.34807692307692306
0.35192307692307695
0.34615384615384615
0.33942307692307694
0.34423076923076923
0.36346153846153845
0.34807692307692306
0.3682692307692308
0.3605769230769231
0.3644230769230769
0.36538461538461536
0.35865384615384616
0.36538461538461536
0.3557692307692308
0.36730769230769234
0.36538461538461536
0.3576923076923077
0.36153846153846153
0.36346153846153845
0.36730769230769234
0.3625
0.3596153846153846
0.3528846153846154
0.3490384615384615
0.35192307692307695
0.3548076923076923
0.35384615384615387
0.34615384615384615
0.34615384615384615
0.33942307692307694
0.3317307692307692
0.3384615384615385
0.35673076923076924
0.3576923076923077
0.3576923076923077
0.36153846153846153
0.35673076923076924
0.35384615384615387
0.3644230769230769
0.3663461538461538
0.35
0.35
0.3557692307692308
0.3451923076923077
0.3423076923076923
0.34615384615384615
0.3423076923076923
0.35
0.3451923076923077
0.3326923076923077
0.3384615384615385
0.34615384615384615
0.3528846153846154
0.3471153846153846
0.35192307692307695
0.35096153846153844
0.3528846153846154
0.3471153846153846
0.34807692307692306
0.3403846153846154
0.3423076923076923
0.33653846153846156
0.3403846153846154
0.3317307692307692
0.33076923076923076
0.33076923076923076
0.32211538461538464
0.3375
0.3403846153846154
0.32884615384615384
0.33076923076923076
0.32884615384615384
0.3298076923076923
0.3423076923076923
0.3471153846153846
0.34326923076923077
0.34615384615384615
0.34134615384615385
0.34615384615384615
0.33653846153846156
0.34134615384615385
0.3403846153846154
0.3384615384615385
0.33942307692307694
0.3576923076923077
0.3625
0.3644230769230769
0.34615384615384615
0.3548076923076923
0.35384615384615387
0.3528846153846154
0.3557692307692308
0.3451923076923077
0.3528846153846154
0.34615384615384615
0.3346153846153846
0.34423076923076923
0.34423076923076923
0.35192307692307695
0.3528846153846154
0.35
0.3605769230769231
0.34326923076923077
0.35192307692307695
0.3576923076923077
0.3548076923076923
0.35384615384615387
0.3576923076923077
0.35865384615384616
0.3644230769230769
0.36730769230769234
0.3490384615384615
0.35192307692307695
0.35673076923076924
0.36730769230769234
0.3721153846153846
0.3663461538461538
0.36153846153846153
0.36153846153846153
0.35865384615384616
0.35192307692307695
0.3557692307692308
0.3451923076923077
0.3451923076923077
0.3317307692307692
0.32884615384615384
0.33557692307692305
0.3298076923076923
0.32884615384615384
0.3230769230769231
0.34423076923076923
0.34423076923076923
0.34807692307692306
0.3576923076923077
0.35384615384615387
0.3548076923076923
0.3528846153846154
0.3605769230769231
0.3644230769230769
0.3548076923076923
0.35192307692307695
0.35384615384615387
0.34134615384615385
0.3528846153846154
0.3548076923076923
0.3528846153846154
0.35096153846153844
0.34423076923076923
0.3471153846153846
0.3490384615384615
0.3596153846153846
0.35096153846153844
0.3548076923076923
0.3471153846153846
0.34326923076923077
0.33942307692307694
0.33365384615384613
0.32019230769230766
0.33076923076923076
0.3375
0.33653846153846156
0.34134615384615385
0.34134615384615385
0.3403846153846154
0.3346153846153846
0.32884615384615384
0.3375
0.35192307692307695
0.35
0.34134615384615385
0.3528846153846154
0.3471153846153846
0.33942307692307694
0.3384615384615385
0.34615384615384615
0.3490384615384615
0.34615384615384615
0.3423076923076923
0.34134615384615385
0.34807692307692306
0.33653846153846156
0.3423076923076923
0.3576923076923077
0.3625
0.3625
0.3557692307692308
0.3605769230769231
0.35
0.3490384615384615
0.35384615384615387
0.3605769230769231
0.34615384615384615
0.35192307692307695
0.3682692307692308
0.3528846153846154
0.3625
0.3682692307692308
0.36346153846153845
0.3663461538461538
0.3596153846153846
0.3644230769230769
0.3663461538461538
0.36730769230769234
0.3730769230769231
0.3644230769230769
0.3682692307692308
0.37596153846153846
0.3701923076923077
0.3769230769230769
0.3701923076923077
0.36923076923076925
0.3528846153846154
0.35192307692307695
0.35865384615384616
0.35192307692307695
0.35192307692307695
0.35384615384615387
0.34615384615384615
0.3451923076923077
0.3490384615384615
0.3490384615384615
0.34807692307692306
0.35096153846153844
0.35673076923076924
0.35192307692307695
0.35096153846153844
0.35673076923076924
0.33365384615384613
0.33942307692307694
0.3471153846153846
0.36923076923076925
0.3682692307692308
0.3701923076923077
0.37403846153846154
0.37115384615384617
0.3701923076923077
0.3721153846153846
0.3721153846153846
0.37884615384615383
0.36538461538461536
0.36153846153846153
0.3625
0.3548076923076923
0.3596153846153846
0.3548076923076923
0.36153846153846153
0.3557692307692308
0.35673076923076924
0.3663461538461538
0.37115384615384617
0.3701923076923077
0.3682692307692308
0.3701923076923077
0.3625
0.37115384615384617
0.3663461538461538
0.375
0.3682692307692308
0.3682692307692308
0.36730769230769234
0.3596153846153846
0.35192307692307695
0.35096153846153844
0.34326923076923077
0.3326923076923077
0.3451923076923077
0.33942307692307694
0.3490384615384615
0.3326923076923077
0.3471153846153846
0.34423076923076923
0.3346153846153846
0.3423076923076923
0.3403846153846154
0.33365384615384613
0.3384615384615385
0.3346153846153846
0.33076923076923076
0.33557692307692305
0.3471153846153846
0.3451923076923077
0.3451923076923077
0.34423076923076923
0.35384615384615387
0.3548076923076923
0.3451923076923077
0.34615384615384615
0.34615384615384615
0.35
0.33653846153846156
0.34326923076923077
0.3384615384615385
0.33365384615384613
0.3375
0.3375
0.35192307692307695
0.35673076923076924
0.3576923076923077
0.3548076923076923
0.37403846153846154
0.3721153846153846
0.36538461538461536
0.3625
0.37115384615384617
0.35865384615384616
0.35
0.35384615384615387
0.35096153846153844
0.34807692307692306
0.3490384615384615
0.35096153846153844
0.35673076923076924
0.3471153846153846
0.35
0.3528846153846154
0.3557692307692308
0.3625
0.36730769230769234
0.3605769230769231
0.375
0.35673076923076924
0.3576923076923077
0.3701923076923077
0.3596153846153846
0.36153846153846153
0.3663461538461538
0.36730769230769234
0.3605769230769231
0.3663461538461538
0.3644230769230769
0.36346153846153845
0.3625
0.37115384615384617
0.36538461538461536
0.3682692307692308
0.3663461538461538
0.36538461538461536
0.36346153846153845
0.3548076923076923
0.3605769230769231
0.3701923076923077
0.3778846153846154
0.3721153846153846
0.3663461538461538
0.36153846153846153
0.36538461538461536
0.36730769230769234
0.3682692307692308
0.34615384615384615
0.3557692307692308
0.3548076923076923
0.34615384615384615
0.36153846153846153
0.3625
0.36538461538461536
0.3625
0.3528846153846154
0.3605769230769231
0.3490384615384615
0.3384615384615385
0.35
0.35
0.35
0.3423076923076923
0.3423076923076923
0.3471153846153846
0.35
0.35192307692307695
0.3346153846153846
0.3423076923076923
0.35096153846153844
0.34615384615384615
0.33557692307692305
0.33557692307692305
0.3346153846153846
0.3451923076923077
0.3576923076923077
0.35384615384615387
0.34134615384615385
0.35384615384615387
0.3548076923076923
0.3605769230769231
0.3490384615384615
0.32211538461538464
0.33557692307692305
0.3557692307692308
0.36153846153846153
0.3644230769230769
0.36346153846153845
0.3605769230769231
0.3528846153846154
0.3596153846153846
0.36538461538461536
0.3605769230769231
0.3605769230769231
0.35673076923076924
0.36346153846153845
0.35384615384615387
0.36730769230769234
0.36346153846153845
0.37115384615384617
0.3644230769230769
0.3557692307692308
0.3769230769230769
0.3721153846153846
0.37596153846153846
0.3663461538461538
0.37403846153846154
0.3778846153846154
0.38269230769230766
0.3730769230769231
0.37115384615384617
0.3576923076923077
0.3605769230769231
0.3644230769230769
0.3557692307692308
0.33076923076923076
0.35
0.3490384615384615
0.35865384615384616
0.35096153846153844
0.3605769230769231
0.36153846153846153
0.3605769230769231
0.36153846153846153
0.3471153846153846
0.3557692307692308
0.36346153846153845
0.35865384615384616
0.36538461538461536
0.3625
0.3605769230769231
0.3605769230769231
0.35192307692307695
0.3605769230769231
0.3721153846153846
0.3576923076923077
0.3701923076923077
0.3644230769230769
0.3596153846153846
0.36538461538461536
0.3576923076923077
0.3701923076923077
0.37596153846153846
0.3855769230769231
0.3798076923076923
0.3778846153846154
0.3769230769230769
0.3682692307692308
0.3644230769230769
0.3625
0.3576923076923077
0.35865384615384616
0.3596153846153846
0.37115384615384617
0.36923076923076925
0.3730769230769231
0.3682692307692308
0.3769230769230769
0.35384615384615387
0.3663461538461538
0.3625
0.37403846153846154
0.37115384615384617
0.375
0.36923076923076925
0.37115384615384617
0.3730769230769231
0.3682692307692308
0.37403846153846154
0.3721153846153846
0.3798076923076923
0.37884615384615383
0.3730769230769231
0.3682692307692308
0.36730769230769234
0.35096153846153844
0.3605769230769231
0.36346153846153845
0.35096153846153844
0.36346153846153845
0.3682692307692308
0.3730769230769231
0.3778846153846154
0.3701923076923077
0.36923076923076925
0.3730769230769231
0.37115384615384617
0.3701923076923077
0.36538461538461536
0.36923076923076925
0.3644230769230769
0.375
0.3682692307692308
0.3721153846153846
0.3721153846153846
0.3730769230769231
0.37596153846153846
0.37884615384615383
0.3730769230769231
0.3951923076923077
0.3903846153846154
0.3817307692307692
0.3663461538461538
0.3644230769230769
0.3730769230769231
0.37596153846153846
0.36923076923076925
0.36730769230769234
0.36923076923076925
0.36538461538461536
0.35673076923076924
0.3576923076923077
0.36346153846153845
0.35384615384615387
0.35673076923076924
0.35192307692307695
0.3596153846153846
0.35384615384615387
0.3423076923076923
0.3576923076923077
0.3721153846153846
0.3644230769230769
0.3644230769230769
0.35673076923076924
0.3490384615384615
0.35
0.3557692307692308
0.3490384615384615
0.34807692307692306
0.35096153846153844
0.3596153846153846
0.35865384615384616
0.3596153846153846
0.3625
0.3605769230769231
0.35865384615384616
0.35865384615384616
0.35
0.35192307692307695
0.3682692307692308
0.36538461538461536
0.3625
0.36153846153846153
0.3576923076923077
0.34807692307692306
0.36538461538461536
0.3548076923076923
0.3625
0.34134615384615385
0.35096153846153844
0.3490384615384615
0.3403846153846154
0.3451923076923077
0.34423076923076923
0.35
0.33942307692307694
0.35096153846153844
0.34807692307692306
0.3557692307692308
0.35384615384615387
0.33942307692307694
0.3298076923076923
0.3230769230769231
0.33653846153846156
0.3375
0.34134615384615385
0.34423076923076923
0.3384615384615385
0.33942307692307694
0.3451923076923077
0.35096153846153844
0.3375
0.33365384615384613
0.3471153846153846
0.35192307692307695
0.3451923076923077
0.34615384615384615
0.34423076923076923
0.35096153846153844
0.35192307692307695
0.3471153846153846
0.34807692307692306
0.3326923076923077
0.3451923076923077
