0.0375
0.09807692307692308
0.1576923076923077
0.17596153846153847
0.18653846153846154
0.19230769230769232
0.20961538461538462
0.2221153846153846
0.24519230769230768
0.27307692307692305
0.30865384615384617
0.34326923076923077
0.3730769230769231
0.3894230769230769
0.4
0.40865384615384615
0.42596153846153845
0.44326923076923075
0.4567307692307692
0.475
0.4807692307692308
0.49230769230769234
0.5048076923076923
0.5144230769230769
0.5182692307692308
0.5125
0.5221153846153846
0.5326923076923077
0.5336538461538461
0.5346153846153846
0.5336538461538461
0.5298076923076923
0.5336538461538461
0.5442307692307692
0.5471153846153847
0.5480769230769231
0.5548076923076923
0.5576923076923077
0.5596153846153846
0.5673076923076923
0.5673076923076923
0.5721153846153846
0.5759615384615384
0.5788461538461539
0.5846153846153846
0.5855769230769231
0.5865384615384616
0.5884615384615385
0.5894230769230769
0.5913461538461539
0.5951923076923077
0.6
0.6038461538461538
0.6076923076923076
0.6163461538461539
0.6192307692307693
0.6192307692307693
0.6182692307692308
0.6201923076923077
0.6240384615384615
0.6269230769230769
0.6269230769230769
0.6298076923076923
0.6307692307692307
0.6317307692307692
0.6307692307692307
0.6317307692307692
0.6336538461538461
0.6298076923076923
0.6269230769230769
0.6298076923076923
0.6307692307692307
0.6307692307692307
0.6298076923076923
0.6288461538461538
0.6298076923076923
0.6317307692307692
0.6326923076923077
0.635576923076923
0.6365384615384615
0.6298076923076923
0.6307692307692307
0.6269230769230769
0.6259615384615385
0.6278846153846154
0.6269230769230769
0.6240384615384615
0.6259615384615385
0.6240384615384615
0.625
0.6278846153846154
0.6288461538461538
0.6307692307692307
0.6326923076923077
0.6365384615384615
0.6346153846153846
0.6365384615384615
0.6384615384615384
0.6423076923076924
0.6413461538461539
0.6471153846153846
0.65
0.6519230769230769
0.6548076923076923
0.6576923076923077
0.6615384615384615
0.6634615384615384
0.6644230769230769
0.6634615384615384
0.6625
0.6634615384615384
0.6625
0.6625
0.6634615384615384
0.6605769230769231
0.6586538461538461
0.6625
0.6615384615384615
0.6634615384615384
0.6615384615384615
0.6644230769230769
0.6663461538461538
0.6673076923076923
0.6682692307692307
0.6692307692307692
0.6692307692307692
0.6711538461538461
0.6701923076923076
0.6701923076923076
0.6682692307692307
0.6673076923076923
0.6663461538461538
0.6653846153846154
0.6701923076923076
0.6673076923076923
0.6692307692307692
0.6682692307692307
0.6653846153846154
0.6682692307692307
0.6701923076923076
0.6721153846153847
0.6740384615384616
0.675
0.6798076923076923
0.6778846153846154
0.6807692307692308
0.6798076923076923
0.6788461538461539
0.6798076923076923
0.6798076923076923
0.6778846153846154
0.6798076923076923
0.6817307692307693
0.6807692307692308
0.6817307692307693
0.6788461538461539
0.676923076923077
0.6759615384615385
0.6788461538461539
0.6788461538461539
0.6759615384615385
0.6759615384615385
0.6759615384615385
0.6778846153846154
0.675
0.676923076923077
0.676923076923077
0.6759615384615385
0.6759615384615385
0.676923076923077
0.6788461538461539
0.6798076923076923
0.6788461538461539
0.6798076923076923
0.6807692307692308
0.6807692307692308
0.6807692307692308
0.6807692307692308
0.6798076923076923
0.6798076923076923
0.6798076923076923
0.6826923076923077
0.6846153846153846
0.6855769230769231
0.6865384615384615
0.6855769230769231
0.6865384615384615
0.6836538461538462
0.6855769230769231
0.6846153846153846
0.6826923076923077
0.6846153846153846
0.6875
0.6913461538461538
0.6903846153846154
0.6913461538461538
0.6932692307692307
0.6971153846153846
0.6971153846153846
0.6990384615384615
0.6990384615384615
0.7057692307692308
0.7028846153846153
0.7038461538461539
0.7048076923076924
0.7057692307692308
0.7057692307692308
0.7038461538461539
0.7038461538461539
0.7048076923076924
0.7076923076923077
0.7067307692307693
0.7086538461538462
0.7096153846153846
0.7096153846153846
0.7105769230769231
0.7125
0.7125
0.7115384615384616
0.7134615384615385
0.7153846153846154
0.7144230769230769
0.7153846153846154
0.7163461538461539
0.7192307692307692
0.7173076923076923
0.7182692307692308
0.7173076923076923
0.7173076923076923
0.7182692307692308
0.7201923076923077
0.7201923076923077
0.7211538461538461
0.7211538461538461
0.7221153846153846
0.7240384615384615
0.7259615384615384
0.7269230769230769
0.725
0.7240384615384615
0.7240384615384615
0.7259615384615384
0.7259615384615384
0.7269230769230769
0.7259615384615384
0.7259615384615384
0.7259615384615384
0.725
0.7259615384615384
0.7269230769230769
0.7288461538461538
0.7298076923076923
0.7336538461538461
0.7307692307692307
0.7317307692307692
0.7326923076923076
0.7317307692307692
0.7336538461538461
0.7326923076923076
0.7365384615384616
0.7355769230769231
0.7355769230769231
0.7336538461538461
0.7336538461538461
0.7336538461538461
0.7326923076923076
0.7326923076923076
0.7336538461538461
0.7336538461538461
0.7326923076923076
0.7336538461538461
0.7355769230769231
0.7375
0.7375
0.7355769230769231
0.7355769230769231
0.7346153846153847
0.7355769230769231
0.7355769230769231
0.7346153846153847
0.7346153846153847
0.7336538461538461
0.7336538461538461
0.7346153846153847
0.7346153846153847
0.7355769230769231
0.7346153846153847
0.7355769230769231
0.7346153846153847
0.7346153846153847
0.7355769230769231
0.7346153846153847
0.7346153846153847
0.7346153846153847
0.7326923076923076
0.7307692307692307
0.7307692307692307
0.7326923076923076
0.7346153846153847
0.7326923076923076
0.7317307692307692