0.4625349287915344
0.038045363145059206
0.03739773067899152
0.03692311241797441
0.03683942277487489
0.03700749445798245
0.03742669445061981
0.037640628349437225
0.03744228307880242
0.03689299528093949
0.036288213415269124
0.035522248904593365
0.03510694956754213
0.03542846943249657
0.036233434340098035
0.03720539005550202
0.038372769585260036
0.03979272042325328
0.04124723793663781
0.04208723336069978
0.04195529815997979
0.04142560224405584
0.040133672437949394
0.03872167979065312
0.0373928317496688
0.03630973591340358
0.03526191568756379
0.03413056857736945
0.03314093409282707
0.032259210624592166
0.03147424227154116
0.030762967920833603
0.030084269342144962
0.029447683935197644
0.028856274720521585
0.028338928538920283
0.027875358633876125
0.027469173506822743
0.027151370986101608
0.026898724603686273
0.026704115360244973
0.026542074822759432
0.026394006985997163
0.02624693488033435
0.026109044543541418
0.02595146905878717
0.02580555699724876
0.0256815185378115
0.02557347392076903
0.025451930386150026
0.025323754131037463
0.02515226369502685
0.02497703213190455
0.02481506197822692
0.024674179558345888
0.02456040536271639
0.0244645497387488
0.024393870994873248
0.024357637303963918
0.024346122519469684
0.02434375947809331
0.024345937253559758
0.02436764774758844
0.024404249128799124
0.024436362167272494
0.02448411683242146
0.02454263814891587
0.024608956518614528
0.024678592630967684
0.024745357638969897
0.02480191556459407
0.024872640850286242
0.024947423115700026
0.025026236808549592
0.02509806226544229
0.025161992683529887
0.02523249419990921
0.025289497633101066
0.02533568796793404
0.025378436679818116
0.025421465573636014
0.025458285787703056
0.025489242544219543
0.025523865552021217
0.025571391911986943
0.025608573438683738
0.02563647010979072
0.02565424319545759
0.025665199482332174
0.025662783641685245
0.025640114200514336
0.025605352413509256
0.02555679248124438
0.02549882532650293
0.02542822156395403
0.025344746833456253
0.025253255485839555
0.02514830487034028
0.025041578278428234
0.024917559724250988
0.024790192759847274
0.024663851182784684
0.02452369050028806
0.024360057429478915
0.02419686043310147
0.024022404896347816
0.023841797938963894
0.023664529792502935
0.023491978535666314
0.023328024033958637
0.023167858597919637
0.023011108891319663
0.02285732206853581
0.02270454274768648
0.022560776413727574
0.022425878812077377
0.02230448418504745
0.02219384876124015
0.022096000098853336
0.022008949469898693
0.02193011308435283
0.021862597115919074
0.02180205034009746
0.02174645944463345
0.021694236144510444
0.021647396855697318
0.02160897846767335
0.021576897225414504
0.021551399869729433
0.02152716107803774
0.021511304315145793
0.021497691942646665
0.021487129319916812
0.021478838117034483
0.021469762247361884
0.02146403371278384
0.02146013155845738
0.021461633966853872
0.021466117646081275
0.02146855727578384
0.0214719812710589
0.021476670985334664
0.021480057350720116
0.021478707111888328
0.021478964523173424
0.021480866550199963
0.02148331422421769
0.021486371672137152
0.021487753588067128
0.021487977353535873
0.021485837037315728
0.021478225578169502
0.021471613740323272
0.021467290103191042
0.021468078464147892
0.02146786491077018
0.021469283625950453
0.021468268475460923
0.021467057537457035
0.02146915723745355
0.021472849340620357
0.021477160025719127
0.021480754679106734
0.021480536749656092
0.02147918260132958
0.02147510362759109
0.021465667133189967
0.021459333006167716
0.021451831568127584
0.021445671854632104
0.021437351314669933
0.021429605588363102
0.021422657035488703
0.02141390945958639
0.021402224151625068
0.021385739788368982
0.021369894118105522
0.02134663457937958
0.02132342372422383
0.021300906546299046
0.02127704778105103
0.02125488859794561
0.02122778416844873
0.021204385566365096
0.021183587747606536
0.021163415713372144
0.021136341081586033
0.021106930147244164
0.02107569866639325
0.021045277142325788
0.021016206244950437
0.02098751489455875
0.020962932510311953
0.020939982745890335
0.02092168600209178
0.020908526575832764
0.020899745639401765
0.02089098719534537
0.02088074925497225
0.02087149892915807
0.020869454446897768
0.0208747932195393
0.020880829299906603
0.02088507235076679
0.020887210249924584
0.020888165034130664
0.020882728380691645
0.020876178246322687
0.020870362912122024
0.020867079410133417
0.02086647204191903
0.020866465415526083
0.020861597722571297
0.020857866377348364
0.020855325053533488
0.020853512265553955
0.020851570270235858
0.02084918851480094
0.02084762787822705
0.02084419564332906
0.02083949289663121
0.020839257640866866
0.02084203655710927
0.020847976787903684
0.020854306020064644
0.020862558083366102
0.020871713056680882
0.020880145699946607
0.020888678605415108
0.020895830685583015
0.020901798803371976
0.020903063559660394
0.020903692395782724
0.020903844048861395
0.020904174388579992
0.020903491801188733
0.020901808338967324
0.020900722393390476
0.02089889768292319
0.02089371961479655
0.020885410178834614
0.02087600965212477
0.02086391247521718
0.020848216110616494
0.02083059767398443
0.02080852322789505
0.020782016414090904
0.020753077295897145
0.020724389584487305
0.0206960292034438
0.020665778702843248
0.02063362089299601
0.020601106398547644
0.020570590220827512
0.02053831717051187
0.020504886097141708
0.020471700485440093
0.02043899702867992
0.020404770308723383
0.020369552380948765
0.020332045970542743
0.020295801338167982
0.020262410980968336
0.020232303510171898
0.020202674938045753
0.020174020962316373
0.020148897910084562
0.020127375024637174
0.020107664057091818
0.020090821866714802
0.0200770010443048
0.020065363310880883
0.02005587906181044
0.020048966283065513
0.020043331072227603
0.020038862426677868
0.020035361881599007
0.02003452930448658
0.020035745587571433
0.020037491067352683
0.02004122731919063
0.020046976648826688
0.020053085746762532
0.020060589905696303
0.02006993986020079
0.020080168679105465
0.020090926667078048
0.020101121545959267
0.020112120258904305
0.020123956991586082
0.02013544766329769
0.02014666176499254
0.020156961357767414
0.02016537077282038
0.020171832080323988
0.020177197345725473
0.020182831034590076
0.020186665473613842
0.02018955757351606
0.020191888212644248
0.020194092309697494