0.04326923076923077
0.11730769230769231
0.18461538461538463
0.2125
0.2423076923076923
0.2548076923076923
0.28557692307692306
0.29903846153846153
0.3038461538461538
0.3278846153846154
0.33653846153846156
0.3384615384615385
0.3346153846153846
0.35192307692307695
0.3557692307692308
0.3663461538461538
0.3798076923076923
0.3855769230769231
0.40865384615384615
0.41923076923076924
0.4269230769230769
0.4394230769230769
0.4442307692307692
0.44711538461538464
0.4548076923076923
0.46634615384615385
0.4807692307692308
0.4894230769230769
0.49038461538461536
0.5
0.5
0.4980769230769231
0.48846153846153845
0.48365384615384616
0.4826923076923077
0.48846153846153845
0.4894230769230769
0.49423076923076925
0.49903846153846154
0.5115384615384615
0.5201923076923077
0.5336538461538461
0.5394230769230769
0.5346153846153846
0.5365384615384615
0.5451923076923076
0.5490384615384616
0.5451923076923076
0.5403846153846154
0.5403846153846154
0.5403846153846154
0.5365384615384615
0.5355769230769231
0.5317307692307692
0.5326923076923077
0.5403846153846154
0.5375
0.5413461538461538
0.5442307692307692
0.5509615384615385
0.5538461538461539
0.5567307692307693
0.5605769230769231
0.5682692307692307
0.5788461538461539
0.5836538461538462
0.5884615384615385
0.5951923076923077
0.5951923076923077
0.5980769230769231
0.6
0.6
0.6038461538461538
0.6067307692307692
0.6086538461538461
0.6076923076923076
0.6115384615384616
0.614423076923077
0.6134615384615385
0.6067307692307692
0.6076923076923076
0.6086538461538461
0.6086538461538461
0.6105769230769231
0.6105769230769231
0.6115384615384616
0.6125
0.6182692307692308
0.6134615384615385
0.6134615384615385
0.614423076923077
0.6201923076923077
0.6230769230769231
0.625
0.6288461538461538
0.6346153846153846
0.6375
0.6423076923076924
0.6375
0.6384615384615384
0.6365384615384615
