0.467204521545644
0.10452736774143151
0.08048449719262751
0.07526995622875805
0.07424066130832926
0.05089179996352283
0.04935660600811139
0.04704401672502459
0.045128819553274385
0.04403131519969407
0.04525271560283797
0.047597441247201444
0.050884459735341336
0.05366189126261607
0.056303896675162605
0.05740057627973555
0.056436413344983304
0.054766707546506685
0.053959289287077356
0.05250466702484594
0.05140379967108238
0.04985597735803852
0.04769395090807089
0.04593682465072402
0.044578406672737166
0.04370342118375398
0.043275829249852314
0.04280906283571225
0.0422526619477133
0.04186946432783663
0.04156670257482431
0.04156448375206528
0.04172061491921516
0.04201464510489037
0.04179295784903868
0.04150582121236198
0.04103733231234341
0.04040847344463481
0.03911545829056468
0.03793917034559419
0.03699647091860777
0.03639088666529085
0.03600850279948003
0.03564185334340106
0.0354330831096351
0.035234872069962314
0.035038506721660916
0.03506647796487156
0.03527186574691875
0.03544618979538981
0.035510244903687656
0.03546250395234396
0.035345621239121675
0.03536151131039253
0.03558035574483954
0.03567377462683772
0.03562081479828222
0.0355617883935121
0.035450788820900095
0.03514455734697036
0.034770496757140876
0.0344121145643189
0.034016506593092466
0.03359791192799991
0.03314335233813542
0.0326931100994496
0.032479287038935066
0.03228164138393036
0.03207875341774424
0.0319845465656299
0.03185213768814181
0.03163723208238265
0.03141914773550149
0.03133042313946459
0.03141334623690471
0.031454670986509274
0.03155502732916776
0.03159555899899869
0.031516124917354935
0.03142967159644126
0.031395540389061005
0.031398195657860464
0.031537610256543946
0.031746117005226414
0.031895438873217365
0.03201853791434276
0.032015218608873075
0.031952108345432155
0.031902862549409196
0.03188185084850609
0.031887828959875235
0.03191419249629977
0.03202279927386576
0.03220199182065806
0.032289879050216526
0.032285118836868416
0.03227233620358947
0.03223607734432997
0.03228292401270515
0.03241960215148935
0.03257387657333726
