0.46762157595844744
0.08690306197237797
0.06994255146499943
0.06311213556540167
0.065219826695343
0.051106069909706016
0.04807018763379343
0.04472211291791242
0.042807917022058745
0.04251030625312893
0.04404403233941017
0.04651973558440856
0.048571144927844645
0.050073741519719106
0.051800865082815034
0.05222891542152947
0.050842925152716635
0.049238637113881836
0.047499837598155153
0.04598684876403026
0.04494425109484507
0.043905408555916285
0.042903969831243255
0.042037208045715514
0.041203705848246515
0.04037256006223511
0.03989630484798952
0.0397389585674144
0.039826454503284654
0.03968921626437509
0.039404753482992515
0.03909491379882886
0.03877430022718564
0.03843476739125781
0.03773094103581257
0.03680510108089008
0.03565688630914365
0.03450188834838955
0.03353744093803601
0.032937700749533894
0.03252548693705628
0.03229872757274859
0.032252587123098406
0.032212769921563654
0.032135012482177955
0.03198191023012048
0.03191642302902359
0.031957871634317854
0.03208798258156504
0.032288945298011504
0.032452166578659535
0.03259865993265586
0.032778172517784
0.03297007730409971
0.03324161538674822
0.03338446893608939
0.03336656106998122
0.033242078700278954
0.032977219499522425
0.032551826412825585
0.03213782991993778
0.03177844876250429
0.031424622505975205
0.031064098960936665
0.030788209357873936
0.030542889863818052
0.03029188688706767
0.029991181155337287
0.02969691282035778
0.029473189167587503
0.029358218735749016
0.02936415130860901
0.029410227663623726
0.02945071596098317
0.029453655889153815
0.02937687214936288
0.029279406920219957
0.029234737403745308
0.02925327594409072
0.029295782592324654
0.02933378745801974
0.029399684612861434
0.0294792982018843
0.029555603325584264
0.029619663202249055
0.029692413755819155
0.029800563691161373
0.02992556694263611
0.030019964829620802
0.03009213401215961
0.030168367787771676
0.030267948104033982
0.03037684594144818
0.030508859056334894
0.030676048833212424
0.030869851911072436
0.031084984868401087
0.03129789659290717
0.03151437019252718
0.0317288823226274
0.03193003630430637
