0.4651288310666707
0.07015155810654213
0.06245391745497005
0.05637529930842262
0.05910587562790196
0.054683932571201875
0.050284829280641825
0.04460126753636382
0.04224754323901359
0.04209691402015664
0.043402883695007666
0.04519468552737117
0.0464992562768713
0.04739504544860739
0.04821384694470298
0.04790282178889105
0.046555915404716125
0.04509661689586466
0.04347462292490214
0.04152348983471833
0.039597749489994546
0.038217198694389505
0.03749614580283574
0.037025131291537866
0.036479753897065134
0.03594057143607187
0.03546209962734105
0.03488972371028054
0.0345559011496272
0.034213625163610074
0.03400403727052721
0.033923873289760986
0.03402275017224567
0.03415969347603801
0.033953220351251916
0.033560633810832234
0.033035908812899674
0.032496195516941356
0.0319387516040204
0.03142442849450346
0.030984763806700684
0.030715170150909455
0.030481295268136938
0.030263407683357745
0.030119813683909764
0.030055955412203097
0.030136546701774534
0.03033985836761623
0.030548063924685506
0.030753140963379305
0.03093816875898526
0.031081372652531688
0.031197666436345306
0.031270007861531494
0.03132791348793846
0.03133354231429521
0.031276533157631334
0.03114976156174184
0.030951696865704936
0.030614909457432813
0.030223851869322915
0.029855831333328937
0.0294560639865094
0.02902820544114186
0.028666640003666456
0.028385787882759028
0.028173227630608526
0.028017534873468336
0.02790117308298266
0.027809421614265608
0.027725699681444827
0.027668405570808182
0.027628477517001357
0.027592546148050238
0.027555238900074705
0.027514815280322406
0.027486011776087702
0.027464928427846938
0.027454833133729956
0.027483828591643805
0.027531301752540798
0.027609400874083753
0.027703296551090766
0.027798976601285514
0.02787400488979597
0.027928243974977156
0.027955225543049293
0.027943712202736313
0.027896785693660314
0.027835991324113112
0.027767158181474082
0.027708368950645264
0.027655631751495435
0.027609837267972927
0.027562584318701712
0.027516078329314526
0.027488892480735525
0.027482103379951415
0.02747482488405744
0.027470647109662717
0.027476267619403277
