0.04519230769230769
0.11826923076923077
0.18557692307692308
0.18942307692307692
0.20384615384615384
0.2548076923076923
0.27307692307692305
0.29134615384615387
0.30480769230769234
0.3144230769230769
0.3298076923076923
0.35096153846153844
0.35384615384615387
0.3548076923076923
0.3605769230769231
0.3548076923076923
0.3644230769230769
0.3730769230769231
0.3903846153846154
0.4115384615384615
0.4173076923076923
0.4269230769230769
0.4221153846153846
0.4346153846153846
0.4423076923076923
0.4528846153846154
0.45
0.45865384615384613
0.4596153846153846
0.4567307692307692
0.45
0.45
0.45
0.4548076923076923
0.46057692307692305
0.475
0.4932692307692308
0.5019230769230769
0.5057692307692307
0.5182692307692308
0.5163461538461539
0.5173076923076924
0.5201923076923077
0.5230769230769231
0.5182692307692308
0.5221153846153846
0.5278846153846154
0.5317307692307692
0.5259615384615385
0.5201923076923077
0.5211538461538462
0.5230769230769231
0.5182692307692308
0.5221153846153846
0.5240384615384616
0.5240384615384616
0.5298076923076923
0.5278846153846154
0.5307692307692308
0.5336538461538461
0.5432692307692307
0.5480769230769231
0.5480769230769231
0.5538461538461539
0.5615384615384615
0.5673076923076923
0.5711538461538461
0.5692307692307692
0.5778846153846153
0.5836538461538462
0.5884615384615385
0.5903846153846154
0.5932692307692308
0.5961538461538461
0.5990384615384615
0.6038461538461538
0.6067307692307692
0.6086538461538461
0.6134615384615385
0.6115384615384616
0.6115384615384616
0.6115384615384616
0.614423076923077
0.6192307692307693
0.6173076923076923
0.6163461538461539
0.6163461538461539
0.6153846153846154
0.6182692307692308
0.6182692307692308
0.6211538461538462
0.6240384615384615
0.6288461538461538
0.6346153846153846
0.6326923076923077
0.6346153846153846
0.6317307692307692
0.6326923076923077
0.6326923076923077
0.6336538461538461
0.6298076923076923
