0.038461538461538464
0.12307692307692308
0.19038461538461537
0.18653846153846154
0.18653846153846154
0.24807692307692308
0.2653846153846154
0.2798076923076923
0.28557692307692306
0.29134615384615387
0.3038461538461538
0.32884615384615384
0.33365384615384613
0.3384615384615385
0.3375
0.3375
0.3317307692307692
0.35384615384615387
0.36153846153846153
0.3721153846153846
0.38653846153846155
0.40384615384615385
0.4173076923076923
0.4288461538461538
0.4355769230769231
0.4423076923076923
0.45096153846153847
0.45
0.45576923076923076
0.45576923076923076
0.45865384615384613
0.45576923076923076
0.45576923076923076
0.4528846153846154
0.45384615384615384
0.4567307692307692
0.45865384615384613
0.46826923076923077
0.47115384615384615
0.4826923076923077
0.4932692307692308
0.49038461538461536
0.5
0.49615384615384617
0.5009615384615385
0.5038461538461538
0.5067307692307692
0.510576923076923
0.5144230769230769
0.5125
0.5163461538461539
0.5153846153846153
0.5163461538461539
0.5096153846153846
0.5076923076923077
0.5144230769230769
0.5134615384615384
0.5182692307692308
0.5221153846153846
0.525
0.5298076923076923
0.5336538461538461
0.5365384615384615
0.5432692307692307
0.5461538461538461
0.5528846153846154
0.5653846153846154
0.5653846153846154
0.5663461538461538
0.5711538461538461
0.5759615384615384
0.5798076923076924
0.5826923076923077
0.5903846153846154
0.5903846153846154
0.5923076923076923
0.5942307692307692
0.5980769230769231
0.6028846153846154
0.6028846153846154
0.6038461538461538
0.6057692307692307
0.6086538461538461
0.6105769230769231
0.6115384615384616
0.6192307692307693
0.6173076923076923
0.6182692307692308
0.6201923076923077
0.6211538461538462
0.6211538461538462
0.6211538461538462
0.6201923076923077
0.625
0.6211538461538462
0.6240384615384615
0.6259615384615385
0.6259615384615385
0.6240384615384615
0.6230769230769231
0.6269230769230769
