0.046153846153846156
0.12115384615384615
0.18365384615384617
0.17692307692307693
0.18846153846153846
0.25096153846153846
0.27115384615384613
0.28365384615384615
0.2923076923076923
0.2971153846153846
0.3192307692307692
0.33942307692307694
0.33653846153846156
0.3423076923076923
0.34134615384615385
0.34423076923076923
0.3490384615384615
0.3625
0.37884615384615383
0.3894230769230769
0.40673076923076923
0.4201923076923077
0.41923076923076924
0.4269230769230769
0.43365384615384617
0.44519230769230766
0.4480769230769231
0.4567307692307692
0.45576923076923076
0.44519230769230766
0.4461538461538462
0.4480769230769231
0.4423076923076923
0.44326923076923075
0.44519230769230766
0.4548076923076923
0.4653846153846154
0.47115384615384615
0.48653846153846153
0.4951923076923077
0.4951923076923077
0.49615384615384617
0.5
0.5115384615384615
0.5144230769230769
0.5125
0.5173076923076924
0.5144230769230769
0.525
0.5240384615384616
0.5221153846153846
0.5163461538461539
0.5163461538461539
0.5144230769230769
0.5182692307692308
0.5201923076923077
0.5221153846153846
0.5259615384615385
0.5307692307692308
0.5355769230769231
0.5384615384615384
0.5461538461538461
0.5471153846153847
0.55
0.5548076923076923
0.5528846153846154
0.5548076923076923
0.5596153846153846
0.5682692307692307
0.5721153846153846
0.5759615384615384
0.5817307692307693
0.5798076923076924
0.5836538461538462
0.5894230769230769
0.5951923076923077
0.5980769230769231
0.5980769230769231
0.5990384615384615
0.6057692307692307
0.6105769230769231
0.6115384615384616
0.6096153846153847
0.6134615384615385
0.6153846153846154
0.6153846153846154
0.6134615384615385
0.6163461538461539
0.6182692307692308
0.6201923076923077
0.6240384615384615
0.6221153846153846
0.625
0.6278846153846154
0.6278846153846154
0.6317307692307692
0.6317307692307692
0.6336538461538461
0.6278846153846154
0.6259615384615385
0.625
