0.4630208572611875
0.09672381316220696
0.07532766242617163
0.06970839782976385
0.07043473834707725
0.050589651585719986
0.04822027622771927
0.04569768229032384
0.043886859571569146
0.043438198561186636
0.044933257134481396
0.0477696375733625
0.050537046699568544
0.05301565795358079
0.05542958216985363
0.05629734352503511
0.055174976481640714
0.05336897870066343
0.05159509260425029
0.04978037360053877
0.04855061248890276
0.04704910436471425
0.04536509818697337
0.04398243340409113
0.04299478038168233
0.04242323891000031
0.04187984545364546
0.041629228876992906
0.04146626533857961
0.04145026230994155
0.04142664787037624
0.04143676394786802
0.04150607352818092
0.04151729368882941
0.04108693961172386
0.04040680301655899
0.039258878500634364
0.038116217239403116
0.03680054751204441
0.03541513403173633
0.0347866893272422
0.03432236151983063
0.033987754439452365
0.033711640750256545
0.0335197389102881
0.03334400702852012
0.03332466654719811
0.033369936243548795
0.033461062084214385
0.03362866634797378
0.03380414181627495
0.03393394712013043
0.034063146629283045
0.03411301410868466
0.034170558514157894
0.034330647563996085
0.03448796588204767
0.03458707397672104
0.034596889737760636
0.03443062508660113
0.03416146033449556
0.033819254216578123
0.03343371584145781
0.03298555584502371
0.03261603741949097
0.03233907265494727
0.032078945138920754
0.031779517233336683
0.031530542070684356
0.03136326589598388
0.031171175996699427
0.03096402498561655
0.030762784643650187
0.030623221071149745
0.030539268089053603
0.030479967100855234
0.03049295438003231
0.03054262455910186
0.03057504889300094
0.03068101228225058
0.03086332662219827
0.030991425079431423
0.03107564137994436
0.031185247624001086
0.03129091400092101
0.03137058281966063
0.03144536029491167
0.03144167891603317
0.03140541896697614
0.03144282444967113
0.031520293483346236
0.03161621076576306
0.03169465659362221
0.03180458376828041
0.031879355400623643
0.03196405067301773
0.032035960719636596
0.032037641886867814
0.032030224935284866
0.032058690242814054
0.032119091883491435
